0
0.00238771
0.00412719
0.00297865
0.00288568
0.00249151
0.00212596
0.00188084
0.00190912
0.00170767
0.0016287
0.00152892
0.00146019
0.0013629
0.00127845
0.00133601
0.00126381
0.00121284
0.00115329
0.00112944
0.00108291
0.00103677
0.00109355
0.00106306
0.00105987
0.00102806
0.00108396
0.00108812
0.00105028
0.00101493
0.000982476
0.000979903
0.000985372
0.000965891
0.000956812
0.000937124
0.000915371
0.000892262
0.000877192
0.000858359
0.000837476
0.000819183
0.000802483
0.000811915
0.000816382
0.000802075
0.000810183
0.000830054
0.000814314
0.000798984
0.000795846
0.000780891
0.000766607
0.000774044
0.000764253
0.00075139
0.000738874
0.000726108
0.000714439
0.00070393
0.00069803
0.000690238
0.00068516
0.000674961
0.000669565
0.000659422
0.000651436
0.000647819
0.000640176
0.000638906
0.000629876
0.000621805
0.000613232
0.000605302
0.000597268
0.000589392
0.00058206
0.000576211
0.000574079
0.000567072
0.000560028
0.000557346
0.00055259
0.00055011
0.000549
0.000544619
0.000540038
0.000534395
0.00052864
0.000526396
0.000531306
0.000525612
0.000524367
0.000518928
0.000514077
0.000517719
0.000514811
0.000509631
0.000506138
0.000501266
