0.997939
0.995551
0.999441
0.998845
0.997112
0.996302
0.996009
0.996393
0.997339
0.99732
0.997836
0.998193
0.9978
0.997973
0.99813
0.998726
0.998576
0.998803
0.998685
0.998404
0.998268
0.998362
0.998825
0.998641
0.998352
0.998493
0.99805
0.997745
0.997718
0.997742
0.997782
0.998017
0.99828
0.998418
0.998607
0.998491
0.998406
0.998454
0.998335
0.998411
0.998388
0.998333
0.998397
0.998608
0.998417
0.998493
0.998694
0.998939
0.998986
0.998944
0.999085
0.999057
0.999088
0.99927
0.999188
0.999151
0.999185
0.999174
0.999141
0.999187
0.999276
0.999346
0.999437
0.999465
0.999547
0.999557
0.999608
0.999519
0.999568
0.999467
0.999461
0.99943
0.999428
0.999406
0.999395
0.999389
0.99941
0.999453
0.999531
0.999515
0.999514
0.999582
0.999629
0.999696
0.999773
0.99982
0.999777
0.999754
0.999736
0.999798
0.999692
0.999681
0.999749
0.999736
0.99971
0.999614
0.999664
0.999654
0.999695
0.99971