0
0.00607336
0.00583636
0.00779458
0.0081362
0.00937312
0.00984469
0.0108209
0.0113196
0.0122301
0.0125743
0.0133978
0.0136391
0.0143123
0.0147755
0.015371
0.0155947
0.0162517
0.0166998
0.0172522
0.0173423
0.0180216
0.0185578
0.018606
0.0192613
0.0196795
0.0200743
0.0200783
0.0209609
0.0210122
0.0216656
0.0218059
0.0222732
0.022618
0.0228053
0.0231685
0.0233506
0.0240008
0.0241566
0.0243924
0.0245798
0.0248222
0.0251408
0.0259941
0.0261152
0.0266391
0.0264999
0.0264631
0.0273947
0.0273963
0.0279279
0.0279583
0.0281315
0.028442
0.0282726
0.0288055
0.029197
0.0294563
0.0297463
0.0299133
0.0299069
0.0305593
0.0310931
0.0312992
0.0306594
0.0313614
0.0314882
0.0319712
0.0326001
0.0325349
0.0320379
0.0326877
0.0329009
0.0336739
0.0332131
0.0338424
0.0339122
0.0338351
0.0343395
0.0344768
0.0348471
0.0347403
0.0353955
0.0354637
0.0359626
0.0363383
0.0366164
0.0366732
0.0366118
0.0366613
0.0367805
0.0372495
0.0372336
0.0372318
0.0381713
0.0375793
0.0375465
0.0381546
0.0387151
0.0386629
