1
1.28091
1.63008
1.83757
2.09256
2.26235
2.44471
2.60743
2.76512
2.93119
3.06915
3.1989
3.35144
3.45358
3.58796
3.66736
3.82351
3.92851
4.04039
4.14842
4.23295
4.32743
4.42812
4.5165
4.61207
4.70463
4.79777
4.82436
4.96615
5.04574
5.14333
5.17786
5.34072
5.38682
5.47006
5.56435
5.61709
5.71337
5.74898
5.82549
5.91225
5.96919
6.02362
6.11801
6.15158
6.24791
6.32452
6.31624
6.46241
6.52305
6.61963
6.64492
6.66401
6.7753
6.80381
6.94408
6.94265
7.04039
7.11272
7.14905
7.20276
7.27895
7.28311
7.40431
7.37999
7.4987
7.49131
7.56784
7.69106
7.72032
7.72327
7.80024
7.86597
7.93752
7.97573
7.96817
8.06397
8.12857
8.20208
8.25492
8.32452
8.35996
8.4248
8.47231
8.47235
8.58577
8.60923
8.67436
8.68593
8.70778
8.80055
8.87036
8.91357
8.8855
8.93378
9.00965
9.00258
9.16058
9.12038
9.17534
