0
0.000429896
0.000506258
0.000362975
0.000293039
0.000273015
0.000244221
0.000239162
0.000240522
0.0002158
0.000205574
0.000193457
0.000181472
0.000168672
0.000158674
0.000151029
0.000147276
0.000141423
0.00013462
0.000127793
0.000121785
0.000116562
0.000111383
0.000111787
0.000107692
0.000108006
0.000103929
0.000102864
9.93764e-05
9.67511e-05
9.45929e-05
9.22067e-05
8.97551e-05
8.72673e-05
8.49565e-05
8.44417e-05
8.30158e-05
8.08862e-05
7.9519e-05
7.87309e-05
7.68749e-05
7.60847e-05
7.42946e-05
7.35568e-05
7.20258e-05
7.04449e-05
7.57681e-05
7.44071e-05
7.48122e-05
7.36347e-05
7.52129e-05
7.37675e-05
7.24485e-05
7.21071e-05
7.07935e-05
6.97613e-05
6.85523e-05
6.76e-05
6.64649e-05
6.53941e-05
6.88715e-05
6.7786e-05
6.67609e-05
6.5711e-05
6.55806e-05
6.50215e-05
6.43199e-05
6.37284e-05
6.32015e-05
6.24807e-05
6.28471e-05
6.31319e-05
6.23069e-05
6.14601e-05
6.0639e-05
6.01766e-05
6.00969e-05
5.95565e-05
5.90893e-05
5.86964e-05
5.79768e-05
5.81788e-05
5.78657e-05
5.77372e-05
5.74969e-05
5.68334e-05
5.63203e-05
5.59507e-05
5.54605e-05
5.49183e-05
5.74962e-05
5.69886e-05
5.71726e-05
5.6605e-05
5.6069e-05
5.54829e-05
5.63902e-05
5.5814e-05
5.5248e-05
5.48307e-05
