0.999186
0.999616
1.00006
1.00012
1.00003
0.999903
0.999983
1.00009
1.00021
1.00023
1.00016
1.00012
1.00008
1.00007
1.00009
1.00006
1.0001
1.00013
1.00014
1.00014
1.00013
1.00012
1.00012
1.00009
1.00007
1.00011
1.00011
1.00008
1.00009
1.0001
1.00011
1.0001
1.00011
1.0001
1.00011
1.00013
1.00014
1.00014
1.00013
1.00014
1.00014
1.00016
1.00016
1.00017
1.00016
1.00016
1.00013
1.00014
1.00012
1.00013
1.00011
1.00011
1.00011
1.00012
1.00012
1.00012
1.00011
1.00012
1.00012
1.00012
1.0001
1.0001
1.00009
1.0001
1.00008
1.00009
1.00009
1.00008
1.00007
1.00008
1.00006
1.00008
1.00007
1.00007
1.00008
1.00007
1.00006
1.00006
1.00006
1.00007
1.00007
1.00006
1.00005
1.00006
1.00006
1.00007
1.00006
1.00006
1.00005
1.00005
1.00007
1.00007
1.00008
1.00008
1.00008
1.00008
1.00009
1.00009
1.00009
1.00009
