1
1.32028
1.61588
1.86183
2.05822
2.26281
2.4444
2.62358
2.76277
2.93128
3.05371
3.1684
3.31501
3.44704
3.5498
3.67562
3.77872
3.89321
4.0195
4.0943
4.20518
4.29688
4.39106
4.47869
4.57386
4.65779
4.77609
4.84175
4.93493
4.98482
5.13337
5.20835
5.26784
5.39722
5.42137
5.52545
5.51802
5.61795
5.73191
5.84108
5.87334
5.91946
6.04587
6.15139
6.13751
6.17951
6.2986
6.38165
6.42492
6.5295
6.5747
6.6187
6.65564
6.78245
6.80106
6.88494
6.96731
7.01747
7.05597
7.08367
7.19501
7.20146
7.24663
7.32425
7.37932
7.45762
7.47945
7.53945
7.64361
7.63715
7.76167
7.78143
7.87766
7.89853
7.95756
7.97947
7.99835
8.10021
8.10818
8.21531
8.21231
8.27794
8.35079
8.44414
8.49199
8.53971
8.49906
8.57891
8.61447
8.67171
8.76521
8.80689
8.83376
8.84915
8.97502
8.95231
8.9997
9.11949
9.1374
9.17873
