0
0.00508508
0.0061656
0.00749934
0.00841465
0.00934283
0.0101947
0.0108749
0.011813
0.0124063
0.0129726
0.0136399
0.0140655
0.0148364
0.0151401
0.0155186
0.0161215
0.0167237
0.0171019
0.0177325
0.0183212
0.018583
0.0189665
0.0194905
0.0200438
0.0203305
0.0207561
0.0211336
0.0214312
0.0214908
0.0223144
0.0226885
0.023086
0.0235496
0.0236101
0.0240234
0.0241643
0.0244581
0.024821
0.02514
0.0257524
0.0259569
0.0261746
0.0267417
0.0268131
0.0268201
0.0271229
0.0276394
0.0276761
0.0282342
0.0285759
0.0288557
0.0288648
0.0295343
0.029619
0.0304355
0.0302991
0.0306607
0.0310891
0.0304757
0.0309739
0.0312776
0.0320914
0.0320826
0.0320061
0.0323603
0.032683
0.0329264
0.0333191
0.033664
0.0338673
0.0337764
0.0346273
0.0344345
0.0346811
0.0351539
0.0354399
0.035755
0.0356517
0.0359862
0.036484
0.03589
0.0363813
0.036706
0.0365731
0.0368565
0.037392
0.0374865
0.0379997
0.0375396
0.0387315
0.0384309
0.0386196
0.0390113
0.0389182
0.0391456
0.0393035
0.0401766
0.0400513
0.0397587
