-6.65765
-6.65627
-6.65512
-6.65537
-6.65547
-6.65577
-6.6551
-6.65524
-6.65512
-6.65517
-6.6549
-6.65501
-6.65482
-6.65458
-6.65428
-6.65474
-6.65461
-6.65449
-6.65433
-6.65428
-6.6543
-6.65421
-6.65432
-6.65447
-6.6544
-6.65441
-6.65451
-6.65436
-6.65426
-6.65428
-6.65428
-6.65423
-6.65416
-6.65409
-6.65405
-6.65411
-6.65413
-6.65411
-6.65417
-6.65418
-6.65425
-6.65424
-6.65421
-6.65418
-6.65413
-6.65404
-6.65409
-6.65402
-6.65408
-6.65404
-6.65399
-6.65406
-6.65408
-6.65407
-6.65415
-6.65409
-6.65411
-6.65412
-6.65414
-6.65411
-6.65412
-6.65414
-6.65413
-6.65413
-6.65413
-6.65413
-6.65415
-6.65413
-6.65414
-6.65414
-6.65413
-6.65413
-6.65415
-6.65413
-6.65408
-6.65408
-6.65399
-6.65403
-6.654
-6.65401
-6.65396
-6.65397
-6.65406
-6.65405
-6.65406
-6.65406
-6.65406
-6.65401
-6.65405
-6.65403
-6.65403
-6.65402
-6.65396
-6.65396
-6.65393
-6.65397
-6.65396
-6.65391
-6.65392
-6.65394
