0
0
0
0
0
0
0
0
0
0
0
0
0
0
0
0
0
0
0
0
0
0
0
0
0
0
0
0
0
0
0
0
0
0
0
0
0
0
6.11645e-05
0.0029723
0.0469816
0.306188
1.0473
2.33033
3.73374
4.73391
5.00889
4.57458
3.75493
2.74504
1.8529
1.1533
0.67494
0.366284
0.185681
0.092923
0.0506216
0.0422472
0.0618086
0.107257
0.188899
0.308727
0.459852
0.634902
0.808774
0.931913
0.983709
0.933589
0.815839
0.647933
0.472284
0.319259
0.225099
0.196188
0.260994
0.445735
0.764026
1.21965
1.75162
2.24775
2.60447
2.71951
2.56755
2.1813
1.70125
1.21056
0.819247
0.555971
0.4427
0.472503
0.597257
0.770479
0.919203
1.00485
1.00647
0.925697
0.793255
0.663491
0.583481
0.582977
