47.7611
47.7583
47.744
47.7268
47.7183
47.7102
47.7115
47.7116
47.712
47.7121
47.7115
47.7104
47.7107
47.7118
47.7129
47.7103
47.7112
47.7102
47.7086
47.706
47.706
47.7045
47.7029
47.7028
47.7021
47.7013
47.7012
47.7021
47.7027
47.7021
47.7028
47.7029
47.7033
47.7036
47.704
47.7036
47.7039
47.7036
47.7037
47.7037
47.7027
47.7026
47.702
47.7018
47.7013
47.7015
47.702
47.7019
47.7017
47.7018
47.7017
47.7018
47.7019
47.7016
47.701
47.7015
47.7014
47.7018
47.7019
47.7018
47.7013
47.701
47.7007
47.7006
47.7011
47.7013
47.7012
47.7013
47.7008
47.7007
47.7008
47.701
47.701
47.701
47.701
47.7008
47.7014
47.7012
47.7013
47.7012
47.7014
47.7014
47.7008
47.7011
47.7012
47.7008
47.7006
47.701
47.7007
47.7007
47.7009
47.7009
47.7015
47.7016
47.7015
47.7013
47.7011
47.701
47.7007
47.7008
