0
0.00137499
0.00139971
0.0010211
0.00079649
0.000718944
0.000908601
0.00079901
0.000714382
0.000641375
0.000642268
0.000597005
0.000581809
0.000588348
0.000624001
0.000743099
0.000710605
0.000681473
0.000663484
0.000631226
0.000600638
0.000579716
0.000565438
0.000560825
0.000541759
0.000520547
0.000510867
0.000513728
0.000507196
0.000490778
0.000474682
0.000462303
0.000454065
0.0004464
0.000434819
0.000426471
0.000415129
0.000404314
0.00039726
0.00038762
0.000384144
0.000375181
0.000367643
0.000360512
0.000354796
0.000359143
0.000354841
0.000355294
0.000353536
0.000348056
0.000345126
0.000344565
0.000338789
0.000332682
0.000336231
0.00033553
0.000330459
0.000324901
0.00031993
0.000315981
0.000310818
0.000306566
0.000301726
0.00029706
0.000292522
0.000288056
0.000284211
0.000280728
0.000276683
0.000272717
0.000269007
0.000265281
0.000262005
0.000259181
0.000259919
0.000256549
0.000267776
0.000268121
0.00026743
0.000264322
0.000264529
0.000261327
0.000274237
0.000271233
0.000268145
0.000265014
0.000261959
0.000262669
0.000262051
0.00026
0.000257146
0.00025459
0.000257829
0.000255185
0.000253663
0.000253751
0.000251503
0.000252359
0.000249895
0.000248008
