0
0.0027425
0.0144172
0.0200149
0.017679
0.0165578
0.0140552
0.0121724
0.0107425
0.00960889
0.00870694
0.0080369
0.00739905
0.0069396
0.0065617
0.00667414
0.00633281
0.0060605
0.00592751
0.00620678
0.00590407
0.00581597
0.00579495
0.00554825
0.00537727
0.00523075
0.00503376
0.00493128
0.00479392
0.00467073
0.00457837
0.00443331
0.00432197
0.00420136
0.00410122
0.00400296
0.00390269
0.00380804
0.00371035
0.00361656
0.00365991
0.00357523
0.00353231
0.00346114
0.00341183
0.00334259
0.00330607
0.00323908
0.00317606
0.00311444
0.0030561
0.00299826
0.00294231
0.00290005
0.00291675
0.00291665
0.00286733
0.00285128
0.00280268
0.00275589
0.00277156
0.0027408
0.00271365
0.00267127
0.00267774
0.00264376
0.00260899
0.00257501
0.00258526
0.00254921
0.00251355
0.00248674
0.00245244
0.00241918
0.00238713
0.002362
0.00239653
0.00237144
0.00234356
0.00231868
0.00230412
0.00227623
0.00232693
0.00232424
0.00229723
0.0022963
0.00227799
0.00228422
0.0022845
0.00225996
0.00224046
0.002217
0.0022577
0.00223654
0.00221588
0.00220046
0.00218911
0.00217008
0.00216761
0.00214786
