0
0
0
0
0
0
0
0
0
0
0
0
0
0
0
0
0
0
0
0
0
0
0
0
0
0
0
0
0
0
0
0
0
0
0
0
0
0
3.2016e-05
0.000328841
0.00100217
0.0025522
0.00440517
0.00677981
0.00892073
0.00933518
0.0104385
0.00929168
0.00887039
0.00739504
0.00585803
0.00484113
0.00355303
0.0029821
0.00225494
0.00167111
0.00117403
0.00113612
0.00126863
0.00167411
0.00200211
0.00252259
0.00259801
0.00268
0.00333778
0.00433635
0.00463157
0.0040401
0.00348326
0.0023328
0.00184755
0.00192941
0.00229273
0.00215278
0.00267039
0.00333283
0.00370318
0.00387042
0.00353301
0.00500591
0.00565231
0.00701267
0.00590805
0.00412018
0.00326082
0.00257451
0.00277186
0.00284913
0.00289969
0.00252442
0.00258815
0.00206457
0.00254921
0.00297151
0.00309167
0.00239481
0.00231154
0.0022232
0.00289111
0.00299843
