4.165860136756386473e-02
2.219914598538566541e-02
1.501929192373030464e-02
1.203667842470297449e-02
1.049230596099156275e-02
9.377024034811335534e-03
8.585146777482972197e-03
7.310911696281206969e-03
7.009620487727308454e-03
6.993268801582915029e-03
6.945270883676388056e-03
6.416613972889693117e-03
6.420262054771220910e-03
5.772590056829667027e-03
5.437354432222609411e-03
5.300366761871719290e-03
5.070253237487823937e-03
5.287636879583896242e-03
4.618168334754266594e-03
4.629717582293110638e-03
4.426912800605457658e-03
4.808411841944274130e-03
4.679572985500884789e-03
4.417934592401555859e-03
4.271899838238379758e-03
4.212368352971339845e-03
4.498256648456084791e-03
4.117918734726062034e-03
3.998096631596502991e-03
3.952417008679929775e-03
3.877032509754673676e-03
3.931020146295635675e-03
3.953018855160679232e-03
4.049894844157345651e-03
3.852587004332186718e-03
3.634122178662269487e-03
3.693528876666257992e-03
3.413137881062516896e-03
3.546404621446354408e-03
3.302850785387110785e-03
3.240310425459895331e-03
3.424120997448804223e-03
3.188670874569542440e-03
3.379600485651316003e-03
3.180444910940744864e-03
3.234017387025390523e-03
3.048861263629108059e-03
3.094270029708043844e-03
3.148696771133655935e-03
2.952013560781874789e-03
