3.505020099224705893e-03
1.151422954860121780e-03
8.104396112764283844e-04
6.930229952495246728e-04
5.432952920462297101e-04
4.815676546057324320e-04
4.829088748149875862e-04
4.441148561358798110e-04
4.310770013713834548e-04
3.713149499307256897e-04
3.691434037492225852e-04
3.759276148863750734e-04
3.169369319510299409e-04
3.209583469372351110e-04
3.130827706388793793e-04
3.253237451063035633e-04
2.826893999316102660e-04
2.857972118323492028e-04
2.707560274069532608e-04
2.718458923116918720e-04
2.774295095315689992e-04
2.714522253314104205e-04
2.691177687399964966e-04
2.443277090251583217e-04
2.211681597177923711e-04
2.684269615549528427e-04
2.306566429999326313e-04
2.105177701377412489e-04
2.403641366253286902e-04
2.277811118699022645e-04
2.249703613810234498e-04
2.227233254202643322e-04
2.143997646413176755e-04
2.281325614715758068e-04
2.113869536467279770e-04
2.083662036810567250e-04
1.966910964478528554e-04
2.065598432013491148e-04
1.878250940345427918e-04
1.807689996238592888e-04
1.692561070922464820e-04
2.081377926132932257e-04
1.862558832917035579e-04
1.843002857586618849e-04
1.669772840862689242e-04
1.866132270735513111e-04
1.712885822616112580e-04
1.797269791080751680e-04
1.699279963972075277e-04
1.803614358518505724e-04
