1.227149479621517450e-02
6.003564875898632566e-03
4.580769807090740754e-03
3.816496462272663242e-03
3.090826907359373044e-03
2.800928317702011238e-03
2.455933127449505364e-03
2.432958059668320454e-03
2.211973804752801614e-03
1.925319135167924802e-03
1.857114077042743916e-03
1.666048273166589226e-03
1.632798582775002710e-03
1.602486007739699694e-03
1.507178429257839203e-03
1.273743605517239572e-03
1.386282670030786245e-03
1.381841985046168304e-03
1.311404700438301065e-03
1.259715322285296550e-03
1.175669071124980751e-03
1.232044823983539667e-03
1.154226909953034097e-03
1.121981907561682900e-03
1.073586841861082653e-03
1.040838831399057548e-03
1.043744856450859763e-03
9.564584187366732479e-04
1.014497842579640229e-03
1.004235059034318256e-03
9.770586594026406130e-04
9.420181679267879051e-04
8.768824317242960133e-04
9.156133887188542143e-04
8.981079264677658798e-04
8.738471048347043642e-04
7.880297779625431136e-04
8.069452139489871004e-04
8.478034552297986819e-04
8.608338288028839378e-04
7.684964656155377936e-04
7.885033062763929963e-04
8.026201206740863747e-04
7.992104914530030356e-04
7.367706236473622492e-04
7.000266307419559207e-04
7.362167939098821032e-04
7.216667663475498026e-04
7.140551416430535210e-04
7.328526050287893128e-04
