7.563268819507248247e-03
4.029521947850590868e-03
2.725789604870337574e-03
2.194601377171854096e-03
1.924995893977951220e-03
1.709049437138375873e-03
1.559644682542982641e-03
1.324371955456926436e-03
1.269963020217390950e-03
1.264611172259880309e-03
1.262095834635500657e-03
1.169796031116107377e-03
1.162716933687705546e-03
1.049229638626202532e-03
9.869384748652882886e-04
9.598828135338508634e-04
9.200905284167530977e-04
9.621849458421972501e-04
8.373871408455375821e-04
8.419133358554163008e-04
8.035876488711594153e-04
8.751128043712083594e-04
8.482281855422195253e-04
8.021443964334676194e-04
7.746205837394366236e-04
7.672657799904927063e-04
8.178476565720803598e-04
7.411727297040632441e-04
7.260365193200023649e-04
7.202529848579944209e-04
7.058384366409017939e-04
7.179618536844131239e-04
7.212318900875026384e-04
7.359093908757921056e-04
7.003031079339142951e-04
6.621195691039163033e-04
6.722333853212809039e-04
6.237403854364391821e-04
6.432977324658062466e-04
6.010607112864093781e-04
5.870132913694614887e-04
6.218075985081590942e-04
5.773499440666063614e-04
6.093284916391078065e-04
5.770899336355359921e-04
5.944986692476139775e-04
5.557537422379191065e-04
5.525016421766996760e-04
5.566424387069118232e-04
5.093466027733470087e-04
