3.144957512560244339e-04
1.102479873062164135e-04
9.104441659786563826e-05
6.714586892090827026e-05
5.832245121821780020e-05
4.989049278237310590e-05
4.588961465565568536e-05
4.447460235566806544e-05
3.627374524152630284e-05
3.735803391703219119e-05
3.437500499872044735e-05
3.193029103077848401e-05
3.295902743273904415e-05
2.998630785824023365e-05
3.030551763028622132e-05
2.994986185634537586e-05
2.688151244144214671e-05
2.581924967565817419e-05
2.807509306152699177e-05
2.664081912766094954e-05
2.584161631924709778e-05
2.553190608727981482e-05
2.471370430143871526e-05
2.481104952851013852e-05
2.518462063093991849e-05
2.388609215251410263e-05
2.454788363287498077e-05
2.361831976687715811e-05
2.292987714477400318e-05
2.176656941531694174e-05
2.156041492864167427e-05
2.127188965794463789e-05
1.974148675904718539e-05
2.034342022732058727e-05
1.971786448432118224e-05
2.046761317755204374e-05
1.938994366496341829e-05
1.987905628335399189e-05
1.943835114033120714e-05
1.778724633939707993e-05
1.924316047883921043e-05
1.864530690780054331e-05
1.870351774543947123e-05
1.752783851535992312e-05
1.695083888257885532e-05
1.764224765741581336e-05
1.755142625100630514e-05
1.704513404164863051e-05
1.727038707132622973e-05
1.702220945951279455e-05
