6.576861457522011067e-02
3.156335520135642586e-02
2.399874865566610505e-02
2.005987810286416137e-02
1.704180597246239895e-02
1.563800778293225960e-02
1.380344431231982603e-02
1.347824224338908285e-02
1.228991593384235088e-02
1.067519104918236879e-02
1.019980196307282427e-02
9.241158577154563042e-03
8.834736950947850997e-03
8.824786897505198027e-03
8.508191536712273600e-03
6.929923694869769522e-03
7.493551855841704135e-03
7.530600842359145251e-03
6.936980114514101035e-03
6.960913322796051170e-03
6.494711594903323885e-03
6.476255816861071178e-03
6.183123690954428660e-03
5.976993989693999386e-03
5.767859981094878262e-03
5.689331956011479778e-03
5.510885632264643508e-03
5.171445803720395133e-03
5.544373998067770801e-03
5.452064215218862218e-03
5.026339561151143241e-03
4.918169901812468464e-03
4.411349898189361601e-03
4.882633400650952457e-03
4.629195713199139514e-03
4.586287976187567936e-03
4.078103886282989296e-03
4.242128493307697167e-03
4.417137862655034011e-03
4.561400176375718894e-03
4.216587726054816035e-03
4.209874406336899626e-03
4.239437575700381877e-03
4.255521204971492860e-03
3.914178734801940576e-03
3.566230051321621526e-03
3.777136793929309830e-03
3.962944115804888610e-03
3.669431163924071707e-03
3.823119940892735942e-03
