           1    -0.41297    -0.41297           0
           2   -0.416686   -0.414828  0.00185796
           3   -0.417018   -0.415558   0.0012976
           4   -0.422083   -0.417189  0.00187155
           5    -0.41152   -0.416055  0.00184048
           6   -0.417005   -0.416213  0.00151105
           7   -0.412176   -0.415637   0.0014013
           8   -0.416548    -0.41575   0.0012189
           9   -0.414855   -0.415651  0.00107956
          10    -0.41284    -0.41537  0.00100568
          11   -0.412446   -0.415104 0.000947723
          12    -0.40775   -0.414491  0.00106022
          13    -0.41482   -0.414516 0.000975583
          14   -0.418444   -0.414797 0.000945786
          15     -0.4144   -0.414771 0.000880876
          16      -0.416   -0.414847  0.00082756
          17   -0.412119   -0.414687  0.00079375
          18   -0.412487   -0.414565 0.000758268
          19   -0.413519    -0.41451 0.000719357
          20   -0.415662   -0.414567 0.000684869
          21   -0.419829   -0.414818 0.000697959
          22   -0.411519   -0.414668 0.000682158
          23   -0.413184   -0.414603  0.00065501
          24   -0.414686   -0.414607 0.000627134
          25   -0.410639   -0.414448 0.000622112
          26   -0.419618   -0.414647 0.000629916
          27   -0.414345   -0.414636  0.00060624
          28   -0.412464   -0.414558 0.000589314
          29   -0.415608   -0.414594  0.00056978
          30   -0.419083   -0.414744 0.000570435
          31    -0.41807   -0.414851 0.000562063
          32   -0.417269   -0.414927 0.000549437
          33   -0.412671   -0.414859 0.000536898
          34   -0.423556   -0.415114 0.000580289
          35   -0.414326   -0.415092 0.000563916
          36   -0.413124   -0.415037 0.000550748
          37   -0.416177   -0.415068  0.00053654
          38   -0.411767   -0.414981 0.000529406
          39   -0.415642   -0.414998 0.000515931
          40   -0.414914   -0.414996 0.000502872
          41   -0.413999   -0.414972 0.000491056
          42   -0.415386   -0.414981 0.000479323
          43   -0.416952   -0.415027 0.000470282
          44   -0.417784    -0.41509 0.000463722
          45   -0.415704   -0.415104 0.000453505
          46   -0.411684   -0.415029 0.000449723
          47   -0.412872   -0.414983 0.000442437
          48   -0.409704   -0.414873  0.00044687
          49   -0.411825   -0.414811 0.000442054
          50   -0.413711   -0.414789 0.000433681
          51   -0.418544   -0.414863  0.00043142
          52   -0.415317   -0.414872 0.000423132
          53   -0.415782   -0.414889 0.000415427
          54   -0.412886   -0.414852 0.000409345
          55   -0.416756   -0.414886 0.000403322
          56   -0.412406   -0.414842 0.000398522
          57   -0.415201   -0.414848 0.000391519
          58   -0.412871   -0.414814 0.000386217
          59   -0.416063   -0.414835 0.000380204
          60   -0.410396   -0.414761 0.000381065
          61    -0.41463   -0.414759 0.000374772
          62   -0.419387   -0.414834 0.000376158
          63   -0.412624   -0.414799 0.000371798
          64   -0.416826    -0.41483  0.00036731
          65   -0.419073   -0.414896 0.000367457
          66   -0.417176    -0.41493 0.000363492
          67   -0.411711   -0.414882 0.000361236
          68   -0.415836   -0.414896  0.00035616
          69   -0.418739   -0.414952 0.000355351
          70   -0.414651   -0.414948 0.000350264
          71   -0.410978   -0.414892 0.000349794
          72   -0.412374   -0.414857  0.00034667
          73   -0.416445   -0.414878  0.00034258
          74   -0.414687   -0.414876 0.000337928
          75   -0.418495   -0.414924 0.000336867
          76   -0.414934   -0.414924 0.000332405
          77   -0.410055   -0.414861   0.0003341
          78   -0.417258   -0.414892 0.000331218
          79   -0.414219   -0.414883 0.000327109
          80   -0.413158   -0.414862 0.000323714
          81   -0.411808   -0.414824 0.000321907
          82   -0.415119   -0.414828 0.000317977
          83   -0.415941   -0.414841 0.000314409
          84   -0.417509   -0.414873 0.000312264
          85   -0.419584   -0.414928 0.000313507
          86   -0.407125   -0.414837 0.000322852
          87   -0.412897   -0.414815 0.000319898
          88   -0.414927   -0.414816 0.000316245
          89   -0.412746   -0.414793 0.000313535
          90   -0.420921   -0.414861  0.00031742
          91   -0.413522   -0.414847 0.000314257
          92   -0.412705   -0.414823 0.000311693
          93   -0.414793   -0.414823 0.000308324
          94   -0.414106   -0.414815 0.000305121
          95   -0.416604   -0.414834 0.000302479
          96   -0.416942   -0.414856 0.000300115
          97   -0.412808   -0.414835 0.000297755
          98   -0.414732   -0.414834 0.000294703
          99   -0.414448    -0.41483 0.000291737
         100   -0.415161   -0.414833 0.000288824
