           1   0.0488357   0.0488357           0
           2   0.0489807   0.0489082 7.25043e-05
           3   0.0486758   0.0488307 8.80358e-05
           4   0.0488162   0.0488271 6.23569e-05
           5    0.049016   0.0488649 6.13228e-05
           6   0.0485226   0.0488078 7.59082e-05
           7   0.0494395   0.0488981 0.000110723
           8   0.0488012    0.048886 9.66509e-05
           9   0.0487963    0.048876 8.58187e-05
          10   0.0491813   0.0489065 8.26074e-05
          11   0.0493417   0.0489461 8.45484e-05
          12   0.0496851   0.0490077 9.87421e-05
          13   0.0488457   0.0489952 9.16796e-05
          14   0.0492163    0.049011 8.63352e-05
          15   0.0487653   0.0489946 8.20265e-05
          16   0.0482915   0.0489507 8.84207e-05
          17   0.0491457   0.0489621 8.38452e-05
          18   0.0487616    0.048951 7.98313e-05
          19   0.0491293   0.0489604 7.60934e-05
          20   0.0489369   0.0489592 7.21981e-05
          21   0.0493591   0.0489783 7.12655e-05
          22   0.0488964   0.0489745 6.80507e-05
          23   0.0497478   0.0490082 7.32015e-05
          24   0.0489891   0.0490074 7.00896e-05
          25   0.0487966   0.0489989 6.77542e-05
          26   0.0493952   0.0490142 6.68564e-05
          27   0.0489044   0.0490101  6.4461e-05
          28   0.0493278   0.0490215  6.3144e-05
          29   0.0490676    0.049023 6.09485e-05
          30   0.0488727    0.049018 5.90947e-05
          31   0.0489211   0.0490149 5.72421e-05
          32   0.0489777   0.0490137 5.54367e-05
          33   0.0492108   0.0490197 5.40614e-05
          34   0.0484795   0.0490038 5.48013e-05
          35   0.0487829   0.0489975 5.35857e-05
          36   0.0493778   0.0490081 5.31367e-05
          37   0.0486153   0.0489975 5.27595e-05
          38   0.0492734   0.0490047 5.18631e-05
          39   0.0492774   0.0490117 5.09972e-05
          40   0.0495335   0.0490248 5.13892e-05
          41   0.0488905   0.0490215 5.02269e-05
          42   0.0486871   0.0490135 4.96587e-05
          43   0.0482743   0.0489963 5.14473e-05
          44   0.0492785   0.0490027 5.06719e-05
          45   0.0485071   0.0489917 5.07429e-05
          46   0.0487299    0.048986 4.99528e-05
          47   0.0486828   0.0489796 4.93024e-05
          48   0.0488514   0.0489769 4.83381e-05
          49   0.0494202    0.048986 4.81981e-05
          50   0.0490729   0.0489877 4.72563e-05
          51   0.0485123   0.0489784 4.72492e-05
          52   0.0485009   0.0489692  4.7233e-05
          53   0.0488562   0.0489671 4.63823e-05
          54   0.0491149   0.0489698 4.55974e-05
          55   0.0490003   0.0489704 4.47642e-05
          56   0.0493517   0.0489772 4.44818e-05
          57   0.0492705   0.0489823 4.39965e-05
          58   0.0484372   0.0489729  4.4241e-05
          59   0.0491922   0.0489766 4.36432e-05
          60    0.049226   0.0489808 4.31104e-05
          61   0.0486627   0.0489756 4.27171e-05
          62   0.0490491   0.0489768 4.20393e-05
          63   0.0490597   0.0489781 4.13875e-05
          64   0.0487636   0.0489747 4.08733e-05
          65    0.048998   0.0489751 4.02412e-05
          66   0.0488924   0.0489738 3.96466e-05
          67   0.0488144   0.0489715 3.91228e-05
          68   0.0488744     0.04897 3.85696e-05
          69    0.048949   0.0489697 3.80077e-05
          70    0.048784   0.0489671 3.75546e-05
          71   0.0488785   0.0489658 3.70429e-05
          72   0.0491877   0.0489689 3.66546e-05
          73   0.0483386   0.0489603 3.71657e-05
          74   0.0492359    0.048964 3.68488e-05
          75   0.0492025   0.0489672 3.64929e-05
          76    0.048855   0.0489657 3.60398e-05
          77   0.0492214    0.048969 3.57233e-05
          78   0.0487293   0.0489659  3.5396e-05
          79   0.0493849   0.0489712 3.53453e-05
          80   0.0495197   0.0489781 3.55677e-05
          81    0.049219   0.0489811 3.52515e-05
          82   0.0496514   0.0489893 3.57658e-05
          83   0.0486815   0.0489855 3.55263e-05
          84   0.0483385   0.0489778 3.59362e-05
          85   0.0494197    0.048983 3.58894e-05
          86   0.0496513   0.0489908 3.63108e-05
          87   0.0495312    0.048997 3.64244e-05
          88   0.0488745   0.0489956  3.6035e-05
          89   0.0492358   0.0489983 3.57299e-05
          90   0.0485219    0.048993 3.57251e-05
          91   0.0492153   0.0489955 3.54147e-05
          92   0.0493918   0.0489998 3.52915e-05
          93   0.0492128   0.0490021  3.4985e-05
          94   0.0491181   0.0490033 3.46329e-05
          95   0.0488545   0.0490017 3.43022e-05
          96   0.0485805   0.0489974 3.42255e-05
          97   0.0488707    0.048996  3.3896e-05
          98   0.0490412   0.0489965 3.35515e-05
          99   0.0489704   0.0489962 3.32119e-05
         100   0.0488815   0.0489951 3.28981e-05
