0.0323165           0           0
0.0969496           0           0
0.161583           0           0
0.226216           0           0
0.290849           0           0
0.355482           0           0
0.420115           0           0
0.484748           0           0
0.549381           0           0
0.614014           0           0
0.678647           0           0
0.74328           0           0
0.807913           0           0
0.872546 0.000838155 6.45561e-05
0.937179    0.148634  0.00103305
1.00181     1.06518  0.00271359
1.06645     2.04059  0.00436165
1.13108     2.26958  0.00417156
1.19571     2.09209  0.00434624
1.26034     1.83882  0.00356881
1.32498     1.62045  0.00269424
1.38961     1.45143  0.00250893
1.45424     1.33556  0.00205837
1.51888     1.25291  0.00191651
1.58351     1.18988  0.00174656
1.64814     1.14681  0.00155164
1.71278     1.11325  0.00158479
1.77741     1.09154  0.00147416
1.84204     1.07591   0.0014809
1.90667     1.06695  0.00140621
1.97131     1.06152  0.00143528
2.03594     1.05829  0.00136193
2.10057     1.05547   0.0012168
2.16521     1.05225  0.00121779
2.22984     1.04949  0.00108651
2.29447     1.04332 0.000991618
2.35911     1.03928  0.00106257
2.42374     1.03006  0.00106015
2.48837     1.02744  0.00100487
2.55301     1.02166   0.0010197
2.61764     1.01639   0.0010748
2.68227     1.01314  0.00102717
2.7469     1.01067 0.000875354
2.81154     1.00851 0.000845165
2.87617     1.00448 0.000801292
2.9408     1.00362 0.000895611
3.00544     1.00155 0.000966198
3.07007    0.999163 0.000875343
3.1347       0.999 0.000706946
3.19934    0.998343 0.000757261
3.26397    0.997108 0.000762778
3.3286     0.99692 0.000821945
3.39323    0.994821 0.000650305
3.45787    0.994035 0.000757084
3.5225    0.993303  0.00072737
3.58713    0.993012  0.00059694
3.65177    0.993217 0.000700803
3.7164    0.991084 0.000646468
3.78103     0.99152 0.000692809
3.84567    0.990765 0.000620008
3.9103    0.990284 0.000649159
3.97493    0.989794 0.000576803
4.03957    0.989157 0.000609649
4.1042    0.989624 0.000585477
4.16883    0.989143 0.000567343
4.23346    0.989484 0.000589123
4.2981    0.988922 0.000543025
4.36273    0.988011 0.000543415
4.42736    0.987722 0.000592389
4.492    0.987734 0.000510478
4.55663    0.988026 0.000485825
4.62126    0.987365 0.000506469
4.6859    0.987441 0.000596881
4.75053    0.986072 0.000483103
4.81516    0.987098   0.0004806
4.87979    0.985793 0.000424011
4.94443    0.987416 0.000469433
5.00906     0.98687 0.000403893
5.07369    0.987106 0.000474417
5.13833    0.986167 0.000473096
5.20296    0.986438  0.00049214
5.26759    0.986928  0.00042001
5.33223    0.986688 0.000399657
5.39686    0.986158  0.00043641
5.46149    0.987069 0.000427044
5.52612    0.986241 0.000440553
5.59076    0.986091 0.000409859
5.65539    0.985889 0.000426837
5.72002    0.986384 0.000376583
5.78466    0.986001 0.000400673
5.84929    0.985594 0.000456957
5.91392     0.98652 0.000360118
5.97856    0.985971 0.000375095
6.04319    0.985716 0.000432769
6.10782     0.98642 0.000374824
6.17246    0.985991 0.000382558
6.23709     0.98581 0.000420026
6.30172    0.985265 0.000368686
6.36635    0.985519  0.00040949
6.43099    0.986353 0.000350539
