0
0
0
0
0
0
0
0
0
0
0
0
0
0.000427228
0.179908
1.37023
2.72585
2.98341
2.68029
2.29777
1.97373
1.7069
1.53359
1.40893
1.32866
1.24187
1.20127
1.20196
1.21153
1.17518
1.15658
1.1633
1.12475
1.12384
1.10873
1.09205
1.08189
1.08764
1.0928
1.07344
1.05838
1.06061
1.06784
1.06646
1.07109
1.04956
1.04824
1.05185
1.04029
1.04725
1.02729
1.02288
1.01875
1.00771
1.00627
1.02179
1.01565
1.00812
1.01753
1.02056
1.02168
1.02061
1.03338
1.02669
1.02889
1.02548
1.0163
1.01372
1.00101
1.01079
1.00723
1.00056
0.999179
1.00347
1.01518
1.01514
1.00672
1.00142
0.995531
1.00257
0.994417
0.99202
0.994219
0.99372
1.00126
0.999346
0.997319
0.994054
0.99499
0.989199
0.991018
0.997697
0.990045
0.986017
0.992671
0.985073
0.985112
0.983865
0.988024
0.984295
