0.118341
0.112985
0.112225
0.1129
0.114786
0.114748
0.115445
0.115912
0.116114
0.116712
0.118227
0.119399
0.119904
0.120308
0.120486
0.121061
0.121019
0.120558
0.120489
0.120613
0.120456
0.120247
0.120028
0.120548
0.120975
0.120721
0.120405
0.120272
0.120289
0.120102
0.120224
0.120347
0.120355
0.120287
0.120243
0.120311
0.120334
0.12023
0.120131
0.120148
0.120132
0.120136
0.120104
0.120213
0.120318
0.120426
0.120564
0.120695
0.120603
0.120436
0.120384
0.120286
0.120094
0.119989
0.119961
0.119843
0.119785
0.119883
0.11991
0.120032
0.120038
0.120089
0.120165
0.120107
0.120024
0.119903
0.119788
0.119682
0.11971
0.119877
0.119808
0.119765
0.119749
0.119732
0.119743
0.119686
0.119714
0.119611
0.119627
0.119607
0.119513
0.119506
0.119506
0.119505
0.119529
0.119484
0.119721
0.119751
0.119768
0.119783
0.119701
0.119734
0.119773
0.119865
0.119909
0.120014
0.120251
0.120405
0.120595
0.120641
