-0.386283
-0.352879
-0.351638
-0.355034
-0.364157
-0.365185
-0.367699
-0.36718
-0.369544
-0.373849
-0.381962
-0.388062
-0.390591
-0.393157
-0.394576
-0.397873
-0.396704
-0.395215
-0.394945
-0.394807
-0.394771
-0.393984
-0.393144
-0.396008
-0.39738
-0.395597
-0.393769
-0.393122
-0.392867
-0.392508
-0.392442
-0.393115
-0.393794
-0.393651
-0.393269
-0.393852
-0.394306
-0.393472
-0.392934
-0.393152
-0.393643
-0.393944
-0.393985
-0.394496
-0.395072
-0.395323
-0.396379
-0.396968
-0.39664
-0.395998
-0.395864
-0.395551
-0.395091
-0.394386
-0.394008
-0.393685
-0.393525
-0.394083
-0.394231
-0.394746
-0.395183
-0.395517
-0.395743
-0.39563
-0.395272
-0.394941
-0.394083
-0.393635
-0.393789
-0.394399
-0.394366
-0.394532
-0.39436
-0.393946
-0.393775
-0.393277
-0.393287
-0.393068
-0.392971
-0.392867
-0.392403
-0.392234
-0.392463
-0.392223
-0.392359
-0.391894
-0.392836
-0.393052
-0.393114
-0.393162
-0.392939
-0.392776
-0.392936
-0.393231
-0.393328
-0.393707
-0.394662
-0.395227
-0.396015
-0.396295
