0
0.00535632
0.00318448
0.00235069
0.00262177
0.00214101
0.00193921
0.00174316
0.00155056
0.00151027
0.00203982
0.00219999
0.0020859
0.00197287
0.00184528
0.00181925
0.0017094
0.00167638
0.00158717
0.00151084
0.00144569
0.00139413
0.00135008
0.00139349
0.0014031
0.00137184
0.00135745
0.00131473
0.00126869
0.00123988
0.0012055
0.00117367
0.00113757
0.00110567
0.00107454
0.00104647
0.00101807
0.000996373
0.000975602
0.00095106
0.00092771
0.000905363
0.000884665
0.000871273
0.000858124
0.000846116
0.000839395
0.000832134
0.000820233
0.000820796
0.000806232
0.000796548
0.000804755
0.000796567
0.000782477
0.000777348
0.000765793
0.000758886
0.000746398
0.00074391
0.000731635
0.000721575
0.000714101
0.000705274
0.000699313
0.000699088
0.000698181
0.000695979
0.000686411
0.000696711
0.000690264
0.000681948
0.000672735
0.000663801
0.000654984
0.000648828
0.000640974
0.000641004
0.000633025
0.000625363
0.000624732
0.000617112
0.000609631
0.00060233
0.000595674
0.000590429
0.000629948
0.000623473
0.000616652
0.000609948
0.000608752
0.000603017
0.00059778
0.000598401
0.000593697
0.000596838
0.000636511
0.000648418
0.000669437
0.000664331
