0
0.0334044
0.0193259
0.0140812
0.0142197
0.0116558
0.0101664
0.00881965
0.00812947
0.00845016
0.0111464
0.0118639
0.0112023
0.0106841
0.010047
0.00995961
0.0094281
0.00901285
0.00852957
0.00809303
0.00769809
0.00738194
0.00710358
0.00737959
0.00720999
0.00715294
0.00712135
0.00689272
0.0066557
0.00644004
0.00622919
0.00606886
0.00592117
0.00574616
0.00559264
0.00546625
0.00533577
0.00525987
0.00515146
0.00502577
0.00492613
0.00481686
0.00470368
0.0046239
0.00455652
0.00446346
0.00449328
0.0044379
0.00435876
0.00431863
0.00423523
0.00416478
0.00411123
0.00409553
0.00403811
0.00397849
0.00391133
0.00388356
0.00382006
0.00379098
0.00375379
0.00370781
0.00365551
0.00359973
0.00356189
0.00352312
0.00357461
0.00355009
0.00350165
0.00350477
0.0034552
0.0034109
0.00336823
0.00334808
0.00330757
0.00330153
0.00325839
0.00322384
0.00318423
0.00314589
0.00314127
0.00310736
0.00307826
0.00305087
0.00301782
0.00301859
0.0031289
0.00310073
0.0030663
0.00303243
0.00300724
0.00297884
0.00295097
0.00293435
0.00290489
0.00289945
0.00302401
0.00304596
0.00311616
0.00309755
