0
0
0
0
0
0
0
0
0
0
0
0
0
0.000306639
0.00974948
0.035409
0.0539919
0.0494709
0.0453458
0.0420836
0.0402016
0.0287604
0.0249638
0.0251807
0.026222
0.018374
0.0208555
0.0192018
0.0185839
0.01649
0.0162472
0.017628
0.0158512
0.0165353
0.0146308
0.0139275
0.0118112
0.0132461
0.0149959
0.0135545
0.012276
0.0128242
0.0123478
0.0123147
0.0130001
0.0128959
0.0116283
0.0116259
0.00995397
0.00943511
0.0100576
0.0103691
0.0105005
0.0102206
0.00953079
0.00963702
0.00937614
0.00827517
0.00873206
0.00895784
0.00824771
0.00868021
0.00954471
0.00885106
0.00723086
0.00843433
0.00765185
0.00697161
0.00788335
0.00807819
0.00732237
0.00720041
0.00624682
0.0069102
0.00661824
0.00603477
0.00602572
0.00642439
0.00555822
0.00570567
0.00554633
0.00545565
0.0060815
0.0056121
0.00456463
0.00439292
0.00553024
0.00557693
0.00515637
0.00515605
0.00531038
0.00556486
0.00578768
0.00513504
0.00478526
0.00486151
0.00474319
0.0035621
0.00426039
0.00480169
