           1     70.4999     70.4999           0
           2     86.2668     78.3834     7.88347
           3     81.6693     79.4787     4.68146
           4     76.7657     78.8004     3.37906
           5     75.2859     78.0975     2.71015
           6     75.0034     77.5818     2.27212
           7     72.0379     76.7898     2.07721
           8     79.6407     77.1462     1.83387
           9     82.8254     77.7772     1.73606
          10     77.4174     77.7412      1.5532
          11     76.3777     77.6173     1.41038
          12     77.7076     77.6248     1.28752
          13     77.4595     77.6121     1.18441
          14      69.051     77.0006     1.25553
          15     81.7539     77.3175     1.21103
          16      80.384     77.5091     1.14892
          17      76.822     77.4687     1.07998
          18     85.0286     77.8887     1.10143
          19     81.3276     78.0697     1.05745
          20     85.0987     78.4212     1.06297
          21     84.2787     78.7001     1.04885
          22     83.3068     78.9095     1.02173
          23     84.8718     79.1687     1.01013
          24     73.0955     78.9157     0.99968
          25     76.6004      78.823    0.963321
          26     78.4025     78.8069     0.92567
          27     81.1711     78.8944     0.89502
          28     68.9174     78.5381    0.933172
          29     78.8622     78.5493    0.900488
          30     89.0264     78.8985    0.937436
          31     80.1069     78.9375    0.907529
          32     86.9985     79.1894    0.914106
          33     87.4086     79.4385    0.920316
          34     82.2046     79.5198    0.896537
          35     68.6447     79.2091    0.924335
          36     74.9421     79.0906    0.906078
          37     83.5941     79.2123    0.889615
          38     77.0698     79.1559    0.867722
          39     76.2182     79.0806     0.84853
          40     76.6583       79.02    0.829259
          41     81.0055     79.0685    0.810228
          42     78.9334     79.0653    0.790708
          43     78.8054     79.0592    0.772125
          44     77.9139     79.0332    0.754821
          45     84.1765     79.1475    0.746657
          46     73.3805     79.0221    0.740928
          47     84.2226     79.1328    0.733387
          48     82.2062     79.1968    0.720795
          49     79.4591     79.2021    0.705952
          50     68.3215     78.9845    0.725113
          51     79.0772     78.9863    0.710756
          52     81.4682     79.0341    0.698586
          53        80.4     79.0598    0.685762
          54     78.5709     79.0508    0.673004
          55     80.1362     79.0705    0.660949
          56     73.5579     78.9721    0.656462
          57      77.856     78.9525    0.645139
          58     76.6542     78.9129    0.635156
          59     81.1495     78.9508    0.625448
          60     75.6188     78.8953    0.617438
          61     74.9736      78.831    0.610625
          62     69.7893     78.6851    0.618144
          63     75.9821     78.6422    0.609765
          64     83.6966     78.7212    0.605335
          65     75.8347     78.6768    0.597602
          66     78.9488     78.6809    0.588492
          67     84.5615     78.7687     0.58625
          68     80.6466     78.7963    0.578224
          69     88.9339     78.9432     0.58842
          70     77.6599     78.9249    0.580242
          71     78.7432     78.9223    0.572017
          72     74.5089      78.861    0.567338
          73     80.7879     78.8874    0.560134
          74     80.7851     78.9131    0.553108
          75     85.7837     79.0047    0.553319
          76     77.0506      78.979    0.546595
          77     75.6851     78.9362    0.541144
          78     75.5438     78.8927    0.535928
          79     77.7641     78.8784    0.529294
          80       78.81     78.8776    0.522636
          81     84.2023     78.9433    0.520313
          82     80.5577      78.963    0.514306
          83     74.1247     78.9047    0.511405
          84     77.5742     78.8889    0.505528
          85     81.1374     78.9153    0.500245
          86     90.3467     79.0482    0.511951
          87     81.6179     79.0778    0.506894
          88     80.8093     79.0974    0.501487
          89     75.7023     79.0593    0.497285
          90     75.2289     79.0167    0.493567
          91      79.281     79.0196    0.488122
          92     76.0598     78.9875    0.483858
          93     87.0706     79.0744    0.486455
          94     71.9989     78.9991    0.487103
          95     83.5216     79.0467    0.484293
          96     87.4854     79.1346    0.487217
          97     79.6449     79.1399    0.482197
          98     70.5627     79.0524     0.48521
          99     84.4172     79.1065    0.483332
         100     77.7431     79.0929    0.478668
