           1    0.264924    0.264924           0
           2    0.144317    0.204621   0.0603034
           3    0.178964    0.196069   0.0358511
           4    0.215777    0.200996    0.025825
           5    0.232274    0.207251   0.0209592
           6    0.238039    0.212383   0.0178659
           7    0.255724    0.218574   0.0163196
           8    0.190131    0.215019   0.0145735
           9    0.165448    0.209511   0.0139831
          10     0.21483    0.210043   0.0125182
          11    0.201774    0.209291    0.011348
          12    0.209382    0.209299   0.0103593
          13     0.20521    0.208984  0.00953435
          14    0.274749    0.213682  0.00999921
          15    0.183265    0.211654  0.00952705
          16    0.187423     0.21014  0.00903951
          17    0.214728    0.210409  0.00849543
          18    0.153149    0.207228  0.00861816
          19    0.174536    0.205508  0.00833158
          20    0.148168    0.202641  0.00840793
          21    0.163384    0.200771   0.0082131
          22     0.16642     0.19921  0.00798503
          23    0.159022    0.197463  0.00782748
          24      0.2319    0.198897  0.00763037
          25    0.215368    0.199556  0.00734839
          26    0.209807    0.199951   0.0070711
          27    0.172001    0.198915  0.00688246
          28    0.278871    0.201771  0.00722074
          29    0.204805    0.201876  0.00696808
          30    0.112507    0.198897  0.00736148
          31    0.185748    0.198473  0.00713268
          32      0.1378    0.196576  0.00716173
          33    0.133274    0.194658   0.0072015
          34    0.163246    0.193734   0.0070473
          35    0.284078    0.196316  0.00731364
          36    0.226232    0.197147    0.007156
          37    0.162826    0.196219  0.00702145
          38    0.210022    0.196582  0.00684382
          39    0.221839     0.19723  0.00669741
          40    0.222915    0.197872  0.00655934
          41     0.18326    0.197516  0.00640727
          42    0.195558    0.197469  0.00625303
          43    0.193736    0.197382   0.0061065
          44    0.210811    0.197687   0.0059739
          45    0.160579    0.196863  0.00589758
          46    0.251346    0.198047  0.00588829
          47    0.161398    0.197267  0.00581418
          48    0.177044    0.196846  0.00570733
          49    0.211692    0.197149  0.00559785
          50    0.276465    0.198735  0.00570954
          51    0.201928    0.198798  0.00559682
          52    0.187668    0.198584   0.0054923
          53    0.188974    0.198403  0.00539073
          54    0.201626    0.198462  0.00529029
          55    0.192159    0.198348  0.00519448
          56    0.240282    0.199097  0.00515555
          57    0.205087    0.199202  0.00506538
          58    0.212183    0.199425  0.00498231
          59    0.179871    0.199094  0.00490834
          60     0.22441    0.199516  0.00484425
          61    0.223462    0.199908  0.00478032
          62    0.260588    0.200887  0.00480335
          63    0.219576    0.201184  0.00473579
          64    0.166641    0.200644  0.00469235
          65    0.212972    0.200834  0.00462349
          66    0.189097    0.200656  0.00455637
          67    0.158607    0.200028  0.00453152
          68    0.186634    0.199831  0.00446873
          69    0.129203    0.198808  0.00452089
          70     0.20692    0.198924  0.00445734
          71     0.18857    0.198778  0.00439653
          72    0.234865    0.199279  0.00436392
          73    0.181811     0.19904  0.00431037
          74      0.1901    0.198919  0.00425344
          75     0.13847    0.198113  0.00427304
          76    0.212275    0.198299  0.00422056
          77    0.227482    0.198678  0.00418259
          78    0.233887     0.19913  0.00415323
          79    0.203873     0.19919  0.00410076
          80    0.212091    0.199351  0.00405238
          81     0.15039    0.198747  0.00404743
          82    0.184643    0.198575  0.00400146
          83    0.238321    0.199053  0.00398186
          84      0.2061    0.199137  0.00393507
          85    0.186993    0.198994  0.00389112
          86    0.106573     0.19792  0.00399295
          87    0.171802     0.19762  0.00395818
          88    0.183255    0.197456  0.00391635
          89    0.220165    0.197711  0.00388049
          90    0.231475    0.198087  0.00385543
          91    0.186496    0.197959  0.00381495
          92     0.21973    0.198196  0.00378067
          93    0.138957    0.197559  0.00379366
          94    0.263962    0.198265  0.00381899
          95    0.159391    0.197856  0.00380066
          96    0.140298    0.197257  0.00380836
          97    0.187162    0.197152  0.00377033
          98    0.272077    0.197917  0.00380917
          99    0.144189    0.197374  0.00380935
         100    0.209905      0.1975  0.00377315
