1.51805
1.4398
1.48918
1.52725
1.51448
1.50436
1.49856
1.51478
1.53726
1.52337
1.5175
1.50541
1.49981
1.50066
1.52111
1.52082
1.51014
1.51213
1.50989
1.50313
1.51075
1.51615
1.51266
1.5082
1.5052
1.50872
1.50358
1.50276
1.4987
1.49958
1.49933
1.49508
1.4933
1.49092
1.49027
1.48983
1.49115
1.49166
1.48921
1.49033
1.49171
1.49125
1.49541
1.49138
1.49379
1.49374
1.4934
1.49111
1.48895
1.48857
1.48607
1.48957
1.48918
1.49064
1.4894
1.49097
1.4912
1.49426
1.49737
1.49722
1.49497
1.4938
1.49247
1.49369
1.49374
1.49218
1.49405
1.4929
1.4949
1.49408
1.49201
1.49272
1.4927
1.49112
1.4928
1.49248
1.49165
1.4935
1.49241
1.49195
1.49268
1.49219
1.49269
1.49203
1.49151
1.49236
1.49386
1.49182
1.49262
1.4932
1.49284
1.49257
1.49261
1.49285
1.49224
1.49206
1.49161
1.49296
1.49326
1.49335
1.49357
1.4953
1.49569
1.49469
1.49524
1.49573
1.49622
1.4963
1.49736
1.49764
1.49707
1.49697
1.49602
1.49509
1.49485
1.49477
1.4957
1.49499
1.49574
1.49494
1.49418
1.49372
1.49416
1.49368
1.49361
1.49325
1.49325
1.49243
1.49216
1.49246
1.49191
1.49137
1.49116
1.49051
1.49011
1.49049
1.49135
1.49132
1.4912
1.49215
1.49185
1.49303
1.49372
1.494
1.49421
1.49517
1.49548
1.49576
1.49581
1.49635
1.49652
1.49723
1.4981
1.49839
1.49861
1.49874
1.49842
1.49798
1.49853
1.49821
1.49809
1.49846
1.49901
1.49858
1.49818
1.49759
1.49694
1.49692
1.49645
1.49632
1.49591
1.49576
1.49542
1.49498
1.49505
1.49398
1.49365
1.49413
1.49424
1.49398
1.49528
1.49538
1.49586
1.49603
1.49624
1.49581
1.49619
1.49639
1.49673
1.49687
1.49692
1.49669
1.49645
1.49623
1.49604
1.49605
1.49592
1.49586
1.49619
1.49614
1.49593
1.49556
1.49613
1.49668
1.49608
1.49626
1.49511
1.4944
1.49485
1.4945
1.49537
1.49591
1.49587
1.49567
1.49571
1.49561
1.49522
1.49596
1.49636
1.49628
1.49748
1.49735
1.49755
1.49785
1.49778
1.49717
1.49705
1.49664
1.49669
1.49676
1.49614
1.49607
1.49596
1.49582
1.49587
1.49663
1.49663
1.49665
1.49698
1.49665
1.49657
1.49664
1.49656
1.49632
1.49635
1.49646
1.49673
1.49666
1.49596
1.49628
1.49633
1.49629
1.4961
1.49671
1.49673
1.49663
1.49687
1.49745
1.49795
1.49722
1.49774
1.49763
1.4976
1.49794
1.49739
1.49737
1.49684
1.49704
1.49667
1.49608
1.49609
1.49597
1.49601
1.49654
1.49666
1.49619
1.49702
1.49686
1.49741
1.49755
1.49747
1.49763
1.49797
1.49775
1.4975
1.49771
1.49794
1.49743
1.49724
1.49746
1.49744
1.49728
1.49771
1.49793
1.4976
1.49799
1.49787
1.49855
1.4987
1.49846
1.4978
1.49768
1.49734
1.49735
1.49697
1.49683
1.49659
1.49635
1.49617
1.49616
1.49662
1.49648
1.49667
1.49679
1.49679
1.49639
1.49604
1.4961
1.49647
1.49676
1.49721
1.49785
1.49778
1.49762
1.49732
1.4972
1.49751
1.49761
1.49739
1.49732
1.49731
1.4972
1.49675
1.49659
1.49636
1.49654
1.49644
1.49663
1.49679
1.49672
1.49712
1.49731
1.49712
1.49726
1.4971
1.49713
1.49725
1.49741
1.49713
1.49712
1.49665
1.49693
1.49697
1.49695
1.49671
1.49704
1.49738
1.49725
1.49699
1.4966
1.49673
1.49683
1.49721
1.4974
1.49741
1.4976
1.49763
1.49746
1.498
1.4983
1.49791
1.49805
1.49796
1.4977
1.49738
1.49759
1.49728
1.49737
1.4974
1.4979
1.49785
1.49763
1.49759
1.49747
1.4974
1.49766
1.49768
1.49788
1.49765
1.49788
1.49831
1.49861
1.49867
1.4984
1.49822
1.49828
1.4984
1.49864
1.49893
1.49904
1.49923
1.49914
1.49909
1.49896
1.4989
1.49908
1.49918
1.49927
1.49926
1.49908
1.49889
1.49901
1.49905
1.49943
1.49943
1.499
1.49899
1.49878
1.49887
1.49911
1.49924
1.49914
1.49916
1.49897
1.49902
1.49903
1.49907
1.49931
1.49911
1.49885
1.49891
1.49863
1.4987
1.49828
1.49825
1.49816
1.498
1.49794
1.49805
1.49838
1.49856
1.49826
1.49855
1.4985
1.49827
1.49818
1.49827
1.49813
1.498
1.49799
1.49804
1.49813
1.49816
1.49802
1.49802
1.49827
1.49834
1.49821
1.49806
1.4979
1.49782
1.49788
1.4982
1.49867
1.49903
1.49942
1.49953
1.49949
1.4996
1.49936
1.49954
1.49956
1.49998
1.50012
1.50007
1.50017
1.50028
1.49995
1.49969
1.49958
1.49948
1.49938
1.49935
1.49923
1.49904
1.49916
1.49939
1.49966
1.49961
1.49947
1.49942
1.49919
1.49917
1.49903
1.49907
1.49881
1.49878
1.49887
1.49914
1.49862
