5.23441
4.95977
4.93327
4.98476
4.97571
4.93208
4.97113
4.96865
4.94172
4.99734
5.03659
5.03003
5.0347
5.01304
5.05713
5.08975
5.07021
5.08094
5.08308
5.07042
5.10161
5.08169
5.07821
5.06479
5.0558
5.05352
5.04336
5.03416
5.035
5.03398
5.03865
5.04423
5.04691
5.04593
5.04509
5.05345
5.04973
5.05188
5.05063
5.05483
5.05528
5.05767
5.05578
5.04363
5.04397
5.03996
5.03854
5.04095
5.03774
5.03492
5.03634
5.03031
5.02969
5.02945
5.02799
5.03087
5.03972
5.03272
5.03297
5.03224
5.03039
5.03546
5.03674
5.03654
5.03279
5.03817
5.03665
5.03867
5.0366
5.03382
5.03786
5.03731
5.03475
5.03405
5.04036
5.0409
5.04038
5.04593
5.05065
5.05506
5.05129
5.04756
5.04927
5.04775
5.04502
5.04439
5.04174
5.04458
5.04128
5.0399
5.03876
5.03901
5.03987
5.04108
5.04134
5.04091
5.04041
5.03686
5.03715
5.03637
5.03516
5.03666
5.03687
5.03768
5.0374
5.03596
5.03372
5.03447
5.03615
5.03189
5.03457
5.03384
5.03104
5.03104
5.0307
5.03442
5.03672
5.03482
5.03826
5.04033
5.04336
5.04344
5.04311
5.04375
5.04586
5.04643
5.04924
5.04801
5.04865
5.05044
5.0477
5.04872
5.04973
5.04878
5.04856
5.04936
5.04959
5.0495
5.04879
5.05106
5.05224
5.05149
5.05474
5.0515
5.0528
5.05269
5.0524
5.05583
5.05543
5.0568
5.05623
5.05438
5.05294
5.05116
5.04922
5.05139
5.05152
5.05135
5.05107
5.05158
5.04914
5.04805
5.04806
5.04824
5.05001
5.04893
5.04811
5.04664
5.04645
5.04778
5.04671
5.04706
5.04387
5.04533
5.04472
5.04498
5.04379
5.04429
5.04435
5.04328
5.04556
5.04361
5.04469
5.04398
5.04364
5.04478
5.04424
5.04381
5.04205
5.04435
5.0429
5.04139
5.04127
5.04009
5.04014
5.03729
5.03692
5.03831
5.03718
5.03557
5.03359
5.03288
5.03358
5.03509
5.03512
5.0359
5.03528
5.03488
5.03518
5.0356
5.03417
5.03375
5.03506
5.03562
5.03619
5.0354
5.03523
5.03516
5.03709
5.03659
5.03698
5.03638
5.03509
5.03437
5.03352
5.03255
5.03097
5.02997
5.02884
5.02789
5.02714
5.0265
5.02613
5.02576
5.02466
5.02432
5.0243
5.02353
5.02293
5.02378
5.02406
5.02568
5.02543
5.02498
5.02546
5.02539
5.02573
5.0292
5.02941
5.02986
5.0289
5.02885
5.02855
5.02801
5.02694
5.02712
5.02688
5.02656
5.02558
5.02671
5.02695
5.02742
5.02734
5.02676
5.0265
5.0269
5.02756
5.02782
5.02721
5.02684
5.02686
5.02605
5.02764
5.02738
5.02745
5.0267
5.02724
5.02574
5.02608
5.02625
5.02607
5.02457
5.02346
5.02243
5.02421
5.02349
5.02263
5.02317
5.02233
5.02227
5.02202
5.02051
5.0196
5.02061
5.02197
5.02273
5.02242
5.02299
5.02272
5.02447
5.02458
5.02524
5.0251
5.02698
5.02623
5.02573
5.0262
5.02559
5.0257
5.02478
5.02423
5.02625
5.02676
5.02702
5.02701
5.02693
5.02589
5.02574
5.02471
5.02248
5.02252
5.02276
5.0235
5.02321
5.02309
5.0238
5.02479
5.02463
5.02487
5.02491
5.02533
5.02631
5.02538
5.02478
5.02626
5.02639
5.02508
5.02604
5.02572
5.02668
5.02601
5.02575
5.02541
5.025
5.02511
5.02509
5.02503
5.02433
5.02465
5.02548
5.02542
5.02468
5.02377
5.02308
5.02416
5.02424
5.02416
5.02389
5.02381
5.02431
5.02411
5.02444
5.0245
5.02525
5.0249
5.02495
5.02558
5.02612
5.02538
5.024
5.02367
5.02345
5.02351
5.02405
5.02474
5.02344
5.02298
5.02294
5.0222
5.02205
5.02331
5.02296
5.02197
5.02141
5.02037
5.02048
5.02008
5.02079
5.02084
5.01937
5.0193
5.01876
5.01881
5.01909
5.01857
5.01829
5.01814
5.0184
5.01898
5.01906
5.01884
5.02062
5.02095
5.02181
5.02182
5.0215
5.02152
5.02161
5.0229
5.02184
5.02176
5.02176
5.0211
5.02144
5.02099
5.02152
5.02219
5.02198
5.02216
5.02226
5.02254
5.02181
5.0218
5.02127
5.0209
5.02042
5.02016
5.01976
5.02
5.01897
5.01812
5.01867
5.01862
5.01973
5.02058
5.02039
5.01999
5.01965
5.01995
5.01989
5.01916
5.01959
5.01904
5.01886
5.01813
5.01846
5.01837
5.01802
5.01822
5.01788
5.01742
5.01742
5.01776
5.01733
5.01797
5.01785
5.01772
5.01767
5.01777
5.01732
5.01713
5.01704
5.01658
5.01651
5.01648
5.01705
5.01743
5.01739
5.01699
5.01683
5.01643
5.01742
5.01704
5.01636
5.01667
5.01704
5.01707
5.01738
5.01743
5.0171
5.01727
5.01695
5.01693
5.01606
5.01618
5.01599
5.01562
5.01612
5.01573
5.01502
5.0149
5.01585
5.0153
5.01497
5.01494
5.01435
5.0139
5.01282
5.01322
5.01295
