0
0.274639
0.160761
0.124791
0.0970858
0.0904831
0.0858657
0.074403
0.0709284
0.0843696
0.0858139
0.078611
0.0724621
0.0704955
0.0790646
0.0808321
0.078404
0.0746947
0.0706866
0.0682446
0.0720202
0.0715007
0.0684098
0.0668579
0.0647549
0.0622563
0.0607619
0.0592703
0.0571962
0.0552661
0.0536571
0.0522526
0.0507153
0.0492109
0.0477915
0.0471906
0.0460477
0.0448711
0.0437235
0.0428229
0.0417679
0.0408311
0.0399151
0.0408437
0.0399272
0.0392551
0.0384367
0.0377044
0.0370661
0.0364265
0.0357331
0.035555
0.0348832
0.0342319
0.0336357
0.0331555
0.0337482
0.0338916
0.0333132
0.0327616
0.032273
0.0321507
0.0316623
0.0311643
0.0309099
0.0309105
0.0304837
0.0301003
0.0297332
0.0294376
0.0293006
0.028896
0.0286121
0.0282315
0.0285593
0.0281861
0.0278226
0.0280196
0.0280618
0.0280574
0.0279633
0.0278708
0.0275858
0.0272976
0.0271126
0.0268028
0.0266255
0.0264733
0.0263811
0.0261228
0.025859
0.0255775
0.0253159
0.0250742
0.0248102
0.0245542
0.024305
0.0243157
0.0240706
0.0238413
0.0236352
0.0234505
0.0232227
0.0230124
0.022794
0.0226234
0.022523
0.0223262
0.0221839
0.0223911
0.02235
0.0221615
0.0221421
0.021947
0.021758
0.0218885
0.0218222
0.0217194
0.0218096
0.0217257
0.0217578
0.0215788
0.021405
0.0212413
0.021176
0.0210148
0.0210374
0.0209087
0.0207558
0.0206731
0.0206967
0.0205649
0.0204344
0.0203033
0.0201536
0.0200209
0.0198755
0.0197312
0.0196016
0.0195926
0.0194887
0.0193655
0.0195036
0.0196375
0.019545
0.019411
0.0192807
0.0194548
0.019328
0.0192474
0.019128
0.0190913
0.019021
0.0189809
0.0189569
0.0189592
0.0188385
0.0187197
0.0186037
0.0184942
0.0185408
0.0184578
0.0183443
0.0182329
0.0182085
0.0181309
0.0180407
0.0179931
0.0178872
0.0178314
0.0177593
0.0176593
0.0178442
0.0178012
0.0177099
0.0176109
0.0175514
0.0174598
0.0173621
0.0172983
0.0173533
0.0173685
0.0173074
0.0172275
0.0171376
0.0170835
0.0170006
0.0169153
0.0169175
0.0169845
0.0169577
0.0169367
0.0168492
0.016803
0.0167167
0.0168728
0.0167912
0.0167641
0.0167182
0.0167116
0.0167458
0.0166777
0.01661
0.0165969
0.0165157
0.0164541
0.0163864
0.0163124
0.0162371
0.0161649
0.0161516
0.0160808
0.016059
0.0159935
0.0159291
0.0158746
0.0158022
0.0157297
0.015776
0.0157121
0.0156456
0.0155862
0.0155697
0.0155171
0.0154712
0.015433
0.0154465
0.0154109
0.0153849
0.0153473
0.0152989
0.0152463
0.0151852
0.0151248
0.0151002
0.0150401
0.0149765
0.0149335
0.0148829
0.014845
0.014786
0.014814
0.0147551
0.0147015
0.0146493
0.0145898
0.0145346
0.014887
0.0148286
0.014776
0.0147482
0.0146896
0.0146346
0.0145869
0.014569
0.0145131
0.0144585
0.0144059
0.0143835
0.0143721
0.014319
0.014272
0.0142178
0.0141757
0.0141246
0.0140771
0.0140399
0.0139899
0.0139509
0.0139042
0.0138528
0.0138254
0.0138654
0.0138171
0.013767
0.0137376
0.0136986
0.0137312
0.0136862
0.0136383
0.0135908
0.0136258
0.0136225
0.0136133
0.0136812
0.0136525
0.0136318
0.0135951
0.0135738
0.013527
0.0134828
0.0135209
0.0135055
0.0134971
0.0135197
0.0134955
0.0134536
0.0134205
0.0133783
0.0134477
0.0134034
0.0133749
0.0133314
0.0134193
0.0133962
0.0133615
0.0133261
0.0132964
0.0132538
0.0132426
0.0132118
0.0133236
0.0132909
0.0132511
0.013209
0.0131674
0.013167
0.0131264
0.0131252
0.0132737
0.0132324
0.0131934
0.013173
0.0131354
0.0130955
0.0130747
0.0130719
0.013033
0.0129955
0.0129561
0.0129237
0.0129217
0.0129164
0.0128919
0.0129392
0.0129013
0.0129301
0.012928
0.0128939
0.0128919
0.0128715
0.0128364
0.0128036
0.0127729
0.0127363
0.0126995
0.012663
0.0126458
0.0126136
0.0126047
0.0125689
0.0125547
0.0125527
0.0125362
0.0125478
0.0125128
0.012478
0.012446
0.0124115
0.012387
0.0123544
0.0123247
0.0122908
0.0122798
0.0122511
0.0122177
0.0122008
0.0121798
0.0121692
0.0122151
0.0121865
0.0121558
0.0121234
0.012103
0.0120904
0.0121285
0.0121048
0.0120728
0.0120639
0.012033
0.0120671
0.0120406
0.0120498
0.0120313
0.012045
0.0120143
0.01199
0.0119802
0.0119495
0.0120089
0.0119784
0.0119598
0.0119294
0.0119025
0.0118838
0.0118572
0.0118281
0.0118013
0.0117858
0.0117566
0.0117292
0.011834
0.0118093
0.0118115
0.0117823
0.0117579
0.011729
0.0117006
0.0117431
0.0117621
0.0117337
0.0117052
0.0116952
0.0116718
0.0116521
0.011636
0.0116274
0.0116015
0.0115751
0.011548
0.0115238
0.0115198
0.0114926
0.0114776
0.0114565
0.0114396
0.0114158
0.0113959
0.0113718
0.0113919
0.0113975
0.0113844
0.0113582
0.0113861
0.0113922
0.0113677
0.0113489
0.011328
0.0113063
0.0112807
0.0112786
0.0112613
0.0112493
0.0112254
0.0112239
0.0112037
0.0111791
0.0111594
0.0111362
0.0111166
0.0111012
0.0110766
0.0110576
0.0110417
0.011036
0.0110125
0.0109891
0.0109652
0.0109417
0.0109272
0.010905
0.0108818
0.0108681
0.0108449
0.0108216
0.0108136
0.010797
0.010774
0.0107586
0.0107369
0.0107213
0.0107438
0.0107276
0.0107263
0.0107082
0.0106921
0.0106697
0.0106517
0.0106296
0.0106127
0.0105921
0.0105749
0.010553
0.0105668
0.0105457
0.0105256
0.0105106
0.010501
0.0104867
0.0104894
0.0104687
0.0104901
0.010483
0.0104671
0.0104459
0.0104417
0.0104301
0.0104659
0.0104525
0.010435
