0
0.0782599
0.0669373
0.0607388
0.0487505
0.0410707
0.0351913
0.0345239
0.0378463
0.0365887
0.033613
0.0329792
0.0308489
0.028573
0.0335534
0.0313877
0.0313573
0.0296305
0.0281171
0.0275181
0.0272615
0.0265494
0.0256081
0.02492
0.0240905
0.0234118
0.0231058
0.0222806
0.0218777
0.0211541
0.020462
0.0202626
0.0197196
0.0192779
0.0187305
0.0182079
0.0177583
0.017292
0.0170205
0.0166275
0.0162755
0.01589
0.016065
0.0162065
0.0160254
0.0156733
0.0153399
0.0151911
0.0150329
0.0147342
0.0146563
0.0147923
0.0145158
0.0143186
0.0141097
0.0139435
0.0136987
0.0138028
0.0139181
0.013685
0.0136457
0.0134744
0.0133251
0.0131712
0.0129671
0.0128632
0.0128071
0.0126704
0.0126453
0.01249
0.0124864
0.0123324
0.0121623
0.0121011
0.012056
0.0119004
0.0117742
0.0117683
0.0116698
0.0115319
0.011412
0.0112827
0.0111572
0.0110434
0.010925
0.0108301
0.01081
0.0108787
0.0107855
0.0106806
0.0105687
0.0104567
0.0103438
0.010236
0.0101459
0.0100413
0.00994752
0.009938
0.0098417
0.00974319
0.00964874
0.00970853
0.00962198
0.00958211
0.00950666
0.00942892
0.00935326
0.00926662
0.00924211
0.00916191
0.00909644
0.00901547
0.00898532
0.00895439
0.00887939
0.00880291
0.00877714
0.00873146
0.00868984
0.00865381
0.00861603
0.00855738
0.008499
0.00844405
0.00837648
0.00831781
0.00825206
0.00822893
0.00816941
0.00811209
0.00806872
0.00802577
0.00796792
0.00793513
0.0078863
0.00783736
0.00782784
0.00777096
0.00771593
0.00772012
0.00767093
0.00770607
0.00768341
0.0076352
0.0075852
0.0075935
0.0075483
0.0075022
0.00745186
0.00742161
0.00737428
0.0073594
0.00736324
0.00732099
0.00727682
0.00723125
0.00719211
0.00715979
0.00713527
0.00709752
0.00705432
0.00702025
0.006999
0.00696975
0.00693898
0.00692216
0.00691078
0.00686957
0.00684456
0.0068055
0.00677777
0.00673994
0.00670949
0.00668526
0.00664727
0.00669475
0.00666499
0.00664449
0.00660821
0.00657657
0.0066672
0.00663123
0.00661233
0.00657853
0.00654634
0.00652568
0.00650182
0.00647035
0.00644494
0.00641247
0.00637904
0.00634996
0.00632157
0.00629289
0.00626343
0.00623141
0.00620112
0.00617002
0.00614822
0.00611763
0.00609071
0.00607223
0.00606903
0.00606438
0.00606454
0.00603783
0.00611812
0.00612949
0.00611645
0.00609712
0.0061299
0.00612457
0.00609587
0.00607043
0.00604223
0.00601493
0.00600006
0.00601754
0.00600382
0.00597703
0.00606866
0.00604251
0.00601854
0.00599939
0.00597317
0.0059778
0.0059526
0.00594023
0.0059144
0.00588901
0.00589596
0.00587087
0.00584662
0.00582337
0.00579877
0.00582371
0.00579908
0.00577472
0.00576006
0.00574569
0.00572232
0.00569897
0.00567602
0.00565765
0.00563457
0.00561278
0.00559641
0.00557419
0.00559572
0.00558197
0.00555998
0.00553805
0.00551941
0.00553168
0.00550996
0.00548918
0.00547305
0.005482
0.0054843
0.00551273
0.00551645
0.00549636
0.00547556
0.00546583
0.00547352
0.00545293
0.00545873
0.00544197
0.00543385
0.00544648
0.00542638
0.00540779
0.00538806
0.00539492
0.00537655
0.00537706
0.00542147
0.00540429
0.00541247
0.00539505
0.00537647
0.00535985
0.00535151
0.00533727
0.00532451
0.00531026
0.00529672
0.00530351
0.00528853
0.00527497
0.00525685
0.00524116
0.00524093
0.00522771
0.00522025
0.00521672
0.00520036
0.00522673
0.00521147
0.00519963
0.00522485
0.00520878
0.00520309
0.00518596
0.00518265
0.00516752
0.00515649
0.00514529
0.00513164
0.00511507
0.00511921
0.00510471
0.00509189
0.00507704
0.0050609
0.00506045
0.0050567
0.00504114
0.00503875
0.00503158
0.00503606
0.00506072
0.00504557
0.00503255
0.00502571
0.0050118
0.00500634
0.004992
0.00498162
0.00496702
0.004952
0.00493843
0.00494358
0.00493157
0.0049219
0.00491037
0.00489683
0.00488598
0.00487428
0.00486047
0.00486309
0.00485244
0.00484178
0.00482964
0.00481819
0.00480431
0.00479197
0.00478086
0.00477553
0.00476188
0.0047718
0.00476654
0.00475322
0.0047398
0.00473287
0.00473154
0.00473034
0.00471889
0.00471301
0.00471597
0.00470471
0.00469264
0.00469557
0.00468661
0.00467375
0.00466515
0.00465251
0.00464305
0.00466233
0.0046593
0.00466293
0.00465237
0.00464084
0.00463531
0.00463397
0.00462602
0.00462372
0.00461225
0.00460021
0.00461493
0.00460303
0.00459656
0.00458468
0.00457431
0.00456291
0.00455829
0.00454655
0.00453891
0.004533
0.00452723
0.00453581
0.00453422
0.0045231
0.00451969
0.00451172
0.00450072
0.00449087
0.00448611
0.0044844
0.00447437
0.0044672
0.00445688
0.00444604
0.00443695
0.00442645
0.00441935
0.00440966
0.00439965
0.0043889
0.0043815
0.00437497
0.00436575
0.0043554
0.00436138
0.00435086
0.00436177
0.00435131
0.00434598
0.00433664
0.00433249
0.00432439
0.0043154
0.00430523
0.00429916
0.00428935
0.00427927
0.00426944
0.00426616
0.00426101
0.00425914
0.00424973
0.00424908
0.00423979
0.00425049
0.00424082
0.00423196
0.00422554
0.00421621
0.00420783
0.00421168
0.00420582
0.00420687
0.0042075
0.00419832
0.00419555
0.00418704
0.00417868
0.0041718
0.00416449
0.00415523
0.00414629
0.00413804
0.00412905
0.00412263
0.00411356
0.00411226
0.00410384
0.0040969
0.00409065
0.00408493
0.00407682
0.00406839
0.0040725
0.00409029
0.00409701
0.00410677
0.00409948
0.00409086
0.00408354
0.00408166
0.00407697
0.00406837
0.00408149
0.0040751
0.00406685
0.00405955
0.00405273
0.00405784
0.00405779
0.00405074
0.00404377
0.00403651
0.00402826
0.00402157
0.00401785
0.00401141
0.00400927
0.0040104
0.00400252
0.00399671
0.00398891
0.00398703
0.00397899
0.00397366
0.00396586
0.00396639
0.00395848
0.00395139
0.00395268
0.00397889
