0
0.00155792
0.00120281
0.00089979
0.000715043
0.000640654
0.000542659
0.000662869
0.000934833
0.000856094
0.000827403
0.000756671
0.000710679
0.000663366
0.000678859
0.000635647
0.000605002
0.000570524
0.000557069
0.000546748
0.000557918
0.00060333
0.000581974
0.000557328
0.000538768
0.00051987
0.000500331
0.00048783
0.000471063
0.000463749
0.000448663
0.00044232
0.000439241
0.000427045
0.000426411
0.000421369
0.000411035
0.000401394
0.0003921
0.000384158
0.000379554
0.000370674
0.000362342
0.000358552
0.000350858
0.000354784
0.000349878
0.000350929
0.00034472
0.000338544
0.000332272
0.000332099
0.00032613
0.000320732
0.000315613
0.000311033
0.000315636
0.000311181
0.000310639
0.000305995
0.000303742
0.000300587
0.000295779
0.000292722
0.000293779
0.000290846
0.000286939
0.000282689
0.000282442
0.000278708
0.000275236
0.000271554
0.000269475
0.000266614
0.000263367
0.000260272
0.000257086
0.000253775
0.000251758
0.000248647
0.000245987
0.00025138
0.000248355
0.000245397
0.000242887
0.000242465
0.000240559
0.000239299
0.000236899
0.000234324
0.000233848
0.00023693
0.000234405
0.000232007
0.000231386
0.000228963
0.000227152
0.000227205
0.000225092
0.000222892
