1.5801
1.58758
1.59523
1.60593
1.61527
1.61888
1.61788
1.62554
1.62353
1.62501
1.62656
1.62663
1.62759
1.62985
1.62874
1.62942
1.63069
1.63013
1.63018
1.63119
1.63373
1.63378
1.63438
1.63314
1.63291
1.63227
1.6325
1.63266
1.63331
1.631
1.63116
1.63117
1.63349
1.63358
1.63242
1.63241
1.63206
1.63122
1.63064
1.63004
1.63053
1.63033
1.6298
1.62948
1.62997
1.62911
1.62937
1.62896
1.62975
1.62968
1.63057
1.63037
1.62952
1.63003
1.62958
1.62883
1.62936
1.62843
1.63012
1.63066
1.63074
1.63037
1.63049
1.63029
1.63132
1.63239
1.63198
1.63179
1.63174
1.63182
1.63202
1.6316
1.63206
1.63246
1.63224
1.63179
1.63197
1.63233
1.63222
1.6325
1.63182
1.63131
1.63132
1.63133
1.63074
1.63087
1.63106
1.63093
1.63054
1.63063
1.63085
1.63077
1.63091
1.63084
1.63087
1.63043
1.62999
1.6298
1.63004
1.63032
1.63045
1.62997
1.62987
1.63025
1.63037
1.63026
1.63022
1.62969
1.62964
1.63
1.62948
1.62917
1.6291
1.6294
1.62914
1.62954
1.62957
1.62959
1.62945
1.62942
1.62953
1.62979
1.63012
1.63027
1.63067
1.63068
1.63079
1.63062
1.63038
1.63029
1.63012
1.62997
1.63012
1.62988
1.62973
1.62965
1.62957
1.62936
1.62951
1.62969
1.62972
1.62978
1.62976
1.62997
1.62972
1.6298
1.62974
1.62975
1.62975
1.62977
1.62992
1.62981
1.63002
1.62997
1.62996
1.62994
1.63
1.63005
1.62993
1.62974
1.62965
1.62993
1.62964
1.62949
1.62941
1.62938
1.62952
1.62963
1.62974
1.62972
1.62965
1.62965
1.62968
1.6298
1.62977
1.62983
1.62983
1.62973
1.62946
1.62931
1.62957
1.62946
1.62952
1.62966
1.62962
1.62981
1.6298
1.62975
1.62968
1.62967
1.62955
1.62928
1.6294
1.62933
1.62929
1.62923
1.62928
1.62933
1.62931
1.62914
1.62941
1.62923
1.62912
1.62897
1.62908
1.62927
1.62914
1.62909
1.62903
1.62904
1.62901
1.62884
1.62876
1.62868
1.62879
1.62884
1.62884
1.62905
1.62891
1.6288
1.62867
1.62884
1.62864
1.62825
1.62814
1.6281
1.62804
1.62804
1.6281
1.62789
1.62798
1.62795
1.6279
1.62771
1.62777
1.62801
1.6279
1.628
1.62807
1.62818
1.6285
1.62848
1.62844
1.62846
1.62844
1.62855
1.6286
1.62869
1.62865
1.62845
1.62842
1.62842
1.62858
1.62875
1.62896
1.62911
1.62916
1.62894
1.62872
1.62882
1.62897
1.62892
1.62902
1.62899
1.62894
1.62896
1.62887
1.6289
1.62875
1.6288
1.62891
1.62909
1.62907
1.62914
1.62917
1.62925
1.62922
1.62915
1.62913
1.629
1.62912
1.62912
1.6289
1.62887
1.62879
1.62887
1.6289
1.62899
1.62913
1.62922
1.62932
1.62939
1.62945
1.6296
1.62963
1.62972
1.62968
1.62966
1.62964
1.62972
1.62973
1.62969
1.62978
1.62978
1.62977
1.62975
1.62993
1.62998
1.63015
1.63017
1.63013
1.63007
1.63014
1.63008
1.62994
1.62989
1.62994
1.62979
1.62993
1.63005
1.62995
1.62992
1.62975
1.62951
1.62956
1.62964
1.62952
1.62946
1.62952
1.62949
1.62939
1.62944
1.62941
1.62942
1.62964
1.62943
1.62944
1.62957
1.6296
1.62965
1.62969
1.62969
1.62972
1.62981
1.62989
1.62992
1.62993
1.62999
1.62986
1.62997
1.62995
1.63001
1.63002
1.62989
1.63001
1.63004
1.63003
1.63004
1.63011
1.63019
1.63018
1.63008
1.6301
1.63007
1.63006
1.63019
1.63017
1.63004
1.63019
1.63019
1.63016
1.63012
1.63029
1.6303
1.63042
1.63038
1.63028
1.63039
1.63044
1.63047
1.63049
1.63048
1.63047
1.63045
1.63042
1.6305
1.63034
1.63027
1.63031
1.63026
1.63025
1.63036
1.6304
1.63047
1.63056
1.63054
1.63044
1.63043
1.6304
1.63034
1.63025
1.63017
1.63011
1.63015
1.63016
1.63019
1.63017
1.63029
1.63031
1.63034
1.63018
1.63018
1.63004
1.63003
1.63012
1.63008
1.63016
1.63008
1.62999
1.62991
1.62983
1.62993
1.62983
1.62988
1.62987
1.62999
1.62999
1.63004
1.63006
1.63011
1.63012
1.63014
1.63003
1.62997
1.63001
1.62996
1.62989
1.63006
1.63001
1.6299
1.62993
1.62985
1.62981
1.62992
1.62995
1.63007
1.63001
1.63007
1.62999
1.63009
1.63015
1.63011
1.63011
1.63016
1.63017
1.63013
1.63016
1.63018
1.63022
1.63016
1.63004
1.6301
1.63007
1.63005
1.63003
1.62997
1.62987
1.62997
1.62999
1.62991
1.6299
1.62995
1.63001
1.6301
1.63023
1.63015
1.63017
1.6301
1.63013
1.63003
1.62996
1.63
1.62998
1.62993
1.62991
1.62995
1.62991
1.62994
1.63004
1.63011
1.63003
1.63006
1.6301
1.63013
1.63016
1.63006
1.63005
1.63009
1.6301
1.63009
1.63015
1.63008
1.6301
1.63013
1.63005
1.62998
1.62995
1.62997
1.6299
1.62988
1.62979
1.62982
1.62986
1.62984
1.62983
1.62983
1.62991
1.62996
1.62992
1.62991
1.62985
1.62984
1.62981
1.62971
1.62974
1.62968
1.62965
1.62971
1.62979
1.62989
1.62982
1.62976
1.62969
1.62968
1.62965
1.62972
1.62984
1.62996
1.62993
1.62992
1.62998
1.63006
1.6301
1.63014
1.63018
1.63015
1.63014
1.63014
1.63018
1.63023
1.63023
1.6302
1.63024
1.63026
1.63031
1.63035
1.63034
1.63035
1.63036
1.63031
1.63039
1.63043
1.63049
1.63053
1.63056
1.63057
1.63054
1.63045
1.63051
1.63046
1.63044
1.63044
1.6305
1.63055
1.63055
1.63052
1.63052
1.63051
1.63058
1.6306
1.63052
1.63055
1.63057
1.63063
1.63061
1.63059
1.63058
1.63063
1.63071
1.63072
1.63077
1.63078
1.63081
1.63086
1.6309
1.63096
1.63101
1.63102
1.63105
1.63102
1.63106
1.63103
1.63108
1.63109
1.63105
1.63098
1.63103
1.63104
1.63114
1.63119
1.63121
1.63118
1.63117
1.63112
1.63113
1.63114
1.63103
1.6311
1.63111
1.63116
1.63112
1.63115
1.63115
1.63117
1.63114
1.63109
1.63113
1.63111
1.63121
1.63114
1.6311
1.63109
1.63108
1.63111
1.63116
1.63118
1.63115
1.63116
1.63122
1.63128
1.6313
1.63125
1.6312
1.6312
1.63114
1.63111
1.63108
1.63108
1.63112
1.6311
1.63114
1.63112
1.6311
1.63108
1.63108
1.63104
1.63102
1.63101
1.63103
1.63106
1.6311
1.63113
1.63114
1.63117
1.63115
1.63118
1.63116
1.63115
1.63115
1.63107
1.63105
1.63104
1.631
1.63099
1.63091
1.63097
1.63095
1.63098
1.63103
1.63103
1.63101
1.63108
1.63107
1.63119
1.63116
1.63122
1.63126
1.63133
1.63137
1.63136
1.6314
1.63132
1.63135
1.63136
1.63138
1.63133
1.6313
1.63133
1.63132
1.63139
1.63142
1.6314
1.63143
1.63139
1.6314
1.63137
1.63133
1.63134
1.63138
1.63143
1.63148
1.63149
1.63138
1.63141
1.63137
1.63138
1.6314
1.63144
1.63144
1.63143
1.6315
1.63147
1.63153
1.63157
1.63155
1.63159
1.6316
1.63157
1.63156
1.63155
1.63153
1.63153
1.6315
1.63155
1.63158
1.63153
1.63151
1.63154
1.63148
1.63143
1.63144
1.6315
1.63151
1.63148
1.63148
1.63145
1.63147
1.63152
1.63149
1.63147
1.63142
1.63142
1.6314
1.63145
1.63149
1.63142
1.63148
1.63146
1.63145
1.63144
1.63145
1.63145
1.63148
1.63147
1.63148
1.63145
1.63149
1.63149
1.63148
1.63153
1.63152
1.6315
1.63151
1.63148
1.63145
1.63146
1.63142
1.63141
1.63141
1.63143
1.63142
1.63143
1.63141
1.63142
1.63143
1.63145
1.63145
1.63139
1.63139
1.63134
1.63131
1.63133
1.63132
1.63131
1.63128
1.63124
1.63115
1.63112
1.63114
1.63112
1.63108
1.63104
1.63104
1.63109
1.63107
1.63108
1.63111
1.63113
1.63114
1.63117
1.63119
1.6312
1.63122
1.63115
1.63113
1.63107
1.631
1.63102
1.631
1.63102
1.63102
1.63098
1.63098
1.63101
1.6311
1.63116
1.63116
1.63116
1.63123
1.63125
1.63126
1.63132
1.63131
1.63133
1.63131
1.63131
1.63134
1.63136
1.63139
1.63138
1.63138
1.63138
1.63138
1.63134
1.63132
1.63134
1.63139
1.63141
1.6314
1.63137
1.63143
1.63146
1.63143
1.63137
1.63148
1.63151
1.63151
1.63153
1.63148
1.6315
1.63154
1.63153
1.63153
1.63151
1.63151
1.63152
1.63152
1.63157
1.63157
1.63159
1.63163
1.63165
1.6316
1.63155
1.6316
1.6316
1.63159
1.63161
1.63163
1.6316
1.63159
1.63157
1.63158
1.63154
1.63152
1.63152
1.63151
1.6315
1.63151
1.63149
1.63153
1.6315
1.63161
1.63163
1.63165
1.63164
1.63165
1.63165
1.63169
1.63173
1.63171
1.63173
1.63171
1.63172
1.6317
1.6317
1.6317
1.63169
1.63171
1.63169
1.6317
1.63169
1.6317
1.6317
1.63164
1.63166
1.63166
1.63165
1.6317
1.63171
1.63172
1.63176
1.63178
1.63174
1.63177
1.63176
1.63174
1.63171
1.63175
1.6318
1.63178
1.63181
1.6318
1.63177
1.6318
1.63179
1.63183
1.63185
1.63187
1.63191
1.6319
1.63194
1.63196
1.63198
1.6319
1.63191
1.63196
1.63192
1.63183
1.63184
1.63183
1.6318
1.63183
1.63182
1.63187
1.63192
1.63191
1.6319
1.63191
1.63192
1.63198
1.63199
1.63196
1.63198
1.63201
1.63201
1.63198
1.63196
1.63196
1.63195
1.63196
1.63195
1.63199
1.632
1.63205
1.63206
1.6321
1.63208
1.63208
1.63211
1.6321
1.63209
1.63208
1.63206
1.63206
1.63206
1.63203
1.63198
1.63195
1.632
1.632
1.63199
1.63193
1.63195
1.63202
1.63209
1.63208
1.63205
1.63207
1.6321
