1.0534
1.05839
1.06349
1.07062
1.07685
1.07925
1.07858
1.0837
1.08235
1.08334
1.08437
1.08442
1.08506
1.08657
1.08583
1.08628
1.08713
1.08675
1.08678
1.08746
1.08915
1.08919
1.08959
1.08876
1.08861
1.08818
1.08833
1.08844
1.08887
1.08733
1.08744
1.08745
1.08899
1.08905
1.08828
1.08827
1.08804
1.08748
1.08709
1.08669
1.08702
1.08689
1.08654
1.08632
1.08665
1.08607
1.08625
1.08597
1.0865
1.08645
1.08705
1.08691
1.08635
1.08669
1.08639
1.08589
1.08624
1.08562
1.08675
1.08711
1.08716
1.08691
1.08699
1.08686
1.08755
1.08826
1.08799
1.08786
1.08783
1.08788
1.08801
1.08774
1.08804
1.08831
1.08816
1.08786
1.08798
1.08822
1.08814
1.08833
1.08788
1.08754
1.08755
1.08756
1.08716
1.08724
1.08737
1.08729
1.08703
1.08709
1.08723
1.08718
1.08727
1.08722
1.08725
1.08695
1.08666
1.08654
1.08669
1.08688
1.08697
1.08665
1.08658
1.08683
1.08691
1.08684
1.08681
1.08646
1.08643
1.08667
1.08632
1.08611
1.08607
1.08627
1.0861
1.08636
1.08638
1.08639
1.0863
1.08628
1.08635
1.08652
1.08675
1.08685
1.08712
1.08712
1.0872
1.08708
1.08692
1.08686
1.08675
1.08664
1.08675
1.08659
1.08649
1.08644
1.08638
1.08624
1.08634
1.08646
1.08648
1.08652
1.0865
1.08664
1.08648
1.08654
1.0865
1.0865
1.0865
1.08652
1.08662
1.08654
1.08668
1.08665
1.08664
1.08662
1.08666
1.0867
1.08662
1.08649
1.08643
1.08662
1.08643
1.08633
1.08627
1.08626
1.08635
1.08642
1.08649
1.08648
1.08643
1.08643
1.08645
1.08653
1.08651
1.08655
1.08656
1.08648
1.08631
1.08621
1.08638
1.08631
1.08634
1.08644
1.08641
1.08654
1.08654
1.0865
1.08645
1.08645
1.08637
1.08619
1.08626
1.08622
1.0862
1.08615
1.08619
1.08622
1.08621
1.08609
1.08627
1.08615
1.08608
1.08598
1.08605
1.08618
1.08609
1.08606
1.08602
1.08602
1.08601
1.08589
1.08584
1.08579
1.08586
1.08589
1.08589
1.08603
1.08594
1.08587
1.08578
1.0859
1.08576
1.0855
1.08543
1.0854
1.08536
1.08536
1.0854
1.08526
1.08532
1.0853
1.08527
1.08514
1.08518
1.08534
1.08527
1.08534
1.08538
1.08546
1.08567
1.08565
1.08563
1.08564
1.08562
1.0857
1.08573
1.0858
1.08576
1.08563
1.08561
1.08561
1.08572
1.08583
1.08597
1.08607
1.08611
1.08596
1.08581
1.08588
1.08598
1.08594
1.08601
1.08599
1.08596
1.08598
1.08591
1.08593
1.08583
1.08587
1.08594
1.08606
1.08605
1.08609
1.08611
1.08617
1.08615
1.0861
1.08608
1.086
1.08608
1.08608
1.08593
1.08592
1.08586
1.08591
1.08593
1.08599
1.08608
1.08615
1.08622
1.08626
1.0863
1.0864
1.08642
1.08648
1.08645
1.08644
1.08643
1.08648
1.08648
1.08646
1.08652
1.08652
1.08652
1.0865
1.08662
1.08665
1.08677
1.08678
1.08675
1.08671
1.08676
1.08672
1.08663
1.0866
1.08663
1.08653
1.08662
1.0867
1.08664
1.08662
1.0865
1.08634
1.08637
1.08643
1.08635
1.08631
1.08635
1.08633
1.08626
1.08629
1.08627
1.08628
1.08643
1.08629
1.0863
1.08638
1.0864
1.08643
1.08646
1.08646
1.08648
1.08654
1.08659
1.08661
1.08662
1.08666
1.08657
1.08665
1.08663
1.08667
1.08668
1.0866
1.08668
1.08669
1.08669
1.08669
1.08674
1.0868
1.08679
1.08672
1.08674
1.08671
1.08671
1.08679
1.08678
1.08669
1.0868
1.0868
1.08677
1.08675
1.08686
1.08687
1.08695
1.08692
1.08685
1.08693
1.08696
1.08698
1.087
1.08699
1.08698
1.08696
1.08695
1.087
1.08689
1.08684
1.08687
1.08684
1.08684
1.08691
1.08693
1.08698
1.08704
1.08703
1.08696
1.08695
1.08694
1.0869
1.08683
1.08678
1.08674
1.08676
1.08677
1.08679
1.08678
1.08686
1.08688
1.08689
1.08678
1.08679
1.08669
1.08669
1.08675
1.08672
1.08677
1.08672
1.08666
1.08661
1.08655
1.08662
1.08655
1.08659
1.08658
1.08666
1.08666
1.0867
1.08671
1.08674
1.08674
1.08676
1.08668
1.08664
1.08667
1.08664
1.08659
1.08671
1.08668
1.0866
1.08662
1.08657
1.08654
1.08661
1.08663
1.08671
1.08667
1.08671
1.08666
1.08673
1.08676
1.08674
1.08674
1.08678
1.08678
1.08675
1.08678
1.08679
1.08682
1.08677
1.08669
1.08673
1.08671
1.0867
1.08669
1.08664
1.08658
1.08665
1.08666
1.08661
1.0866
1.08664
1.08667
1.08673
1.08682
1.08677
1.08678
1.08673
1.08675
1.08669
1.08664
1.08666
1.08665
1.08662
1.08661
1.08663
1.08661
1.08663
1.08669
1.08674
1.08669
1.08671
1.08673
1.08675
1.08678
1.0867
1.0867
1.08673
1.08673
1.08673
1.08677
1.08672
1.08674
1.08675
1.0867
1.08665
1.08663
1.08664
1.0866
1.08659
1.08653
1.08655
1.08657
1.08656
1.08655
1.08656
1.08661
1.08664
1.08662
1.08661
1.08657
1.08656
1.08654
1.08647
1.08649
1.08646
1.08643
1.08647
1.08653
1.08659
1.08655
1.0865
1.08646
1.08646
1.08644
1.08648
1.08656
1.08664
1.08662
1.08661
1.08666
1.08671
1.08674
1.08676
1.08679
1.08677
1.08676
1.08676
1.08679
1.08682
1.08682
1.0868
1.08683
1.08684
1.08687
1.0869
1.08689
1.0869
1.08691
1.08687
1.08693
1.08695
1.08699
1.08702
1.08704
1.08705
1.08703
1.08696
1.087
1.08697
1.08696
1.08696
1.087
1.08703
1.08704
1.08701
1.08701
1.087
1.08705
1.08706
1.08701
1.08703
1.08705
1.08708
1.08708
1.08706
1.08705
1.08708
1.08714
1.08714
1.08718
1.08719
1.08721
1.08724
1.08726
1.08731
1.08734
1.08735
1.08737
1.08735
1.08737
1.08735
1.08739
1.0874
1.08737
1.08732
1.08735
1.08736
1.08743
1.08746
1.08747
1.08745
1.08745
1.08741
1.08742
1.08743
1.08735
1.0874
1.08741
1.08744
1.08742
1.08743
1.08743
1.08744
1.08743
1.0874
1.08742
1.08741
1.08747
1.08743
1.0874
1.08739
1.08739
1.08741
1.08744
1.08746
1.08743
1.08744
1.08748
1.08752
1.08753
1.0875
1.08747
1.08747
1.08742
1.08741
1.08739
1.08738
1.08741
1.0874
1.08743
1.08741
1.0874
1.08738
1.08739
1.08736
1.08735
1.08734
1.08736
1.08737
1.0874
1.08742
1.08743
1.08744
1.08743
1.08746
1.08744
1.08743
1.08743
1.08738
1.08737
1.08736
1.08733
1.08733
1.08728
1.08731
1.0873
1.08732
1.08735
1.08736
1.08734
1.08739
1.08738
1.08746
1.08744
1.08748
1.08751
1.08755
1.08758
1.08757
1.0876
1.08754
1.08757
1.08758
1.08759
1.08755
1.08753
1.08755
1.08755
1.08759
1.08761
1.0876
1.08762
1.08759
1.0876
1.08758
1.08755
1.08756
1.08759
1.08762
1.08765
1.08766
1.08759
1.08761
1.08758
1.08759
1.0876
1.08763
1.08763
1.08762
1.08767
1.08765
1.08769
1.08771
1.0877
1.08773
1.08773
1.08771
1.0877
1.0877
1.08769
1.08768
1.08767
1.0877
1.08772
1.08768
1.08767
1.08769
1.08765
1.08762
1.08763
1.08767
1.08767
1.08766
1.08765
1.08763
1.08765
1.08768
1.08766
1.08765
1.08761
1.08761
1.0876
1.08763
1.08766
1.08761
1.08765
1.08764
1.08763
1.08763
1.08763
1.08763
1.08765
1.08765
1.08766
1.08763
1.08766
1.08766
1.08765
1.08769
1.08768
1.08767
1.08767
1.08765
1.08763
1.08764
1.08762
1.08761
1.08761
1.08762
1.08762
1.08762
1.0876
1.08761
1.08762
1.08763
1.08764
1.08759
1.08759
1.08756
1.08754
1.08755
1.08755
1.08754
1.08752
1.08749
1.08744
1.08741
1.08742
1.08741
1.08739
1.08736
1.08736
1.08739
1.08738
1.08738
1.08741
1.08742
1.08743
1.08744
1.08746
1.08747
1.08748
1.08743
1.08742
1.08738
1.08733
1.08735
1.08733
1.08735
1.08735
1.08732
1.08732
1.08734
1.0874
1.08744
1.08744
1.08744
1.08749
1.0875
1.08751
1.08755
1.08754
1.08755
1.08754
1.08754
1.08756
1.08757
1.08759
1.08759
1.08759
1.08759
1.08759
1.08756
1.08755
1.08756
1.0876
1.08761
1.0876
1.08758
1.08762
1.08764
1.08762
1.08758
1.08766
1.08768
1.08767
1.08768
1.08766
1.08767
1.0877
1.08769
1.08769
1.08768
1.08767
1.08768
1.08768
1.08771
1.08771
1.08773
1.08775
1.08776
1.08773
1.0877
1.08773
1.08773
1.08773
1.08774
1.08775
1.08774
1.08772
1.08771
1.08772
1.08769
1.08768
1.08768
1.08768
1.08767
1.08768
1.08766
1.08769
1.08767
1.08774
1.08776
1.08777
1.08776
1.08777
1.08777
1.0878
1.08782
1.08781
1.08782
1.08781
1.08781
1.0878
1.0878
1.0878
1.0878
1.08781
1.0878
1.0878
1.08779
1.0878
1.0878
1.08776
1.08777
1.08777
1.08777
1.0878
1.08781
1.08781
1.08784
1.08785
1.08783
1.08784
1.08784
1.08782
1.08781
1.08783
1.08787
1.08785
1.08787
1.08786
1.08785
1.08787
1.08786
1.08789
1.0879
1.08791
1.08794
1.08793
1.08796
1.08798
1.08799
1.08793
1.08794
1.08797
1.08795
1.08789
1.08789
1.08789
1.08787
1.08789
1.08788
1.08791
1.08795
1.08794
1.08794
1.08794
1.08795
1.08799
1.08799
1.08797
1.08798
1.08801
1.088
1.08799
1.08798
1.08797
1.08796
1.08797
1.08797
1.08799
1.088
1.08804
1.08804
1.08806
1.08805
1.08805
1.08807
1.08807
1.08806
1.08805
1.08804
1.08804
1.08804
1.08802
1.08799
1.08797
1.088
1.088
1.08799
1.08795
1.08797
1.08802
1.08806
1.08805
1.08804
1.08805
1.08807
