-3.40135
-3.40071
-3.40011
-3.40066
-3.40094
-3.40097
-3.40121
-3.40121
-3.40119
-3.40097
-3.40092
-3.40078
-3.40078
-3.40085
-3.40086
-3.40096
-3.40097
-3.40093
-3.40097
-3.40101
-3.40108
-3.40103
-3.40114
-3.4012
-3.40116
-3.4011
-3.4011
-3.40113
-3.40109
-3.40099
-3.40093
-3.40099
-3.40104
-3.40107
-3.40106
-3.40111
-3.40109
-3.40105
-3.40106
-3.40106
-3.4011
-3.40115
-3.40118
-3.40121
-3.40123
-3.40124
-3.4012
-3.40116
-3.4012
-3.40125
-3.40125
-3.40121
-3.40118
-3.40117
-3.40118
-3.40119
-3.40123
-3.40124
-3.40125
-3.40124
-3.40122
-3.40125
-3.40124
-3.40122
-3.4012
-3.40125
-3.40127
-3.40129
-3.40128
-3.40127
-3.40123
-3.40122
-3.40124
-3.40121
-3.40122
-3.40125
-3.40128
-3.4013
-3.4013
-3.40133
-3.40131
-3.40127
-3.40125
-3.40127
-3.4013
-3.40131
-3.40131
-3.40132
-3.40132
-3.40133
-3.40132
-3.40131
-3.40131
-3.40133
-3.40133
-3.40131
-3.40127
-3.40127
-3.40125
-3.40124
-3.40125
-3.40125
-3.40126
-3.40129
-3.40129
-3.40127
-3.40125
-3.40123
-3.4012
-3.40123
-3.40124
-3.40122
-3.40122
-3.40122
-3.40122
-3.40123
-3.40124
-3.40122
-3.40123
-3.40125
-3.40126
-3.40125
-3.40124
-3.40123
-3.40122
-3.40125
-3.40125
-3.40125
-3.40124
-3.40125
-3.40125
-3.40123
-3.40123
-3.40123
-3.40122
-3.40121
-3.40119
-3.40119
-3.40123
-3.40124
-3.40123
-3.40125
-3.40126
-3.40125
-3.40125
-3.40126
-3.40126
-3.40126
-3.40127
-3.40127
-3.40127
-3.40128
-3.40128
-3.40126
-3.40125
-3.40125
-3.40125
-3.40124
-3.40125
-3.40125
-3.40123
-3.40122
-3.40122
-3.40123
-3.40121
-3.4012
-3.40119
-3.40119
-3.4012
-3.4012
-3.40119
-3.40119
-3.40119
-3.40118
-3.40117
-3.40117
-3.40118
-3.40117
-3.40115
-3.40114
-3.40115
-3.40115
-3.40115
-3.40116
-3.40115
-3.40115
-3.40115
-3.40116
-3.40115
-3.40115
-3.40115
-3.40114
-3.40114
-3.40114
-3.40114
-3.40113
-3.40113
-3.40113
-3.40114
-3.40113
-3.40112
-3.40112
-3.40111
-3.40111
-3.40112
-3.40112
-3.40111
-3.40111
-3.40112
-3.40111
-3.40112
-3.40112
-3.40111
-3.40112
-3.40112
-3.40112
-3.40112
-3.40112
-3.40112
-3.40113
-3.40113
-3.40113
-3.40113
-3.40113
-3.40113
-3.40113
-3.40113
-3.40113
-3.40113
-3.40113
-3.40112
-3.40111
-3.40111
-3.40111
-3.40112
-3.40112
-3.40111
-3.40111
-3.40111
-3.40111
-3.40111
-3.40111
-3.40111
-3.40112
-3.40112
-3.40111
-3.40112
-3.40111
-3.40111
-3.40111
-3.40111
-3.4011
-3.4011
-3.40111
-3.40112
-3.40112
-3.40111
-3.4011
-3.40109
-3.40109
-3.40111
-3.4011
-3.40111
-3.40111
-3.40111
-3.40111
-3.4011
-3.40109
-3.40108
-3.40108
-3.40108
-3.40107
-3.40107
-3.40108
-3.40109
-3.40109
-3.40109
-3.40109
-3.40109
-3.40107
-3.40108
-3.40109
-3.40109
-3.40108
-3.40108
-3.40109
-3.40109
-3.40109
-3.40109
-3.40109
-3.4011
-3.4011
-3.4011
-3.4011
-3.4011
-3.40109
-3.40109
-3.40109
-3.40108
-3.40108
-3.40108
-3.40108
-3.40108
-3.40109
-3.4011
-3.4011
-3.4011
-3.4011
-3.4011
-3.40109
-3.4011
-3.40109
-3.40109
-3.40109
-3.4011
-3.40109
-3.4011
-3.4011
-3.4011
-3.4011
-3.4011
-3.4011
-3.40109
-3.40108
-3.40108
-3.40109
-3.40109
-3.4011
-3.40111
-3.40111
-3.40111
-3.40111
-3.40111
-3.40111
-3.40111
-3.4011
-3.40109
-3.40109
-3.4011
-3.4011
-3.40111
-3.40112
-3.40112
-3.40112
-3.40112
-3.40112
-3.40113
-3.40113
-3.40113
-3.40113
-3.40113
-3.40113
-3.40113
-3.40113
-3.40113
-3.40113
-3.40113
-3.40113
-3.40113
-3.40113
-3.40113
-3.40111
-3.40111
-3.40111
-3.40112
-3.40112
-3.40112
-3.40112
-3.40112
-3.40112
-3.40112
-3.40112
-3.40112
-3.40112
-3.40111
-3.40111
-3.40111
-3.40111
-3.40111
-3.40112
-3.40112
-3.40111
-3.40111
-3.40111
-3.40111
-3.40111
-3.4011
-3.40111
-3.40111
-3.40111
-3.40111
-3.40111
-3.40111
-3.40112
-3.40112
-3.40113
-3.40112
-3.40112
-3.40112
-3.40112
-3.40112
-3.40111
-3.40111
-3.40111
-3.40111
-3.40112
-3.40112
-3.40113
-3.40113
-3.40113
-3.40113
-3.40112
-3.40112
-3.40112
-3.40112
-3.40113
-3.40113
-3.40112
-3.40112
-3.40112
-3.40112
-3.40112
-3.40112
-3.40111
-3.40112
-3.40112
-3.40112
-3.40112
-3.40112
-3.40112
-3.40112
-3.40112
-3.40112
-3.40113
-3.40113
-3.40114
-3.40114
-3.40114
-3.40113
-3.40113
-3.40113
-3.40113
-3.40113
-3.40112
-3.40113
-3.40112
-3.40112
-3.40112
-3.40112
-3.40112
-3.40112
-3.40112
-3.40113
-3.40113
-3.40113
-3.40112
-3.40112
-3.40112
-3.40112
-3.40112
-3.40112
-3.40111
-3.40111
-3.4011
-3.4011
-3.4011
-3.4011
-3.4011
-3.4011
-3.40111
-3.4011
-3.4011
-3.40111
-3.4011
-3.4011
-3.4011
-3.4011
-3.4011
-3.4011
-3.4011
-3.4011
-3.40111
-3.4011
-3.4011
-3.40111
-3.4011
-3.4011
-3.4011
-3.4011
-3.4011
-3.4011
-3.4011
-3.4011
-3.4011
-3.4011
-3.4011
-3.4011
-3.4011
-3.4011
-3.4011
-3.40109
-3.4011
-3.40109
-3.4011
-3.4011
-3.4011
-3.4011
-3.4011
-3.4011
-3.4011
-3.4011
-3.4011
-3.4011
-3.4011
-3.4011
-3.4011
-3.4011
-3.4011
-3.40111
-3.40111
-3.40111
-3.4011
-3.4011
-3.4011
-3.4011
-3.4011
-3.4011
-3.4011
-3.4011
-3.4011
-3.4011
-3.4011
-3.4011
-3.4011
-3.4011
-3.4011
-3.4011
-3.4011
-3.4011
-3.4011
-3.4011
-3.4011
-3.40109
-3.40109
-3.4011
-3.4011
-3.40109
-3.4011
-3.4011
-3.4011
-3.4011
-3.4011
-3.4011
-3.4011
-3.40111
-3.40112
-3.40111
-3.40112
-3.40112
-3.40112
-3.40112
-3.40113
-3.40113
-3.40113
-3.40114
-3.40114
-3.40114
-3.40114
-3.40114
-3.40114
-3.40115
-3.40115
-3.40115
-3.40115
-3.40115
-3.40115
-3.40116
-3.40115
-3.40116
-3.40115
-3.40115
-3.40114
-3.40114
-3.40114
-3.40114
-3.40114
-3.40114
-3.40115
-3.40115
-3.40115
-3.40115
-3.40115
-3.40116
-3.40116
-3.40116
-3.40116
-3.40116
-3.40116
-3.40117
-3.40117
-3.40117
-3.40117
-3.40117
-3.40117
-3.40117
-3.40116
-3.40116
-3.40116
-3.40116
-3.40116
-3.40117
-3.40117
-3.40116
-3.40116
-3.40117
-3.40116
-3.40116
-3.40116
-3.40116
-3.40116
-3.40116
-3.40116
-3.40116
-3.40116
-3.40116
-3.40115
-3.40115
-3.40115
-3.40116
-3.40115
-3.40115
-3.40115
-3.40115
-3.40116
-3.40117
-3.40117
-3.40116
-3.40117
-3.40117
-3.40117
-3.40116
-3.40116
-3.40116
-3.40116
-3.40116
-3.40116
-3.40116
-3.40116
-3.40116
-3.40116
-3.40116
-3.40116
-3.40116
-3.40116
-3.40116
-3.40117
-3.40117
-3.40117
-3.40117
-3.40117
-3.40117
-3.40117
-3.40117
-3.40117
-3.40117
-3.40116
-3.40115
-3.40115
-3.40115
-3.40115
-3.40115
-3.40115
-3.40115
-3.40115
-3.40114
-3.40114
-3.40114
-3.40114
-3.40114
-3.40114
-3.40114
-3.40114
-3.40114
-3.40114
-3.40114
-3.40115
-3.40115
-3.40115
-3.40114
-3.40114
-3.40114
-3.40114
-3.40114
-3.40114
-3.40114
-3.40114
-3.40114
-3.40114
-3.40114
-3.40114
-3.40114
-3.40114
-3.40114
-3.40114
-3.40114
-3.40114
-3.40114
-3.40114
-3.40114
-3.40114
-3.40114
-3.40114
-3.40114
-3.40114
-3.40114
-3.40114
-3.40114
-3.40114
-3.40114
-3.40114
-3.40114
-3.40114
-3.40114
-3.40114
-3.40114
-3.40114
-3.40114
-3.40114
-3.40114
-3.40114
-3.40114
-3.40114
-3.40114
-3.40114
-3.40114
-3.40114
-3.40115
-3.40115
-3.40115
-3.40115
-3.40115
-3.40115
-3.40115
-3.40115
-3.40114
-3.40115
-3.40115
-3.40115
-3.40115
-3.40115
-3.40115
-3.40115
-3.40115
-3.40115
-3.40115
-3.40115
-3.40115
-3.40115
-3.40115
-3.40115
-3.40115
-3.40115
-3.40115
-3.40115
-3.40115
-3.40115
-3.40115
-3.40114
-3.40114
-3.40114
-3.40114
-3.40114
-3.40114
-3.40114
-3.40114
-3.40114
-3.40114
-3.40114
-3.40114
-3.40114
-3.40113
-3.40113
-3.40112
-3.40112
-3.40112
-3.40112
-3.40112
-3.40112
-3.40112
-3.40112
-3.40112
-3.40112
-3.40112
-3.40112
-3.40112
-3.40112
-3.40112
-3.40111
-3.40111
-3.40111
-3.40111
-3.40111
-3.40111
-3.40111
-3.40111
-3.40112
-3.40112
-3.40112
-3.40112
-3.40112
-3.40112
-3.40112
-3.40112
-3.40112
-3.40112
-3.40112
-3.40112
-3.40112
-3.40112
-3.40112
-3.40112
-3.40112
-3.40112
-3.40113
-3.40113
-3.40113
-3.40112
-3.40112
-3.40113
-3.40113
-3.40113
-3.40114
-3.40114
-3.40114
-3.40114
-3.40114
-3.40114
-3.40113
-3.40113
-3.40113
-3.40113
-3.40113
-3.40114
-3.40113
-3.40113
-3.40113
-3.40113
-3.40113
-3.40113
-3.40113
-3.40113
-3.40114
-3.40113
-3.40114
-3.40114
-3.40114
-3.40114
-3.40114
-3.40114
-3.40114
-3.40114
-3.40114
-3.40114
-3.40114
-3.40114
-3.40114
-3.40114
-3.40114
-3.40114
-3.40114
-3.40114
-3.40114
-3.40114
-3.40114
-3.40114
-3.40113
-3.40113
-3.40113
-3.40113
-3.40113
-3.40113
-3.40113
-3.40113
-3.40114
-3.40114
-3.40114
-3.40113
-3.40113
-3.40113
-3.40114
-3.40114
-3.40113
-3.40114
-3.40114
-3.40114
-3.40114
-3.40114
-3.40114
-3.40114
-3.40114
-3.40114
-3.40115
-3.40115
-3.40115
-3.40115
-3.40115
-3.40115
-3.40115
-3.40115
-3.40115
-3.40115
-3.40115
-3.40115
-3.40115
-3.40115
-3.40115
-3.40115
-3.40115
-3.40115
-3.40115
-3.40115
-3.40115
-3.40116
-3.40116
-3.40116
-3.40116
-3.40116
-3.40116
-3.40116
-3.40116
-3.40116
-3.40116
-3.40115
-3.40116
-3.40116
-3.40115
-3.40115
-3.40115
-3.40115
-3.40115
-3.40116
-3.40115
-3.40115
-3.40116
-3.40116
-3.40116
-3.40116
-3.40115
-3.40115
-3.40115
-3.40115
-3.40115
-3.40115
-3.40115
-3.40116
-3.40116
-3.40116
-3.40116
-3.40116
-3.40117
-3.40117
-3.40117
-3.40117
-3.40116
-3.40116
-3.40117
-3.40116
-3.40116
-3.40116
-3.40116
-3.40116
-3.40116
-3.40116
-3.40116
-3.40116
-3.40116
-3.40116
-3.40116
-3.40116
-3.40116
-3.40116
-3.40116
-3.40116
-3.40116
-3.40116
-3.40116
-3.40116
-3.40116
-3.40116
-3.40116
-3.40116
-3.40116
-3.40116
-3.40116
-3.40116
-3.40116
-3.40116
-3.40117
-3.40117
-3.40117
