19.6439
19.6659
19.6305
19.56
19.5399
19.5522
19.5794
19.5137
19.5341
19.5047
19.4821
19.4636
19.4422
19.4209
19.4103
19.4041
19.3944
19.4019
19.3964
19.3844
19.3637
19.3662
19.3673
19.3744
19.3723
19.3833
19.3931
19.4036
19.4095
19.4248
19.4266
19.4145
19.4053
19.4051
19.4099
19.4081
19.4198
19.4277
19.4316
19.4324
19.4322
19.4316
19.4361
19.4351
19.4303
19.4367
19.4353
19.439
19.4358
19.435
19.4286
19.4363
19.4396
19.4315
19.4335
19.4373
19.4333
19.4418
19.4363
19.4378
19.44
19.4404
19.4374
19.4382
19.4308
19.4216
19.4236
19.421
19.4229
19.4231
19.4239
19.4264
19.4276
19.4267
19.4255
19.424
19.4191
19.4144
19.4134
19.4106
19.4163
19.4262
19.4302
19.428
19.4304
19.4324
19.4321
19.4354
19.4354
19.4308
19.4263
19.4289
19.43
19.4279
19.4277
19.4308
19.4313
19.4379
19.4348
19.432
19.4312
19.433
19.4323
19.4284
19.4288
19.432
19.4341
19.44
19.4378
19.4354
19.4371
19.4402
19.4404
19.4371
19.4396
19.4366
19.4356
19.4349
19.4351
19.4355
19.4345
19.434
19.4341
19.4332
19.4309
19.4288
19.4277
19.4302
19.4331
19.4341
19.4366
19.4375
19.4362
19.4387
19.4392
19.4403
19.4413
19.4413
19.4383
19.4361
19.4365
19.4347
19.4332
19.4338
19.4354
19.4332
19.4343
19.4338
19.4321
19.4329
19.432
19.4326
19.4313
19.4315
19.4336
19.4347
19.4331
19.4327
19.4333
19.4347
19.4365
19.4375
19.4404
19.4417
19.4415
19.4435
19.4431
19.445
19.4446
19.4446
19.4449
19.4447
19.4431
19.4441
19.4454
19.445
19.4443
19.4457
19.4482
19.4484
19.4453
19.4472
19.4488
19.4477
19.4483
19.4475
19.4482
19.4486
19.4513
19.4514
19.453
19.4548
19.4539
19.4543
19.4534
19.4545
19.4532
19.4524
19.4518
19.4528
19.4515
19.4528
19.4519
19.452
19.4515
19.4494
19.4524
19.4531
19.4528
19.4533
19.4526
19.453
19.4525
19.453
19.4527
19.4527
19.452
19.4507
19.4514
19.4512
19.4517
19.4491
19.4505
19.4526
19.4529
19.4532
19.4525
19.4508
19.4514
19.4525
19.4522
19.4535
19.4537
19.4549
19.4546
19.4533
19.4534
19.4541
19.4533
19.4526
19.451
19.4509
19.4501
19.4487
19.4493
19.4499
19.4497
19.4484
19.4485
19.4501
19.4508
19.4506
19.4502
19.4486
19.4473
19.4456
19.4462
19.4478
19.449
19.4481
19.4466
19.4475
19.4458
19.4451
19.4449
19.4438
19.4441
19.4444
19.4457
19.4455
19.4449
19.4437
19.4451
19.4439
19.4429
19.4418
19.4426
19.4431
19.4429
19.4449
19.4433
19.4427
19.4436
19.4442
19.4453
19.4453
19.4444
19.4438
19.4424
19.4418
19.4418
19.4414
19.4415
19.4413
19.4406
19.4393
19.4392
19.439
19.4395
19.4389
19.4385
19.4378
19.4371
19.4358
19.4362
19.4367
19.4367
19.4368
19.4361
19.4367
19.4368
19.4373
19.438
19.4388
19.4388
19.4388
19.4378
19.439
19.4384
19.4373
19.439
19.4401
19.441
19.4421
19.4416
19.4408
19.441
19.4406
19.4402
19.4407
19.441
19.4402
19.4411
19.4419
19.4406
19.4419
19.4428
19.4422
19.442
19.4419
19.4421
19.4417
19.4405
19.4394
19.4392
19.4393
19.4391
19.4381
19.4383
19.4376
19.4384
19.438
19.4385
19.4393
19.4387
19.4375
19.437
19.4373
19.4367
19.4363
19.4369
19.4383
19.4383
19.4381
19.4372
19.4364
19.4361
19.4371
19.4355
19.4357
19.4356
19.4358
19.4353
19.435
19.4337
19.4337
19.4346
19.4341
19.4331
19.4317
19.4315
19.4318
19.4318
19.432
19.4321
19.4312
19.4321
19.4322
19.4316
19.4319
19.4323
19.4316
19.4316
19.4315
19.4305
19.4301
19.4313
19.4317
19.4324
19.4331
19.4337
19.4348
19.4354
19.4355
19.4361
19.4355
19.4355
19.4343
19.4336
19.4337
19.4349
19.435
19.4357
19.436
19.4351
19.4355
19.4357
19.4364
19.4366
19.4379
19.4384
19.4377
19.4384
19.4379
19.4381
19.4379
19.4382
19.4383
19.4377
19.4373
19.4371
19.4375
19.4381
19.4385
19.4386
19.4391
19.4388
19.4376
19.4379
19.4386
19.4385
19.4393
19.4399
19.4396
19.4393
19.4392
19.4401
19.4397
19.4402
19.4395
19.4386
19.4394
19.4402
19.4397
19.4396
19.4406
19.4403
19.4405
19.4402
19.4403
19.4411
19.4406
19.4408
19.441
19.441
19.4408
19.4413
19.4405
19.4406
19.4411
19.4409
19.4406
19.4406
19.4401
19.4396
19.4404
19.4408
19.4415
19.4412
19.4416
19.4419
19.4416
19.4416
19.4423
19.4418
19.4418
19.4419
19.4416
19.4408
19.44
19.4402
19.4398
19.4395
19.4394
19.4393
19.4395
19.4396
19.4398
19.4403
19.4408
19.4405
19.4404
19.4408
19.4399
19.4402
19.4404
19.4408
19.4405
19.4413
19.4407
19.441
19.441
19.4407
19.4409
19.4411
19.4409
19.4405
19.4397
19.4394
19.4391
19.4399
19.4397
19.4401
19.4405
19.4401
19.44
19.4404
19.4402
19.4391
19.4385
19.4389
19.4386
19.4387
19.4389
19.4391
19.4385
19.4381
19.4375
19.4381
19.4382
19.4386
19.4384
19.4384
19.4377
19.4369
19.437
19.4366
19.4363
19.4359
19.4359
19.4359
19.4362
19.436
19.4361
19.4357
19.4354
19.4357
19.4354
19.4355
19.4357
19.4346
19.4341
19.4335
19.433
19.4321
19.4318
19.4322
19.4328
19.4321
19.4321
19.4324
19.4324
19.4316
19.431
19.4309
19.4308
19.4308
19.4309
19.4309
19.4311
19.4315
19.4316
19.432
19.4315
19.4317
19.4319
19.4315
19.4307
19.4298
19.43
19.4293
19.4289
19.4287
19.4287
19.4282
19.4282
19.4277
19.4278
19.4272
19.4273
19.4267
19.4271
19.427
19.4269
19.4267
19.4273
19.4274
19.4271
19.4264
19.4259
19.426
19.4259
19.4259
19.426
19.4256
19.4255
19.4266
19.4264
19.4262
19.4262
19.4263
19.4265
19.4264
19.4262
19.4263
19.4264
19.4267
19.4269
19.426
19.4259
19.4258
19.4257
19.4254
19.4247
19.4237
19.4235
19.4238
19.4237
19.4234
19.423
19.4229
19.4231
19.4233
19.4232
19.4242
19.4247
19.4247
19.425
19.4251
19.4254
19.4253
19.4254
19.4257
19.4258
19.4259
19.426
19.4258
19.4264
19.4265
19.4261
19.4258
19.4255
19.4253
19.4247
19.4246
19.4248
19.4251
19.4253
19.4256
19.426
19.4262
19.4264
19.4268
19.4274
19.4284
19.4281
19.4285
19.4284
19.428
19.4281
19.4284
19.4283
19.4283
19.4273
19.4273
19.4269
19.4266
19.4261
19.4262
19.4263
19.4266
19.427
19.4272
19.4273
19.427
19.4271
19.427
19.4267
19.427
19.4271
19.4266
19.4266
19.4265
19.4267
19.4265
19.4265
19.4268
19.4272
19.4268
19.4266
19.4266
19.4265
19.4269
19.427
19.4274
19.4272
19.4272
19.4271
19.427
19.4268
19.4262
19.4262
19.4254
19.4252
19.4246
19.4246
19.4244
19.4249
19.4248
19.4248
19.425
19.4252
19.4255
19.4253
19.4251
19.4253
19.4253
19.4253
19.4254
19.4256
19.4257
19.4252
19.4251
19.4256
19.4258
19.4259
19.4258
19.4254
19.4255
19.4254
19.4263
19.4261
19.4262
19.4261
19.4259
19.4262
19.4257
19.4257
19.4259
19.4259
19.4259
19.4259
19.4257
19.4255
19.4257
19.4259
19.426
19.4261
19.4262
19.4257
19.4254
19.4256
19.4253
19.4253
19.4252
19.4251
19.4257
19.4258
19.4258
19.4258
19.4262
19.4265
19.4271
19.4272
19.4271
19.4268
19.4268
19.4272
19.4271
19.4275
19.4277
19.4277
19.4277
19.428
19.4281
19.4283
19.4292
19.4295
19.4292
19.4292
19.4293
19.4294
19.4296
19.4292
19.429
19.4286
19.4284
19.4284
19.4288
19.4288
19.4286
19.4286
19.4285
19.4292
19.4294
19.4296
19.4302
19.4301
19.4302
19.4299
19.43
19.43
19.4297
19.4294
19.429
19.4286
19.4288
19.4287
19.4281
19.4277
19.4274
19.4275
19.4272
19.4269
19.427
19.4269
19.4272
19.4271
19.4271
19.4269
19.4267
19.4266
19.4266
19.4267
19.4268
19.4267
19.4266
19.4263
19.4266
19.4268
19.4263
19.4257
19.4259
19.426
19.425
19.4247
19.4246
19.4246
19.4252
19.4254
19.4251
19.425
19.4249
19.4248
19.4249
19.4251
19.4251
19.425
19.425
19.4247
19.4248
19.4247
19.4249
19.4255
19.4255
19.4256
19.426
19.426
19.4259
19.4259
19.4258
19.4256
19.4255
19.4257
19.4257
19.4256
19.4257
19.4256
19.4256
19.4256
19.4251
19.4256
19.425
19.4248
19.4247
19.4247
19.4243
19.4242
19.4236
19.4233
19.4231
19.4227
19.4225
19.4223
19.4222
19.4221
19.4219
19.4221
19.4218
19.4221
19.4225
19.4227
19.423
19.4232
19.4237
19.4236
19.4232
19.4234
19.423
19.4229
19.4227
19.4224
19.422
19.422
19.4217
19.4219
19.4224
19.4225
19.4221
19.4216
19.4219
19.4218
19.4221
19.4222
19.4219
19.422
19.4215
19.4213
19.4211
19.4207
19.4207
19.4204
19.4202
19.42
19.4205
19.4207
19.4207
19.4215
19.4219
19.4217
19.4217
19.4222
19.4222
19.4224
19.4222
19.4219
19.4219
19.4219
19.422
19.4219
19.4215
19.4214
19.4215
19.4217
19.4215
19.4212
19.4213
19.4212
19.4212
19.4213
19.4209
19.4208
19.4205
19.4205
19.4201
19.4199
19.4198
19.4202
19.4204
19.4202
19.42
19.42
19.4201
19.4202
19.42
19.42
19.4201
19.4205
19.4207
19.4204
19.4202
19.4201
19.4205
19.4206
19.4199
19.4193
19.4191
19.419
19.419
19.4189
