-4.98145
-4.98829
-4.99534
-5.00658
-5.01621
-5.01985
-5.01909
-5.02676
-5.02472
-5.02598
-5.02748
-5.02741
-5.02838
-5.0307
-5.0296
-5.03038
-5.03166
-5.03106
-5.03114
-5.0322
-5.03481
-5.03482
-5.03552
-5.03434
-5.03407
-5.03337
-5.0336
-5.03379
-5.0344
-5.03199
-5.03209
-5.03216
-5.03453
-5.03465
-5.03348
-5.03352
-5.03315
-5.03227
-5.0317
-5.0311
-5.03163
-5.03149
-5.03099
-5.03069
-5.03121
-5.03035
-5.03057
-5.03012
-5.03094
-5.03093
-5.03182
-5.03158
-5.0307
-5.0312
-5.03076
-5.03002
-5.03058
-5.02967
-5.03137
-5.0319
-5.03196
-5.03162
-5.03173
-5.0315
-5.03253
-5.03365
-5.03325
-5.03309
-5.03302
-5.03308
-5.03325
-5.03282
-5.0333
-5.03367
-5.03347
-5.03304
-5.03325
-5.03363
-5.03351
-5.03383
-5.03314
-5.03258
-5.03257
-5.03261
-5.03204
-5.03218
-5.03237
-5.03225
-5.03187
-5.03196
-5.03217
-5.03208
-5.03222
-5.03216
-5.0322
-5.03174
-5.03126
-5.03107
-5.03128
-5.03156
-5.0317
-5.03122
-5.03114
-5.03153
-5.03167
-5.03154
-5.03147
-5.03092
-5.03085
-5.03122
-5.03072
-5.03039
-5.03032
-5.03062
-5.03036
-5.03077
-5.03081
-5.03081
-5.03068
-5.03067
-5.03079
-5.03103
-5.03136
-5.0315
-5.0319
-5.03193
-5.03205
-5.03188
-5.03162
-5.03153
-5.03137
-5.0312
-5.03135
-5.03112
-5.03095
-5.03086
-5.03076
-5.03055
-5.03074
-5.03093
-5.03095
-5.03103
-5.03102
-5.03122
-5.03096
-5.03106
-5.031
-5.03101
-5.03102
-5.03104
-5.03119
-5.03108
-5.0313
-5.03123
-5.03121
-5.03118
-5.03125
-5.03129
-5.03118
-5.03099
-5.03088
-5.03115
-5.03086
-5.03072
-5.03062
-5.03058
-5.03072
-5.03082
-5.03093
-5.03092
-5.03084
-5.03084
-5.03087
-5.03098
-5.03094
-5.031
-5.03102
-5.0309
-5.03061
-5.03046
-5.03072
-5.03062
-5.03067
-5.03081
-5.03077
-5.03096
-5.03095
-5.03091
-5.03082
-5.03082
-5.0307
-5.03042
-5.03054
-5.03047
-5.03043
-5.03036
-5.03041
-5.03046
-5.03045
-5.03027
-5.03053
-5.03035
-5.03023
-5.03008
-5.0302
-5.0304
-5.03025
-5.0302
-5.03015
-5.03015
-5.03013
-5.02995
-5.02988
-5.0298
-5.02991
-5.02996
-5.02996
-5.03017
-5.03003
-5.02993
-5.02979
-5.02998
-5.02977
-5.02938
-5.02927
-5.02923
-5.02917
-5.02917
-5.02923
-5.02902
-5.0291
-5.02907
-5.02901
-5.02882
-5.02889
-5.02912
-5.02901
-5.02911
-5.02918
-5.0293
-5.02961
-5.02959
-5.02955
-5.02957
-5.02956
-5.02967
-5.02972
-5.02981
-5.02975
-5.02955
-5.02953
-5.02952
-5.02968
-5.02986
-5.03008
-5.03023
-5.03027
-5.03004
-5.02981
-5.02991
-5.03007
-5.03002
-5.03012
-5.0301
-5.03005
-5.03008
-5.02997
-5.02999
-5.02983
-5.02988
-5.02998
-5.03016
-5.03014
-5.03022
-5.03026
-5.03035
-5.03032
-5.03024
-5.03021
-5.03007
-5.0302
-5.03021
-5.02999
-5.02996
-5.02987
-5.02995
-5.02999
-5.03008
-5.03022
-5.03032
-5.03043
-5.0305
-5.03055
-5.0307
-5.03073
-5.03081
-5.03077
-5.03075
-5.03072
-5.03081
-5.03081
-5.03078
-5.03086
-5.03087
-5.03087
-5.03085
-5.03103
-5.03107
-5.03125
-5.03126
-5.03123
-5.03116
-5.03123
-5.03117
-5.03104
-5.03099
-5.03104
-5.03089
-5.03103
-5.03115
-5.03105
-5.03102
-5.03084
-5.03059
-5.03064
-5.03073
-5.03062
-5.03057
-5.03064
-5.03061
-5.0305
-5.03055
-5.03052
-5.03053
-5.03075
-5.03053
-5.03053
-5.03066
-5.0307
-5.03075
-5.0308
-5.03081
-5.03084
-5.03093
-5.03101
-5.03104
-5.03105
-5.03112
-5.03098
-5.0311
-5.03108
-5.03114
-5.03115
-5.03102
-5.03114
-5.03117
-5.03116
-5.03117
-5.03124
-5.03132
-5.03131
-5.03119
-5.03122
-5.03118
-5.03118
-5.03131
-5.03129
-5.03115
-5.03131
-5.03131
-5.03128
-5.03124
-5.03141
-5.03141
-5.03154
-5.03149
-5.03139
-5.0315
-5.03155
-5.03159
-5.03161
-5.0316
-5.03158
-5.03155
-5.03153
-5.0316
-5.03144
-5.03137
-5.03142
-5.03137
-5.03136
-5.03147
-5.03151
-5.03159
-5.03168
-5.03167
-5.03157
-5.03155
-5.03153
-5.03147
-5.03137
-5.03129
-5.03122
-5.03126
-5.03127
-5.03131
-5.03129
-5.03142
-5.03145
-5.03147
-5.0313
-5.0313
-5.03115
-5.03115
-5.03125
-5.03121
-5.03129
-5.03121
-5.03111
-5.03103
-5.03095
-5.03105
-5.03095
-5.031
-5.03099
-5.03111
-5.03111
-5.03116
-5.03118
-5.03123
-5.03124
-5.03127
-5.03115
-5.0311
-5.03114
-5.03109
-5.03103
-5.0312
-5.03115
-5.03103
-5.03106
-5.03098
-5.03094
-5.03104
-5.03108
-5.03119
-5.03113
-5.03119
-5.03111
-5.03121
-5.03127
-5.03124
-5.03123
-5.03129
-5.03129
-5.03125
-5.03128
-5.0313
-5.03135
-5.03128
-5.03116
-5.03122
-5.03118
-5.03115
-5.03113
-5.03106
-5.03097
-5.03107
-5.03109
-5.03102
-5.031
-5.03106
-5.03111
-5.0312
-5.03133
-5.03125
-5.03127
-5.0312
-5.03123
-5.03113
-5.03106
-5.0311
-5.03108
-5.03103
-5.03102
-5.03105
-5.03101
-5.03104
-5.03114
-5.03121
-5.03113
-5.03116
-5.0312
-5.03123
-5.03126
-5.03116
-5.03115
-5.03119
-5.0312
-5.03119
-5.03125
-5.03117
-5.0312
-5.03123
-5.03115
-5.03108
-5.03105
-5.03107
-5.031
-5.03097
-5.03089
-5.03092
-5.03096
-5.03094
-5.03092
-5.03093
-5.03101
-5.03107
-5.03103
-5.03102
-5.03096
-5.03094
-5.03091
-5.03081
-5.03084
-5.03079
-5.03075
-5.03081
-5.03089
-5.03099
-5.03092
-5.03086
-5.03079
-5.03078
-5.03075
-5.03082
-5.03094
-5.03106
-5.03103
-5.03102
-5.03108
-5.03116
-5.0312
-5.03124
-5.03128
-5.03125
-5.03123
-5.03123
-5.03128
-5.03133
-5.03133
-5.0313
-5.03134
-5.03136
-5.03142
-5.03147
-5.03145
-5.03147
-5.03148
-5.03143
-5.03151
-5.03155
-5.03162
-5.03166
-5.0317
-5.03172
-5.03169
-5.03159
-5.03165
-5.0316
-5.03159
-5.03159
-5.03165
-5.0317
-5.03171
-5.03167
-5.03167
-5.03166
-5.03174
-5.03175
-5.03166
-5.03169
-5.03172
-5.03177
-5.03176
-5.03173
-5.03172
-5.03177
-5.03186
-5.03186
-5.03192
-5.03193
-5.03197
-5.03201
-5.03205
-5.03212
-5.03218
-5.03218
-5.03222
-5.03219
-5.03223
-5.0322
-5.03225
-5.03226
-5.03222
-5.03214
-5.03219
-5.03221
-5.0323
-5.03236
-5.03237
-5.03235
-5.03233
-5.03228
-5.03229
-5.0323
-5.03219
-5.03226
-5.03227
-5.03232
-5.03228
-5.03231
-5.03231
-5.03232
-5.03229
-5.03225
-5.03228
-5.03226
-5.03237
-5.03229
-5.03225
-5.03224
-5.03224
-5.03227
-5.03233
-5.03235
-5.03231
-5.03233
-5.03239
-5.03244
-5.03247
-5.03242
-5.03236
-5.03236
-5.0323
-5.03228
-5.03225
-5.03224
-5.03228
-5.03226
-5.03231
-5.03228
-5.03226
-5.03223
-5.03225
-5.03221
-5.03219
-5.03218
-5.0322
-5.03223
-5.03227
-5.03229
-5.03231
-5.03233
-5.03231
-5.03234
-5.03231
-5.0323
-5.0323
-5.03222
-5.0322
-5.03219
-5.03214
-5.03213
-5.03206
-5.03211
-5.03209
-5.03211
-5.03216
-5.03217
-5.03215
-5.03222
-5.03221
-5.03233
-5.0323
-5.03236
-5.03241
-5.03247
-5.03251
-5.0325
-5.03255
-5.03246
-5.03249
-5.0325
-5.03252
-5.03247
-5.03244
-5.03247
-5.03246
-5.03253
-5.03256
-5.03254
-5.03257
-5.03253
-5.03254
-5.03251
-5.03247
-5.03248
-5.03252
-5.03257
-5.03262
-5.03263
-5.03252
-5.03255
-5.03251
-5.03252
-5.03254
-5.03258
-5.03258
-5.03256
-5.03264
-5.03261
-5.03267
-5.03271
-5.03269
-5.03273
-5.03274
-5.0327
-5.0327
-5.03269
-5.03267
-5.03267
-5.03264
-5.03269
-5.03272
-5.03267
-5.03266
-5.03269
-5.03263
-5.03257
-5.03258
-5.03265
-5.03266
-5.03263
-5.03262
-5.0326
-5.03262
-5.03267
-5.03264
-5.03262
-5.03257
-5.03257
-5.03255
-5.0326
-5.03264
-5.03257
-5.03263
-5.03261
-5.0326
-5.03259
-5.0326
-5.0326
-5.03262
-5.03262
-5.03263
-5.03259
-5.03264
-5.03263
-5.03262
-5.03267
-5.03265
-5.03264
-5.03265
-5.03262
-5.03259
-5.0326
-5.03256
-5.03255
-5.03255
-5.03257
-5.03256
-5.03256
-5.03253
-5.03254
-5.03255
-5.03257
-5.03258
-5.03251
-5.03251
-5.03246
-5.03243
-5.03245
-5.03244
-5.03243
-5.0324
-5.03236
-5.03227
-5.03223
-5.03225
-5.03223
-5.03219
-5.03215
-5.03215
-5.0322
-5.03218
-5.03219
-5.03224
-5.03225
-5.03226
-5.03229
-5.03231
-5.03232
-5.03235
-5.03227
-5.03225
-5.03219
-5.03212
-5.03214
-5.03212
-5.03214
-5.03215
-5.03211
-5.03211
-5.03213
-5.03222
-5.03229
-5.03229
-5.03229
-5.03236
-5.03238
-5.0324
-5.03246
-5.03244
-5.03246
-5.03245
-5.03245
-5.03248
-5.03249
-5.03252
-5.03251
-5.03251
-5.03251
-5.03251
-5.03248
-5.03246
-5.03247
-5.03253
-5.03255
-5.03253
-5.0325
-5.03256
-5.0326
-5.03256
-5.03251
-5.03262
-5.03265
-5.03265
-5.03267
-5.03263
-5.03265
-5.03269
-5.03267
-5.03267
-5.03265
-5.03265
-5.03266
-5.03266
-5.03271
-5.03271
-5.03273
-5.03277
-5.03278
-5.03273
-5.03268
-5.03274
-5.03273
-5.03272
-5.03274
-5.03275
-5.03273
-5.03272
-5.0327
-5.03271
-5.03267
-5.03266
-5.03265
-5.03265
-5.03264
-5.03265
-5.03262
-5.03267
-5.03264
-5.03274
-5.03277
-5.0328
-5.03278
-5.03279
-5.0328
-5.03284
-5.03288
-5.03285
-5.03287
-5.03286
-5.03286
-5.03285
-5.03284
-5.03284
-5.03284
-5.03286
-5.03284
-5.03284
-5.03284
-5.03285
-5.03284
-5.03279
-5.03281
-5.03281
-5.0328
-5.03285
-5.03286
-5.03287
-5.03292
-5.03293
-5.0329
-5.03292
-5.03292
-5.03289
-5.03287
-5.03291
-5.03296
-5.03293
-5.03297
-5.03295
-5.03293
-5.03296
-5.03294
-5.03298
-5.033
-5.03302
-5.03306
-5.03306
-5.0331
-5.03312
-5.03314
-5.03305
-5.03307
-5.03311
-5.03307
-5.03298
-5.03299
-5.03299
-5.03295
-5.03298
-5.03297
-5.03302
-5.03308
-5.03307
-5.03307
-5.03308
-5.03309
-5.03314
-5.03315
-5.03313
-5.03314
-5.03317
-5.03317
-5.03315
-5.03313
-5.03312
-5.03311
-5.03312
-5.03311
-5.03315
-5.03316
-5.03321
-5.03323
-5.03326
-5.03324
-5.03324
-5.03327
-5.03327
-5.03325
-5.03324
-5.03322
-5.03322
-5.03322
-5.03319
-5.03314
-5.03311
-5.03316
-5.03316
-5.03315
-5.03309
-5.03311
-5.03319
-5.03326
-5.03324
-5.03322
-5.03324
-5.03327
