0
0.00748285
0.00878739
0.0123674
0.0133823
0.0115079
0.00977766
0.0114221
0.0102732
0.00930758
0.00856094
0.00781535
0.00725268
0.00708528
0.00668941
0.00629488
0.0060467
0.00572841
0.00541875
0.00524029
0.00559073
0.00533088
0.00512904
0.00506525
0.00486382
0.00471754
0.00454529
0.00438308
0.00427856
0.00473567
0.00458323
0.0044377
0.00488588
0.0047409
0.00474847
0.00461469
0.00450196
0.00446176
0.00438407
0.00431555
0.00423732
0.0041396
0.00407698
0.00399651
0.00393786
0.00394671
0.00387054
0.00381089
0.00381405
0.00373759
0.00377036
0.00370257
0.00373
0.00369543
0.00365565
0.00366675
0.00364019
0.00369503
0.00400675
0.00397609
0.00391107
0.00386497
0.00380491
0.00375019
0.00383469
0.00392411
0.00388704
0.00383396
0.00377839
0.00372486
0.0036774
0.00364912
0.0036271
0.0036004
0.00355865
0.00354029
0.00349868
0.00347165
0.0034293
0.00339823
0.00342386
0.00342064
0.00337918
0.00333874
0.00335292
0.00331631
0.00328355
0.00324841
0.00323526
0.00320021
0.0031725
0.00313892
0.0031084
0.0030761
0.00304376
0.00304469
0.00304507
0.00301926
0.00299751
0.0029806
0.00295393
0.00296335
0.00293612
0.00293174
0.00290638
0.00288088
0.00285418
0.00287631
0.00285019
0.00284635
0.00286716
0.00285908
0.00283446
0.00282545
0.00281253
0.00281558
0.00279161
0.00276791
0.00274777
0.00272494
0.00270445
0.00269432
0.00269384
0.00267598
0.00268498
0.00266359
0.00264514
0.00262987
0.00262106
0.00260245
0.00258771
0.00257269
0.00255809
0.00255032
0.00253579
0.00251835
0.00250131
0.002492
0.00247885
0.00246722
0.0024499
0.00243317
0.00241617
0.00240841
0.00240479
0.00238982
0.00237422
0.00235814
0.00234226
0.0023267
0.00231614
0.00230382
0.00229885
0.00228448
0.00226971
0.00225525
0.00224163
0.00222799
0.00221702
0.00221136
0.00219948
0.0022036
0.00220912
0.00220058
0.00218877
0.00217567
0.00216699
0.00215677
0.00214652
0.00213389
0.00212263
0.00211026
0.00209825
0.00208971
0.00207799
0.0020671
0.00205539
0.0020467
0.0020523
0.00204626
0.00205133
0.00204286
0.00203233
0.00202604
0.00201542
0.00201357
0.00200277
0.00199286
0.00198364
0.00197318
0.00196645
0.00197454
0.00196766
0.00195858
0.0019489
0.00194005
0.00193103
0.00192172
0.00191214
0.00191027
0.00192029
0.00191901
0.00191272
0.00190965
0.00190368
0.00190424
0.00189985
0.00189125
0.00188306
0.00187407
0.00186529
0.00186499
0.00185759
0.00185068
0.00184495
0.00183708
0.0018286
0.00183247
0.00182971
0.00182424
0.00182134
0.00182185
0.00182508
0.00185819
0.00185331
0.0018455
0.00183842
0.00183034
0.00182329
0.00182679
0.0018208
0.00181307
0.00180606
0.00180901
0.00180235
0.00181087
0.00180645
0.00180177
0.00179559
0.00179151
0.00181245
0.00180512
0.00179802
0.00179068
0.00178348
0.00178017
0.00177356
0.00176889
0.00176246
0.0017666
0.00175973
0.00175273
0.0017529
0.00175424
0.00175986
0.00175942
0.00175339
0.00176092
0.00176763
0.00176362
0.00176294
0.00175687
0.00175311
0.00174667
0.00174071
0.00173427
0.00173028
0.00172401
0.00172388
0.00171829
0.00171538
0.0017185
0.0017123
0.00170739
0.00170142
0.00169744
0.00169156
0.00168712
0.00168124
0.00167987
0.00167796
0.001672
0.00167988
0.00167418
0.00167055
0.00166656
0.00166108
0.00165753
0.00165778
0.001655
0.00165232
0.00164815
0.00164343
0.00164449
0.00163925
0.00163627
0.0016314
0.00162597
0.00162064
0.00161726
0.00161188
0.00160693
0.00160381
0.00159854
0.00159331
0.00158821
0.00159286
0.00158831
0.00159297
0.00158791
0.00158322
0.00157945
0.00157597
0.00157214
0.0015728
0.00156862
0.00156445
0.00156659
0.00156759
0.00156706
0.0015649
0.00156036
0.00156469
0.001578
0.00157382
0.00157116
0.00157097
0.00156743
0.00156394
0.00155946
0.00155817
0.00155417
0.00154974
0.00154511
0.00155653
0.00156619
0.00156159
0.00156184
0.0015576
0.00155385
0.00154975
0.00154521
0.00154101
0.00153901
0.00153659
0.00153242
0.00152802
0.00152513
0.00152699
0.00152684
0.00152262
0.00151948
0.00151523
0.00151653
0.00151704
0.001513
0.00150879
0.00150458
0.0015024
0.00150037
0.00149627
0.0014954
0.00149144
0.00148767
0.00148364
0.00148533
0.00148148
0.00148309
0.00148738
0.00148336
0.00147968
0.00147621
0.0014821
0.00147815
0.00147929
0.00147607
0.00147532
0.00147579
0.00147251
0.00146906
0.00146537
0.00146156
0.00145779
0.00145424
0.00145067
0.00144883
0.00145375
0.00145175
0.00144868
0.00144588
0.00144218
0.00144288
0.00143955
0.00143775
0.00143677
0.0014332
0.00143312
0.0014296
0.00142619
0.00142395
0.00142353
0.00142195
0.00141993
0.00141688
0.00141344
0.00141037
0.00140707
0.00140874
0.00140551
0.00140223
0.00140789
0.00140448
0.00140864
0.00140524
0.00140496
0.00140226
0.00140121
0.00139993
0.00139968
0.00139871
0.00139786
0.00139814
0.00139818
0.00139584
0.0013926
0.00139466
0.00139139
0.00138919
0.00138604
0.00138357
0.0013804
0.00137746
0.00137913
0.00137725
0.00137471
0.00137252
0.00137094
0.00137796
0.0013756
0.00137699
0.00137421
0.00137361
0.00137106
0.0013725
0.00136976
0.00137146
0.00136958
0.00136771
0.00136675
0.00136709
0.00136535
0.00136275
0.00135976
0.00135801
0.00135503
0.00135256
0.00134998
0.00134715
0.0013449
0.00134365
0.00134579
0.00134429
0.00134182
0.00133904
0.00133631
0.0013349
0.00133559
0.00133646
0.00133373
0.00133296
0.00133022
0.00132856
0.0013269
0.00132701
0.00133072
0.00133007
0.00132742
0.00132656
0.00132415
0.00132525
0.00132437
0.00132215
0.0013195
0.00131795
0.00131529
0.00131297
0.00131075
0.00130835
0.0013094
0.00130884
0.00130866
0.00130638
0.00130434
0.001302
0.00129978
0.00130162
0.001299
0.00129697
0.00129437
0.0012918
0.00129092
0.00129065
0.00128836
0.00128606
0.00128578
0.00128524
0.00128312
0.00128072
0.00127983
0.00127754
0.00127776
0.00127548
0.00127368
0.00127131
0.00126897
0.00126653
0.00126628
0.00126501
0.00126317
0.00126078
0.00125976
0.00125747
0.00125532
0.00125694
0.00125486
0.00125373
0.00125189
0.00125099
0.00125123
0.00125282
0.00125241
0.00125158
0.00125087
0.00124854
0.00124656
0.0012462
0.00124928
0.00125242
0.00125045
0.00124815
0.00124743
0.00124773
0.00124604
0.00124443
0.0012426
0.0012406
0.00123841
0.00123615
0.00123471
0.00123331
0.00123108
0.00122928
0.00122763
0.00122553
0.00122464
0.00122304
0.0012209
0.00121881
0.00121666
0.00121567
0.00121619
0.00121461
0.00121398
0.00121248
0.00121077
0.0012087
0.00120694
0.00120872
0.00120805
0.00120684
0.00120486
0.00120275
0.00120211
0.00120107
0.00119899
0.00119755
0.00119548
0.00119347
0.00119381
0.00119186
0.00119265
0.00119115
0.00118932
0.00118845
0.00118647
0.00118477
0.00118281
0.00118193
0.00118314
0.00118113
0.00118049
0.00117851
0.00117701
0.00117584
0.00117453
0.00117425
0.00117352
0.00117156
0.00117019
0.00116883
0.00116773
0.00116626
0.00116543
0.00116359
0.00116236
0.00116317
0.0011625
0.00116069
0.00116303
0.0011622
0.00116036
0.00115872
0.00115688
0.00115631
0.00115448
0.00115266
0.00115605
0.00115611
0.00115439
0.00115337
0.00115204
0.00115047
0.00114862
0.00114694
0.00114544
0.00114442
0.00114322
0.0011416
0.00114413
0.00114448
0.00114343
0.00114165
0.00113987
0.00113848
0.00113788
0.00113623
0.00113495
0.00113325
0.00113283
0.00113254
0.00113108
0.00113036
0.00112999
0.00112824
0.00112825
0.00112672
0.00112543
0.00112371
0.00112288
0.00112135
0.0011205
0.00111903
0.00111751
0.00111606
0.00111437
0.00111331
0.00111188
0.0011102
0.00110869
0.00110726
0.00110645
0.00110506
0.0011035
0.00110208
0.00110055
0.00109946
0.00109803
0.00109644
0.0010948
0.00109569
0.00109427
0.00109272
0.00109184
0.00109027
0.00109116
0.00109106
0.00108967
0.00108841
0.00108798
0.0010864
0.00108514
0.00108607
0.00108456
0.00108951
0.00108838
0.00108864
0.00108796
0.00108834
0.00108746
0.00108595
0.0010854
0.0010872
0.0010861
0.00108463
0.00108316
0.00108267
0.00108147
0.0010803
0.00107879
0.00107916
0.00107807
0.00107661
0.00107531
0.00107448
0.001073
0.00107194
0.00107101
0.00106952
0.00106875
0.00106846
0.00106808
0.00106663
0.00107046
0.00106931
0.00106846
0.00106702
0.00106567
0.00106494
0.00106347
0.00106215
0.00106367
0.00106266
0.00106285
0.00106199
0.00106068
0.00105996
0.00105854
0.00105764
0.00105624
0.00105482
0.0010535
0.00105207
0.00105101
0.00105076
0.00104977
0.00104966
0.00104836
0.00104732
0.0010476
0.00104741
0.00104604
0.00104667
0.00104528
0.00104422
0.00104283
0.00104181
0.0010407
0.00104031
0.0010394
0.00103817
0.00103816
0.00103678
0.00103562
0.00103549
0.00103485
0.0010356
0.00103575
0.0010345
0.0010332
0.00103191
0.0010306
0.00102925
0.00102823
0.0010269
0.00102563
0.00102497
0.00102455
0.00102321
0.00102194
0.00102191
0.00102073
0.0010195
0.00101821
0.00101727
0.00101655
0.00101532
0.00101467
0.00101341
0.00101211
0.00101098
0.00100972
0.00100843
0.00100739
0.0010062
0.001005
0.00100391
0.00100264
0.00100354
0.00100227
0.0010021
0.00100132
0.0010002
0.000998939
0.000997791
0.00099699
0.0009967
0.000998756
0.000998264
0.000997223
0.000996107
0.000995506
0.000995133
0.000993893
0.000993612
0.000992522
0.000991316
0.000990769
0.000989653
0.000988495
0.000987629
0.000986661
0.000985485
0.000984637
0.000986255
0.000985199
0.000985866
0.000987356
0.000986357
0.000985315
0.000984289
0.0009831
0.000982757
0.000981562
0.000980642
0.000983675
0.000984599
0.00098341
0.000982222
0.000983156
0.00098219
0.000981122
0.000981611
0.00098054
0.000979534
0.000978525
0.000977361
0.00097663
0.000975582
0.00097507
0.000973939
0.000972782
0.000971634
0.00097048
0.000969924
0.000969007
0.000967949
0.000968556
0.000967621
0.000966628
0.000965811
0.000966396
0.000965704
0.000965085
0.000965542
0.00097069
0.00097003
0.000968917
0.00096799
0.000967808
0.00096688
0.000966618
0.000965569
0.000964449
0.000963495
0.000962388
0.00096129
0.000960181
0.000960369
0.000959279
0.000958435
0.000957977
0.000957022
0.000957194
0.000957449
0.000957832
0.000956745
0.000955686
0.000954802
0.000953787
0.000952956
0.000952037
0.000951095
0.000950043
0.000949827
0.000948865
0.000947812
0.000946746
0.000945722
0.000944694
0.000943967
0.000943823
0.000943157
0.000947716
0.000947095
0.000946243
0.000945373
0.000944414
0.000943383
0.000943092
0.000942978
0.000942272
0.000941389
0.000940482
0.000939452
0.000938511
0.000937486
0.000936452
0.000935424
0.000934541
0.000933654
0.000932629
0.000931613
0.000930619
0.000929602
0.000930171
0.000929301
0.000928292
0.000927359
0.000927876
0.000926907
0.000925943
0.000925857
0.000925006
0.000924657
0.000923899
0.000922903
0.000922322
0.000921655
0.000921582
0.000921802
0.000921088
0.000920682
0.000919812
0.000919109
0.000918688
0.000917897
0.000917997
0.000917176
0.00091646
0.000916223
0.000915259
0.000915302
0.000914512
0.000913732
0.00091657
0.000915744
0.000915681
0.000915456
0.000918417
0.000917469
0.000916514
0.000916283
0.000915813
0.000914905
0.000915203
0.000915681
0.000914768
0.000913821
0.000912905
0.00091201
0.000912758
0.000911834
0.000911212
0.000910401
0.000910071
0.000909142
0.000908516
0.000907733
0.000906818
0.00090596
0.000905128
0.000904212
0.000903795
0.000902938
0.000903828
0.00090293
0.000902715
0.000901943
0.000901024
0.00090053
0.000899612
0.000898876
0.000897996
0.000897316
0.000896404
0.000895498
0.000894909
0.000895603
0.000895061
0.000895257
0.000894353
0.000893493
0.000894519
0.000893885
0.000895941
0.000897715
0.000896968
0.000896367
0.000895699
0.000895188
