0
0.000647374
0.000705502
0.000741486
0.000640024
0.000523342
0.000503324
0.000435913
0.000385008
0.000410298
0.000374467
0.000369945
0.000340376
0.000321508
0.000299656
0.000295953
0.000278202
0.000265004
0.00025308
0.000244195
0.000243339
0.000237531
0.000249659
0.000247598
0.00024082
0.000238802
0.000229811
0.000223104
0.000217864
0.000232516
0.000233608
0.00023311
0.000231473
0.000226891
0.000220365
0.000218991
0.000213729
0.000211671
0.000206263
0.000201074
0.000200421
0.00020113
0.000199202
0.000196967
0.000193416
0.000189195
0.000189484
0.000188818
0.00018844
0.000190913
0.000187135
0.000186788
0.0001866
0.000183239
0.000180432
0.000177339
0.000177814
0.000175219
0.000172437
0.000170053
0.000167724
0.000167964
0.000165655
0.000165376
0.000163357
0.000169331
0.000167346
0.000166561
0.000164422
0.000162844
0.000164112
0.000162714
0.000162176
0.00016198
0.000159989
0.000160004
0.000161347
0.000160437
0.000158407
0.000158998
0.000157693
0.00016122
0.000160849
0.000160941
0.000161809
0.000160219
0.000158376
0.000156627
0.000154888
0.000153387
0.000152264
0.00015063
0.000149035
0.000148152
0.000146601
0.000146095
0.00014959
0.000148193
0.000147807
0.000146465
0.000145242
0.000143813
0.000143179
0.000143573
0.000142513
0.000142778
0.000143174
0.000144191
0.000144442
0.000144681
0.000143731
0.000143525
0.000142266
0.000141198
0.000139979
0.000139227
0.000138286
0.000138037
0.000136884
0.00013713
0.000136851
0.000136433
0.000135671
0.000134892
0.000133921
0.00013561
0.00013463
0.000133575
0.000133445
0.000132616
0.000131601
0.000131234
0.000130302
0.000129354
0.000128804
0.000128511
0.000128367
0.000127468
0.000132186
0.000131533
0.000130767
0.000131344
0.000131045
0.000130735
0.000129916
0.000129483
0.000128612
0.000127746
0.000127444
0.0001266
0.000125818
0.000125127
0.000124336
0.000124512
0.000124537
0.000123822
0.000123144
0.000122513
0.000121788
0.000121041
0.000120872
0.000121332
0.000120585
0.000120344
0.000120739
0.000120951
0.000120235
0.000119636
0.000119243
0.000118545
0.000117954
0.000117358
0.000116678
0.000116412
0.000115927
0.000115274
0.000115103
0.000114808
0.000116007
0.000115652
0.00011511
0.000114557
0.000113949
0.000113391
0.000112959
0.000112357
0.000111802
0.00011241
0.000112776
0.000112193
0.000111617
0.000111232
0.000110683
0.000110123
0.000109589
0.000109088
0.000108697
0.000108515
0.000108038
0.000107803
0.000107731
0.000107274
0.000106968
0.000106588
0.000106128
0.000105739
0.00010571
0.000105324
0.000105452
0.000105348
0.000105104
0.000104651
0.000104165
0.000103692
0.000103316
0.00010288
0.000102411
0.000102083
0.00010163
0.000101486
0.000101036
0.000100844
0.000100799
0.000100351
9.9913e-05
9.94779e-05
9.90822e-05
9.87269e-05
9.82951e-05
9.8219e-05
9.79609e-05
9.76788e-05
9.72756e-05
9.6866e-05
9.68386e-05
9.66617e-05
9.63982e-05
9.60822e-05
9.58135e-05
9.54156e-05
9.50189e-05
9.47029e-05
9.43474e-05
9.4498e-05
9.43024e-05
9.43807e-05
9.40667e-05
9.36892e-05
9.34699e-05
9.31846e-05
9.28302e-05
9.26835e-05
9.23167e-05
9.23373e-05
9.24711e-05
9.2115e-05
9.20447e-05
9.24072e-05
9.25256e-05
9.21994e-05
9.28391e-05
9.25165e-05
9.22218e-05
9.18727e-05
9.15364e-05
9.14098e-05
9.15431e-05
9.19786e-05
9.22426e-05
9.20447e-05
9.17138e-05
9.13986e-05
9.10654e-05
9.12426e-05
9.12412e-05
9.10524e-05
9.07432e-05
9.05433e-05
9.02642e-05
9.10668e-05
9.1747e-05
9.15169e-05
9.12275e-05
9.09837e-05
9.06639e-05
9.04583e-05
9.01959e-05
8.98872e-05
8.95818e-05
8.93136e-05
8.91947e-05
8.88916e-05
8.86948e-05
8.86162e-05
8.85863e-05
8.83994e-05
8.81028e-05
8.78564e-05
8.77593e-05
8.74719e-05
8.72076e-05
8.69184e-05
8.66311e-05
8.66338e-05
8.65439e-05
8.62674e-05
8.59864e-05
8.5727e-05
8.54499e-05
8.5348e-05
8.50926e-05
8.48411e-05
8.4572e-05
8.43149e-05
8.4141e-05
8.4066e-05
8.40435e-05
8.38256e-05
8.35964e-05
8.3387e-05
8.31387e-05
8.29898e-05
8.30815e-05
8.32751e-05
8.30198e-05
8.2942e-05
8.29885e-05
8.36537e-05
8.3718e-05
8.34644e-05
8.32128e-05
8.29805e-05
8.27378e-05
8.24897e-05
8.22491e-05
8.22736e-05
8.29784e-05
8.27345e-05
8.2548e-05
8.2507e-05
8.25308e-05
8.263e-05
8.24222e-05
8.2278e-05
8.20392e-05
8.18022e-05
8.17652e-05
8.1532e-05
8.13026e-05
8.13621e-05
8.11482e-05
8.10818e-05
8.08521e-05
8.06289e-05
8.04185e-05
8.01984e-05
8.00593e-05
7.98468e-05
7.96287e-05
7.94076e-05
7.93681e-05
7.99638e-05
7.97565e-05
7.95377e-05
7.98728e-05
7.9731e-05
7.95218e-05
7.9451e-05
7.92812e-05
7.91152e-05
7.89255e-05
7.87177e-05
7.85155e-05
7.83877e-05
7.81823e-05
7.80923e-05
7.79371e-05
7.77508e-05
7.76038e-05
7.75836e-05
7.74319e-05
7.76215e-05
7.74702e-05
7.72933e-05
7.71201e-05
7.69312e-05
7.70223e-05
7.69721e-05
7.6935e-05
7.67486e-05
7.65619e-05
7.63712e-05
7.61974e-05
7.61233e-05
7.61703e-05
7.62511e-05
7.61756e-05
7.60047e-05
7.58155e-05
7.56316e-05
7.5545e-05
7.57603e-05
7.56248e-05
7.55017e-05
7.53242e-05
7.53705e-05
7.52109e-05
7.55634e-05
7.53982e-05
7.52227e-05
7.51611e-05
7.5175e-05
7.51018e-05
7.49228e-05
7.50486e-05
7.49066e-05
7.47409e-05
7.46806e-05
7.4515e-05
7.4483e-05
7.43085e-05
7.41324e-05
7.39573e-05
7.3885e-05
7.37114e-05
7.3572e-05
7.34009e-05
7.32395e-05
7.31467e-05
7.30001e-05
7.2838e-05
7.26865e-05
7.25238e-05
7.25158e-05
7.25132e-05
7.24155e-05
7.22497e-05
7.21701e-05
7.24058e-05
7.25271e-05
7.23631e-05
7.23968e-05
7.23826e-05
7.24904e-05
7.25263e-05
7.24737e-05
7.2411e-05
7.22497e-05
7.20917e-05
7.20443e-05
7.19338e-05
7.1786e-05
7.16599e-05
7.15133e-05
7.13565e-05
7.14236e-05
7.12849e-05
7.11637e-05
7.10253e-05
7.08735e-05
7.09321e-05
7.08688e-05
7.08291e-05
7.09778e-05
7.0873e-05
7.07891e-05
7.06457e-05
7.05606e-05
7.04744e-05
7.04097e-05
7.02783e-05
7.01307e-05
7.00217e-05
6.99656e-05
6.98233e-05
6.96876e-05
6.95541e-05
6.94125e-05
6.92692e-05
6.9125e-05
6.90303e-05
6.88923e-05
6.88934e-05
6.87631e-05
6.88302e-05
6.87103e-05
6.87526e-05
6.86194e-05
6.86629e-05
6.85232e-05
6.84185e-05
6.82832e-05
6.817e-05
6.80322e-05
6.79047e-05
6.77678e-05
6.76356e-05
6.75047e-05
6.73708e-05
6.72575e-05
6.72398e-05
6.71401e-05
6.70988e-05
6.71292e-05
6.69983e-05
6.68701e-05
6.6799e-05
6.66719e-05
6.66312e-05
6.65134e-05
6.63928e-05
6.62936e-05
6.62466e-05
6.61279e-05
6.59999e-05
6.59675e-05
6.5902e-05
6.57818e-05
6.56904e-05
6.55641e-05
6.54462e-05
6.53599e-05
6.53328e-05
6.52867e-05
6.51758e-05
6.50836e-05
6.50035e-05
6.48904e-05
6.47678e-05
6.46494e-05
6.45401e-05
6.44242e-05
6.43052e-05
6.41979e-05
6.40961e-05
6.39814e-05
6.38863e-05
6.3785e-05
6.36671e-05
6.35651e-05
6.34605e-05
6.3352e-05
6.34898e-05
6.34009e-05
6.34433e-05
6.33349e-05
6.32359e-05
6.31558e-05
6.3367e-05
6.32518e-05
6.3165e-05
6.31191e-05
6.30952e-05
6.30644e-05
6.33409e-05
6.33075e-05
6.32253e-05
6.32451e-05
6.31427e-05
6.30299e-05
6.29596e-05
6.31932e-05
6.31106e-05
6.30703e-05
6.35654e-05
6.35606e-05
6.34484e-05
6.33371e-05
6.3256e-05
6.3145e-05
6.31098e-05
6.29997e-05
6.28917e-05
6.28198e-05
6.27537e-05
6.26695e-05
6.26161e-05
6.25246e-05
6.24377e-05
6.23566e-05
6.26819e-05
6.27585e-05
6.26607e-05
6.256e-05
6.24552e-05
6.24378e-05
6.23786e-05
6.2284e-05
6.22985e-05
6.22063e-05
6.21892e-05
6.20895e-05
6.22557e-05
6.21542e-05
6.21014e-05
6.20337e-05
6.20078e-05
6.19232e-05
6.19303e-05
6.2039e-05
6.19601e-05
6.18976e-05
6.19111e-05
6.19274e-05
6.18618e-05
6.18325e-05
6.17414e-05
6.1667e-05
6.15822e-05
6.16146e-05
6.15467e-05
6.1447e-05
6.14283e-05
6.13418e-05
6.12878e-05
6.12317e-05
6.14939e-05
6.14262e-05
6.13356e-05
6.12581e-05
6.11991e-05
6.11028e-05
6.10341e-05
6.09481e-05
6.09045e-05
6.0859e-05
6.08101e-05
6.07407e-05
6.07235e-05
6.09819e-05
6.09185e-05
6.08313e-05
6.08745e-05
6.08404e-05
6.14662e-05
6.13753e-05
6.13563e-05
6.13361e-05
6.1243e-05
6.11491e-05
6.11661e-05
6.10753e-05
6.10025e-05
6.09095e-05
6.08155e-05
6.07295e-05
6.06364e-05
6.05453e-05
6.0456e-05
6.03879e-05
6.03074e-05
6.02156e-05
6.01281e-05
6.00863e-05
6.01429e-05
6.02106e-05
6.01311e-05
6.00398e-05
5.9964e-05
5.98733e-05
5.98919e-05
5.98046e-05
5.97144e-05
5.96569e-05
5.9629e-05
5.98561e-05
6.00899e-05
6.00702e-05
5.99807e-05
5.99961e-05
5.9955e-05
5.98744e-05
5.98665e-05
5.97878e-05
5.98097e-05
5.97464e-05
5.97814e-05
5.97058e-05
5.96417e-05
5.95847e-05
5.95019e-05
5.9424e-05
5.93422e-05
5.93419e-05
5.92805e-05
5.92508e-05
5.91645e-05
5.90805e-05
5.90413e-05
5.90103e-05
5.89394e-05
5.8905e-05
5.88305e-05
5.87516e-05
5.87231e-05
5.86473e-05
5.85694e-05
5.84926e-05
5.84198e-05
5.84028e-05
5.83301e-05
5.82472e-05
5.81836e-05
5.81013e-05
5.80194e-05
5.79421e-05
5.78723e-05
5.78075e-05
5.77283e-05
5.76489e-05
5.75683e-05
5.75407e-05
5.74861e-05
5.74107e-05
5.73332e-05
5.72535e-05
5.71754e-05
5.70958e-05
5.71165e-05
5.71242e-05
5.70662e-05
5.69915e-05
5.69252e-05
5.69629e-05
5.68924e-05
5.68199e-05
5.67417e-05
5.66831e-05
5.66105e-05
5.65336e-05
5.64818e-05
5.64487e-05
5.63721e-05
5.63272e-05
5.62595e-05
5.62256e-05
5.6313e-05
5.62382e-05
5.61858e-05
5.61511e-05
5.60756e-05
5.60147e-05
5.59398e-05
5.59496e-05
5.58891e-05
5.58875e-05
5.58188e-05
5.60052e-05
5.59676e-05
5.5893e-05
5.58312e-05
5.58176e-05
5.57481e-05
5.56744e-05
5.56624e-05
5.55964e-05
5.55391e-05
5.54709e-05
5.54105e-05
5.53416e-05
5.5275e-05
5.52098e-05
5.51579e-05
5.5086e-05
5.50217e-05
5.49563e-05
5.4885e-05
5.48957e-05
5.50258e-05
5.49706e-05
5.49137e-05
5.48494e-05
5.4782e-05
5.47124e-05
5.47778e-05
5.47081e-05
5.47231e-05
5.46749e-05
5.46374e-05
5.45942e-05
5.45883e-05
5.47093e-05
5.47407e-05
5.48213e-05
5.47611e-05
5.47236e-05
5.47292e-05
5.46719e-05
5.46025e-05
5.45424e-05
5.44788e-05
5.44317e-05
5.43945e-05
5.43399e-05
5.42961e-05
5.42433e-05
5.43087e-05
5.42711e-05
5.4235e-05
5.41968e-05
5.41877e-05
5.41248e-05
5.41375e-05
5.40761e-05
5.40724e-05
5.40713e-05
5.41407e-05
5.40832e-05
5.40163e-05
5.39533e-05
5.38881e-05
5.38227e-05
5.37565e-05
5.36999e-05
5.36639e-05
5.3599e-05
5.35632e-05
5.34984e-05
5.34422e-05
5.34005e-05
5.33388e-05
5.3274e-05
5.32665e-05
5.32231e-05
5.31847e-05
5.31302e-05
5.30921e-05
5.30293e-05
5.30687e-05
5.30502e-05
5.30617e-05
5.30569e-05
5.29993e-05
5.29361e-05
5.28877e-05
5.2828e-05
5.28462e-05
5.29098e-05
5.28637e-05
5.28008e-05
5.27387e-05
5.27384e-05
5.27635e-05
5.27191e-05
5.26581e-05
5.25975e-05
5.25429e-05
5.24844e-05
5.24894e-05
5.24276e-05
5.23926e-05
5.2527e-05
5.2531e-05
5.24704e-05
5.24483e-05
5.25264e-05
5.24651e-05
5.2404e-05
5.23476e-05
5.22867e-05
5.22262e-05
5.2166e-05
5.21147e-05
5.20614e-05
5.20017e-05
5.1951e-05
5.18918e-05
5.1835e-05
5.17774e-05
5.17224e-05
5.16876e-05
5.1638e-05
5.15873e-05
5.15512e-05
5.15018e-05
5.15721e-05
5.16409e-05
5.15821e-05
5.15234e-05
5.14742e-05
5.1524e-05
5.14832e-05
5.14529e-05
5.14538e-05
5.14121e-05
5.13556e-05
5.13466e-05
5.12891e-05
5.12324e-05
5.11774e-05
5.11209e-05
5.10812e-05
5.11519e-05
5.11056e-05
5.1098e-05
5.1046e-05
5.09896e-05
5.09331e-05
5.08986e-05
5.08468e-05
5.07987e-05
5.07758e-05
5.07262e-05
5.06752e-05
5.06424e-05
5.05968e-05
5.05441e-05
5.04921e-05
5.04371e-05
5.0395e-05
5.03573e-05
5.03469e-05
5.02995e-05
5.02446e-05
5.02198e-05
5.02064e-05
5.01613e-05
5.01236e-05
5.00883e-05
5.00481e-05
4.99952e-05
5.00086e-05
4.99692e-05
4.99496e-05
4.9908e-05
4.98666e-05
4.98323e-05
4.97876e-05
4.97369e-05
4.96842e-05
4.96411e-05
4.95878e-05
4.9538e-05
4.95031e-05
4.94579e-05
4.94414e-05
4.94181e-05
4.93654e-05
4.93493e-05
4.93582e-05
4.93952e-05
4.93492e-05
4.93056e-05
4.93731e-05
4.93248e-05
4.92816e-05
4.92323e-05
4.93101e-05
4.93064e-05
4.92603e-05
4.92134e-05
4.91654e-05
4.91167e-05
4.90725e-05
4.90715e-05
4.91028e-05
4.91108e-05
4.91068e-05
4.90766e-05
4.90409e-05
4.89907e-05
4.89681e-05
4.8941e-05
4.89438e-05
4.88938e-05
4.88622e-05
4.88125e-05
4.88027e-05
4.87598e-05
4.87673e-05
4.87175e-05
4.87055e-05
4.86627e-05
4.86139e-05
4.85642e-05
4.87554e-05
4.87057e-05
4.87169e-05
4.87028e-05
4.86749e-05
4.86441e-05
4.86287e-05
4.85794e-05
4.85443e-05
4.84951e-05
4.84893e-05
4.84483e-05
4.84811e-05
4.84336e-05
4.83907e-05
4.83452e-05
4.83352e-05
4.8308e-05
4.82665e-05
4.82443e-05
4.8197e-05
4.81716e-05
4.82335e-05
4.81852e-05
4.8137e-05
