0
0.00498857
0.00585826
0.00824491
0.00892156
0.00767193
0.00651844
0.00761474
0.00684878
0.00620506
0.0057073
0.00521023
0.00483512
0.00472352
0.00445961
0.00419659
0.00403113
0.00381894
0.0036125
0.00349353
0.00372715
0.00355392
0.00341936
0.00337684
0.00324255
0.00314503
0.0030302
0.00292205
0.00285237
0.00315712
0.00305549
0.00295847
0.00325725
0.0031606
0.00316565
0.00307646
0.00300131
0.0029745
0.00292271
0.00287703
0.00282488
0.00275973
0.00271799
0.00266434
0.00262524
0.00263114
0.00258036
0.00254059
0.0025427
0.00249172
0.00251357
0.00246838
0.00248666
0.00246362
0.0024371
0.0024445
0.00242679
0.00246336
0.00267117
0.00265073
0.00260738
0.00257665
0.00253661
0.00250013
0.00255646
0.00261608
0.00259136
0.00255597
0.00251893
0.00248324
0.0024516
0.00243274
0.00241807
0.00240027
0.00237243
0.00236019
0.00233246
0.00231444
0.0022862
0.00226549
0.00228257
0.00228042
0.00225279
0.00222583
0.00223528
0.00221087
0.00218903
0.00216561
0.00215684
0.00213347
0.002115
0.00209261
0.00207227
0.00205073
0.00202917
0.00202979
0.00203004
0.00201284
0.00199834
0.00198707
0.00196928
0.00197556
0.00195741
0.00195449
0.00193759
0.00192059
0.00190278
0.00191754
0.00190013
0.00189756
0.00191144
0.00190605
0.00188964
0.00188363
0.00187502
0.00187706
0.00186108
0.00184527
0.00183184
0.00181663
0.00180297
0.00179622
0.00179589
0.00178399
0.00178999
0.00177572
0.00176342
0.00175325
0.00174737
0.00173496
0.00172514
0.00171513
0.0017054
0.00170022
0.00169052
0.0016789
0.00166754
0.00166133
0.00165257
0.00164482
0.00163327
0.00162212
0.00161078
0.00160561
0.00160319
0.00159321
0.00158281
0.00157209
0.00156151
0.00155113
0.00154409
0.00153588
0.00153257
0.00152299
0.00151314
0.0015035
0.00149442
0.00148533
0.00147801
0.00147424
0.00146632
0.00146906
0.00147275
0.00146705
0.00145918
0.00145045
0.00144466
0.00143784
0.00143101
0.00142259
0.00141509
0.00140684
0.00139884
0.00139314
0.00138533
0.00137806
0.00137026
0.00136446
0.0013682
0.00136417
0.00136755
0.00136191
0.00135489
0.00135069
0.00134362
0.00134238
0.00133518
0.00132858
0.00132243
0.00131545
0.00131097
0.00131636
0.00131178
0.00130572
0.00129927
0.00129337
0.00128736
0.00128115
0.00127476
0.00127351
0.00128019
0.00127934
0.00127515
0.0012731
0.00126912
0.0012695
0.00126657
0.00126083
0.00125537
0.00124938
0.00124353
0.00124333
0.0012384
0.00123379
0.00122996
0.00122472
0.00121907
0.00122165
0.00121981
0.00121616
0.00121422
0.00121457
0.00121672
0.0012388
0.00123554
0.00123034
0.00122561
0.00122023
0.00121552
0.00121786
0.00121387
0.00120872
0.00120404
0.00120601
0.00120157
0.00120725
0.0012043
0.00120118
0.00119706
0.00119434
0.0012083
0.00120341
0.00119868
0.00119379
0.00118899
0.00118678
0.00118238
0.00117926
0.00117497
0.00117773
0.00117315
0.00116849
0.0011686
0.0011695
0.00117324
0.00117295
0.00116893
0.00117395
0.00117842
0.00117575
0.00117529
0.00117125
0.00116874
0.00116445
0.00116048
0.00115618
0.00115352
0.00114934
0.00114926
0.00114552
0.00114359
0.00114567
0.00114153
0.00113826
0.00113428
0.00113163
0.00112771
0.00112475
0.00112083
0.00111991
0.00111864
0.00111467
0.00111992
0.00111612
0.0011137
0.00111104
0.00110738
0.00110502
0.00110518
0.00110333
0.00110155
0.00109877
0.00109562
0.00109633
0.00109283
0.00109085
0.0010876
0.00108398
0.00108043
0.00107817
0.00107459
0.00107129
0.0010692
0.00106569
0.00106221
0.00105881
0.00106191
0.00105887
0.00106198
0.00105861
0.00105548
0.00105297
0.00105064
0.00104809
0.00104854
0.00104575
0.00104297
0.00104439
0.00104506
0.00104471
0.00104327
0.00104024
0.00104313
0.001052
0.00104921
0.00104744
0.00104731
0.00104495
0.00104262
0.00103964
0.00103878
0.00103611
0.00103316
0.00103007
0.00103768
0.00104413
0.00104106
0.00104123
0.0010384
0.0010359
0.00103317
0.00103014
0.00102734
0.00102601
0.00102439
0.00102161
0.00101868
0.00101675
0.001018
0.0010179
0.00101508
0.00101299
0.00101015
0.00101102
0.00101136
0.00100867
0.00100586
0.00100305
0.0010016
0.00100025
0.000997512
0.000996937
0.000994293
0.000991779
0.000989092
0.000990219
0.000987653
0.000988729
0.000991587
0.000988903
0.000986451
0.000984141
0.000988069
0.000985432
0.000986195
0.000984044
0.000983548
0.000983863
0.000981676
0.000979377
0.000976916
0.000974374
0.000971862
0.00096949
0.000967111
0.000965884
0.000969168
0.000967836
0.000965788
0.000963918
0.000961456
0.000961918
0.0009597
0.000958497
0.000957849
0.00095547
0.00095541
0.000953068
0.000950794
0.000949298
0.000949017
0.000947966
0.000946618
0.000944586
0.00094229
0.000940244
0.000938048
0.000939158
0.000937007
0.000934822
0.000938592
0.000936319
0.000939091
0.000936829
0.000936643
0.000934841
0.000934137
0.000933283
0.000933119
0.000932476
0.000931906
0.000932092
0.000932121
0.000930562
0.0009284
0.000929774
0.000927596
0.000926123
0.000924024
0.000922381
0.000920265
0.00091831
0.000919419
0.000918166
0.000916473
0.000915013
0.000913959
0.000918641
0.000917065
0.000917996
0.000916141
0.000915741
0.000914042
0.000915
0.000913175
0.000914309
0.000913051
0.00091181
0.000911166
0.000911394
0.000910236
0.0009085
0.000906506
0.000905339
0.000903352
0.000901709
0.000899987
0.000898098
0.0008966
0.00089577
0.000897194
0.000896194
0.000894546
0.000892694
0.000890875
0.000889935
0.000890392
0.000890971
0.000889151
0.000888638
0.000886813
0.000885709
0.000884601
0.000884671
0.000887147
0.000886714
0.00088495
0.000884373
0.000882768
0.000883497
0.000882912
0.000881432
0.000879667
0.000878635
0.000876859
0.000875315
0.000873832
0.000872236
0.000872933
0.00087256
0.000872438
0.000870923
0.000869561
0.000867997
0.00086652
0.000867748
0.000866001
0.000864648
0.000862915
0.000861202
0.000860616
0.000860434
0.000858904
0.000857371
0.000857189
0.00085683
0.000855415
0.000853811
0.000853218
0.000851695
0.000851838
0.000850323
0.000849117
0.00084754
0.000845978
0.000844353
0.000844184
0.000843339
0.000842116
0.000840518
0.000839843
0.000838316
0.000836882
0.00083796
0.000836577
0.000835818
0.000834593
0.000833992
0.000834152
0.000835212
0.000834938
0.000834384
0.000833911
0.000832361
0.000831042
0.0008308
0.000832854
0.000834948
0.000833635
0.000832103
0.00083162
0.000831818
0.000830693
0.000829621
0.000828401
0.000827065
0.000825607
0.0008241
0.00082314
0.000822206
0.000820723
0.000819519
0.000818419
0.000817018
0.000816426
0.000815363
0.000813935
0.000812539
0.000811105
0.000810448
0.000810791
0.000809737
0.000809322
0.000808322
0.000807179
0.000805798
0.00080463
0.000805814
0.000805368
0.00080456
0.000803239
0.000801834
0.000801403
0.000800712
0.000799326
0.000798368
0.000796985
0.000795647
0.000795875
0.000794576
0.000795099
0.000794103
0.000792882
0.000792299
0.000790983
0.000789849
0.000788542
0.000787955
0.000788759
0.000787422
0.00078699
0.000785672
0.000784674
0.000783891
0.000783021
0.000782835
0.000782345
0.000781043
0.000780126
0.000779218
0.000778486
0.000777506
0.000776952
0.000775729
0.000774904
0.000775446
0.000775002
0.000773795
0.000775351
0.0007748
0.000773572
0.000772479
0.000771251
0.000770874
0.000769656
0.000768443
0.0007707
0.000770743
0.000769596
0.000768917
0.000768028
0.000766979
0.000765748
0.000764628
0.000763625
0.000762947
0.000762147
0.000761069
0.000762756
0.000762988
0.000762286
0.000761101
0.000759915
0.000758989
0.000758584
0.000757487
0.000756633
0.000755499
0.00075522
0.000755026
0.000754054
0.000753575
0.000753326
0.000752157
0.000752167
0.000751147
0.000750286
0.000749137
0.000748584
0.000747569
0.000746998
0.000746022
0.000745008
0.000744041
0.000742916
0.000742205
0.000741255
0.000740136
0.000739125
0.000738174
0.000737637
0.000736706
0.00073567
0.000734717
0.000733703
0.000732976
0.000732023
0.000730959
0.000729868
0.000730463
0.000729514
0.000728482
0.000727897
0.000726849
0.000727441
0.000727375
0.000726449
0.000725604
0.000725319
0.000724268
0.000723425
0.000724047
0.000723042
0.000726341
0.000725588
0.000725759
0.00072531
0.000725563
0.000724975
0.000723968
0.000723599
0.000724799
0.00072407
0.000723086
0.000722108
0.000721781
0.000720981
0.000720197
0.00071919
0.000719439
0.000718716
0.000717743
0.000716876
0.000716317
0.000715336
0.000714626
0.00071401
0.000713015
0.000712499
0.000712304
0.00071205
0.000711089
0.000713639
0.000712876
0.000712308
0.000711346
0.000710444
0.000709963
0.000708977
0.000708099
0.000709114
0.000708437
0.000708569
0.000707996
0.000707118
0.000706641
0.000705692
0.000705095
0.000704159
0.000703214
0.000702333
0.000701381
0.000700671
0.000700503
0.000699844
0.000699773
0.000698908
0.000698214
0.000698398
0.00069827
0.000697358
0.000697777
0.000696856
0.000696145
0.000695223
0.000694537
0.000693799
0.00069354
0.00069293
0.000692111
0.000692108
0.00069119
0.000690413
0.000690328
0.000689897
0.000690397
0.000690499
0.000689669
0.0006888
0.000687941
0.000687068
0.000686167
0.000685487
0.000684597
0.000683755
0.00068331
0.000683032
0.000682142
0.000681292
0.000681274
0.000680486
0.000679665
0.000678806
0.000678177
0.000677701
0.000676878
0.000676447
0.000675606
0.000674739
0.000673987
0.000673147
0.00067229
0.000671596
0.000670803
0.000670001
0.000669274
0.000668426
0.000669025
0.000668177
0.000668069
0.000667545
0.000666798
0.00066596
0.000665194
0.00066466
0.000664467
0.000665837
0.00066551
0.000664815
0.000664072
0.000663671
0.000663422
0.000662595
0.000662408
0.000661681
0.000660877
0.000660513
0.000659769
0.000658997
0.000658419
0.000657774
0.00065699
0.000656424
0.000657503
0.000656799
0.000657244
0.000658237
0.000657571
0.000656877
0.000656192
0.0006554
0.000655171
0.000654375
0.000653762
0.000655784
0.000656399
0.000655607
0.000654815
0.000655438
0.000654793
0.000654081
0.000654407
0.000653693
0.000653022
0.00065235
0.000651574
0.000651087
0.000650388
0.000650047
0.000649293
0.000648522
0.000647756
0.000646987
0.000646616
0.000646004
0.000645299
0.000645704
0.000645081
0.000644419
0.000643874
0.000644264
0.000643803
0.00064339
0.000643695
0.000647127
0.000646687
0.000645944
0.000645326
0.000645205
0.000644586
0.000644412
0.000643712
0.000642966
0.00064233
0.000641592
0.00064086
0.000640121
0.000640246
0.000639519
0.000638957
0.000638652
0.000638015
0.000638129
0.000638299
0.000638555
0.00063783
0.000637124
0.000636535
0.000635858
0.000635304
0.000634691
0.000634064
0.000633362
0.000633218
0.000632577
0.000631875
0.000631164
0.000630481
0.000629796
0.000629312
0.000629215
0.000628771
0.000631811
0.000631397
0.000630829
0.000630249
0.000629609
0.000628922
0.000628728
0.000628652
0.000628181
0.000627593
0.000626988
0.000626301
0.000625674
0.000624991
0.000624301
0.000623616
0.000623028
0.000622436
0.000621753
0.000621075
0.000620413
0.000619735
0.000620114
0.000619534
0.000618861
0.000618239
0.000618584
0.000617938
0.000617295
0.000617238
0.000616671
0.000616438
0.000615933
0.000615268
0.000614881
0.000614436
0.000614388
0.000614535
0.000614059
0.000613788
0.000613208
0.00061274
0.000612459
0.000611931
0.000611998
0.00061145
0.000610973
0.000610815
0.000610173
0.000610201
0.000609675
0.000609155
0.000611046
0.000610496
0.000610454
0.000610304
0.000612278
0.000611646
0.000611009
0.000610855
0.000610542
0.000609936
0.000610135
0.000610454
0.000609846
0.000609214
0.000608603
0.000608007
0.000608505
0.000607889
0.000607475
0.000606934
0.000606714
0.000606094
0.000605677
0.000605155
0.000604545
0.000603973
0.000603419
0.000602808
0.00060253
0.000601959
0.000602552
0.000601954
0.00060181
0.000601295
0.000600683
0.000600353
0.000599741
0.000599251
0.000598664
0.00059821
0.000597603
0.000596999
0.000596606
0.000597069
0.000596707
0.000596838
0.000596235
0.000595662
0.000596346
0.000595923
0.000597294
0.000598477
0.000597978
0.000597578
0.000597133
0.000596792
