0
0.00683548
0.00808265
0.0126111
0.0137149
0.0117747
0.00998073
0.0115559
0.010393
0.00938085
0.00861729
0.0078668
0.00730054
0.00714777
0.00674441
0.006357
0.00610598
0.00578783
0.00547537
0.00530174
0.00567581
0.00541168
0.00521874
0.00513337
0.0049311
0.00478992
0.0046147
0.004451
0.00433848
0.00483477
0.00467726
0.00452922
0.00498784
0.00484053
0.00484346
0.00470715
0.00459302
0.00455621
0.0044745
0.00440233
0.00432628
0.00422447
0.00415504
0.00407021
0.00401166
0.00401644
0.00393616
0.00387863
0.0038865
0.00380802
0.00383772
0.00377055
0.00380301
0.00376549
0.00372222
0.00372928
0.00370622
0.00375464
0.00406352
0.00402965
0.00396352
0.00391351
0.00385233
0.00379833
0.0038768
0.0039786
0.003939
0.00388403
0.00382788
0.00377332
0.00372344
0.00369617
0.00367611
0.00364572
0.00360282
0.00358035
0.00354002
0.00351425
0.0034714
0.00344214
0.00346925
0.00347138
0.00342933
0.00338849
0.00339618
0.00335944
0.00332621
0.00329039
0.0032761
0.00324081
0.00321167
0.00317774
0.00314661
0.00311357
0.00308086
0.00308356
0.00308884
0.00306289
0.00303925
0.00302114
0.0029944
0.00300304
0.00297495
0.00297281
0.00294743
0.00292239
0.00289572
0.00292157
0.00289546
0.00289353
0.00291139
0.00290463
0.00287963
0.00287074
0.00285743
0.00286124
0.00283698
0.00281284
0.00279218
0.00276884
0.00274858
0.00273664
0.00273428
0.00271556
0.002723
0.00270147
0.00268291
0.0026673
0.00265952
0.00264034
0.00262527
0.00261069
0.0025955
0.00258704
0.00257279
0.0025555
0.00253868
0.00252921
0.00251837
0.00250699
0.00248929
0.00247279
0.00245544
0.00244623
0.00244263
0.00242779
0.00241197
0.00239563
0.00237952
0.00236369
0.00235306
0.00234017
0.00233505
0.00232084
0.00230592
0.00229128
0.00227757
0.00226356
0.00225214
0.0022463
0.0022347
0.00223625
0.00224128
0.00223177
0.00222043
0.00220734
0.00219832
0.00218761
0.00217758
0.00216476
0.00215348
0.00214093
0.00212874
0.00211944
0.00210765
0.00209654
0.0020847
0.00207629
0.0020842
0.00207851
0.00208374
0.00207483
0.00206407
0.00205778
0.00204712
0.00204507
0.00203412
0.00202365
0.00201483
0.0020042
0.00199735
0.0020059
0.00199866
0.00198945
0.00197966
0.00197076
0.00196141
0.00195214
0.00194237
0.00194097
0.00194915
0.00194798
0.00194191
0.00193817
0.00193222
0.00193302
0.00192916
0.00192054
0.00191188
0.00190276
0.00189378
0.0018935
0.00188599
0.00187884
0.0018732
0.00186528
0.00185666
0.00185962
0.00185652
0.00185046
0.00184747
0.00184847
0.00185244
0.00188467
0.00187954
0.00187164
0.00186433
0.00185614
0.00184897
0.00185314
0.00184675
0.00183899
0.0018319
0.00183447
0.001828
0.00183532
0.00183107
0.00182601
0.00181992
0.00181573
0.00183618
0.00182881
0.00182165
0.00181432
0.00180696
0.00180292
0.0017963
0.00179147
0.00178509
0.00178946
0.00178248
0.0017754
0.00177537
0.00177735
0.00178386
0.00178316
0.00177682
0.00178555
0.00179314
0.00178913
0.00178942
0.00178331
0.00177959
0.00177306
0.00176696
0.00176049
0.00175688
0.00175037
0.00175098
0.00174512
0.00174198
0.00174465
0.00173836
0.00173374
0.00172782
0.00172397
0.00171802
0.00171368
0.00170775
0.00170731
0.00170622
0.00170017
0.00170804
0.00170229
0.00169853
0.00169462
0.0016891
0.00168547
0.00168561
0.00168285
0.00168038
0.00167606
0.00167109
0.00167251
0.00166704
0.00166369
0.00165873
0.00165323
0.00164789
0.00164444
0.00163897
0.00163392
0.00163068
0.00162536
0.00162002
0.00161485
0.00161928
0.00161469
0.00161914
0.00161395
0.00160913
0.00160534
0.00160171
0.00159773
0.0015979
0.00159381
0.00158976
0.00159197
0.00159301
0.00159254
0.00159034
0.00158581
0.00159074
0.00160499
0.00160072
0.00159824
0.00159736
0.00159328
0.00159
0.00158545
0.00158405
0.00158001
0.00157552
0.00157081
0.00158175
0.00159202
0.00158728
0.00158742
0.00158317
0.00157954
0.00157552
0.00157094
0.0015667
0.00156482
0.00156228
0.00155802
0.00155359
0.00155058
0.00155219
0.00155242
0.00154814
0.00154472
0.00154039
0.00154145
0.00154194
0.00153782
0.00153352
0.00152923
0.00152691
0.00152479
0.00152067
0.00152047
0.00151642
0.00151258
0.00150843
0.00151027
0.00150636
0.00150824
0.00151204
0.00150795
0.00150416
0.00150064
0.00150618
0.00150215
0.00150308
0.00149992
0.00149925
0.00149972
0.00149646
0.00149308
0.00148936
0.00148556
0.00148175
0.00147816
0.0014745
0.0014725
0.00147795
0.00147564
0.00147265
0.00146982
0.00146607
0.0014667
0.00146334
0.00146167
0.00146097
0.00145729
0.00145738
0.00145382
0.00145036
0.00144799
0.00144772
0.00144647
0.00144424
0.00144105
0.00143755
0.00143457
0.00143119
0.00143349
0.00143023
0.0014269
0.00143282
0.00142934
0.00143373
0.00143028
0.00143034
0.00142749
0.00142642
0.00142527
0.001425
0.00142421
0.00142321
0.00142338
0.00142329
0.00142074
0.00141743
0.00141954
0.00141621
0.00141388
0.00141071
0.00140824
0.00140502
0.00140205
0.00140365
0.00140149
0.00139904
0.00139666
0.00139499
0.00140221
0.00140005
0.00140184
0.001399
0.00139799
0.00139552
0.00139634
0.00139367
0.00139491
0.00139311
0.00139117
0.00139015
0.00139067
0.00138898
0.00138634
0.00138329
0.00138152
0.00137849
0.00137613
0.00137345
0.0013706
0.00136833
0.00136704
0.00136952
0.00136779
0.00136536
0.00136263
0.00135989
0.00135855
0.0013592
0.00136018
0.00135744
0.0013564
0.00135363
0.00135189
0.00135025
0.00135003
0.00135367
0.00135301
0.00135033
0.00134942
0.00134695
0.00134792
0.00134683
0.00134458
0.00134194
0.00134038
0.00133763
0.00133522
0.00133309
0.00133062
0.00133194
0.00133128
0.00133115
0.0013288
0.00132676
0.00132437
0.00132208
0.00132381
0.00132115
0.00131904
0.00131639
0.00131379
0.00131265
0.00131217
0.00130976
0.00130751
0.00130719
0.00130654
0.0013043
0.00130184
0.00130106
0.0012987
0.00129876
0.00129648
0.00129452
0.00129213
0.00128974
0.00128729
0.00128713
0.00128584
0.00128389
0.00128146
0.00128033
0.00127803
0.00127592
0.00127718
0.00127509
0.00127399
0.00127217
0.00127127
0.00127142
0.00127285
0.00127244
0.00127151
0.00127071
0.00126836
0.00126637
0.00126599
0.00126911
0.00127227
0.00127026
0.00126793
0.00126709
0.00126737
0.00126548
0.00126376
0.00126202
0.00126
0.00125779
0.00125549
0.00125425
0.00125281
0.00125054
0.00124877
0.00124718
0.00124509
0.00124449
0.00124295
0.00124079
0.00123872
0.00123652
0.00123548
0.00123607
0.00123466
0.00123408
0.00123263
0.00123113
0.00122907
0.00122728
0.00122893
0.0012283
0.00122704
0.00122498
0.00122284
0.00122211
0.00122111
0.00121901
0.00121747
0.00121537
0.00121334
0.00121371
0.0012117
0.00121293
0.00121126
0.00120941
0.00120852
0.00120651
0.00120485
0.00120283
0.00120195
0.00120335
0.00120131
0.00120077
0.00119875
0.00119739
0.00119615
0.00119488
0.00119465
0.00119401
0.00119202
0.00119072
0.00118916
0.00118808
0.00118663
0.00118559
0.00118378
0.00118257
0.00118351
0.00118274
0.00118087
0.00118298
0.00118228
0.00118043
0.00117874
0.0011769
0.00117622
0.00117438
0.00117251
0.00117642
0.00117653
0.00117479
0.00117366
0.00117223
0.00117061
0.00116873
0.001167
0.00116552
0.00116455
0.00116323
0.00116155
0.00116424
0.00116493
0.00116376
0.00116196
0.00116013
0.00115878
0.00115858
0.00115691
0.00115568
0.00115399
0.00115354
0.00115317
0.00115159
0.00115086
0.00115051
0.00114872
0.00114866
0.00114707
0.00114573
0.00114398
0.00114313
0.00114161
0.00114076
0.00113925
0.00113771
0.00113628
0.00113459
0.00113334
0.00113186
0.00113015
0.00112862
0.00112717
0.00112618
0.00112473
0.00112315
0.00112173
0.00112022
0.00111891
0.00111759
0.001116
0.00111433
0.00111539
0.00111389
0.0011123
0.0011115
0.00110991
0.00111097
0.00111072
0.00110939
0.00110805
0.00110765
0.00110606
0.00110478
0.00110557
0.00110402
0.00110918
0.00110796
0.00110831
0.00110759
0.00110794
0.00110693
0.00110543
0.00110488
0.00110679
0.00110562
0.00110411
0.00110265
0.00110207
0.00110081
0.00109963
0.0010981
0.00109825
0.0010971
0.00109561
0.00109431
0.00109344
0.00109194
0.00109082
0.00108982
0.00108829
0.0010875
0.00108718
0.00108677
0.00108527
0.00108915
0.001088
0.00108713
0.00108566
0.00108427
0.00108351
0.00108202
0.00108073
0.00108229
0.00108127
0.00108148
0.00108071
0.00107938
0.00107859
0.00107714
0.00107626
0.00107482
0.00107338
0.00107206
0.0010706
0.0010695
0.0010693
0.00106825
0.00106799
0.0010666
0.00106552
0.00106565
0.00106552
0.00106413
0.00106478
0.00106337
0.00106236
0.00106096
0.00105983
0.00105867
0.00105849
0.0010576
0.00105635
0.00105636
0.00105496
0.00105376
0.00105359
0.00105281
0.00105356
0.00105374
0.00105246
0.00105114
0.00104982
0.00104848
0.0010471
0.00104602
0.00104466
0.00104336
0.00104269
0.00104224
0.00104089
0.00103965
0.00103964
0.00103846
0.00103721
0.0010359
0.00103494
0.00103407
0.00103281
0.00103224
0.00103094
0.00102962
0.00102844
0.00102718
0.00102587
0.00102488
0.00102362
0.00102238
0.0010213
0.00102002
0.00102093
0.00101964
0.00101948
0.00101869
0.00101752
0.00101625
0.00101506
0.00101428
0.0010139
0.00101618
0.00101573
0.00101463
0.00101352
0.00101298
0.00101254
0.00101128
0.001011
0.00100984
0.00100864
0.0010082
0.00100708
0.0010059
0.00100499
0.00100401
0.0010028
0.00100193
0.00100355
0.0010025
0.0010031
0.00100439
0.00100337
0.00100233
0.00100131
0.0010001
0.000999729
0.000998515
0.000997606
0.0010007
0.0010015
0.00100029
0.000999082
0.00100018
0.000999236
0.000998192
0.000998778
0.000997674
0.000996648
0.000995594
0.000994412
0.000993571
0.000992451
0.000991861
0.000990711
0.000989534
0.000988359
0.000987189
0.000986651
0.000985702
0.000984618
0.000985123
0.000984178
0.000983212
0.000982372
0.000983007
0.000982434
0.000981874
0.000982267
0.000987517
0.000986955
0.000985821
0.000984873
0.000984625
0.000983673
0.000983371
0.000982298
0.00098116
0.0009802
0.000979075
0.000977963
0.000976834
0.000976953
0.000975841
0.000974958
0.000974414
0.000973421
0.000973506
0.000973801
0.000974196
0.000973083
0.000972042
0.000971135
0.0009701
0.000969224
0.000968229
0.000967245
0.000966163
0.000965814
0.000964813
0.00096374
0.000962663
0.000961622
0.000960578
0.000959815
0.000959651
0.000959
0.000963842
0.000963228
0.000962404
0.000961499
0.000960524
0.000959476
0.000959214
0.000959036
0.000958282
0.000957415
0.000956474
0.000955423
0.000954443
0.000953405
0.000952353
0.00095131
0.000950403
0.000949477
0.000948434
0.000947395
0.000946377
0.000945343
0.00094577
0.000944918
0.000943889
0.000942955
0.00094351
0.000942535
0.00094155
0.000941549
0.000940701
0.000940257
0.000939505
0.000938494
0.000937931
0.000937217
0.00093709
0.000937286
0.000936576
0.000936143
0.000935264
0.000934508
0.000934031
0.00093326
0.000933246
0.000932405
0.000931627
0.000931462
0.000930472
0.000930445
0.000929619
0.000928895
0.000931711
0.000930884
0.000930767
0.000930663
0.000933745
0.000932785
0.000931811
0.000931575
0.000931099
0.000930165
0.000930545
0.000931144
0.000930194
0.000929224
0.000928306
0.000927408
0.000928129
0.000927202
0.000926601
0.000925735
0.000925389
0.000924437
0.000923798
0.000923035
0.000922099
0.000921258
0.000920405
0.000919486
0.000919073
0.000918196
0.000919048
0.000918186
0.000917938
0.000917194
0.000916267
0.000915795
0.000914863
0.000914075
0.000913178
0.000912505
0.000911578
0.000910653
0.000910068
0.000910889
0.000910314
0.000910514
0.000909596
0.00090874
0.000909626
0.000908993
0.000911114
0.000912854
0.000912063
0.000911365
0.000910677
0.000910145
