0
0.0220028
0.0376117
0.0753816
0.0617261
0.0518611
0.0516057
0.0794804
0.0730173
0.0716276
0.0686284
0.06533
0.063792
0.0627869
0.0593986
0.0559099
0.0534075
0.0509076
0.0484571
0.0475177
0.0497251
0.0474796
0.0453803
0.0440332
0.0422881
0.0420809
0.0416664
0.0415148
0.0404823
0.0419995
0.0406611
0.0411916
0.040967
0.0397444
0.0388894
0.037836
0.0386295
0.0384012
0.0376084
0.0366657
0.0357607
0.0349038
0.0343743
0.0335994
0.0331909
0.033082
0.0323979
0.0319249
0.0314313
0.0308059
0.0308683
0.0312294
0.0308156
0.0313221
0.0308164
0.0304934
0.0302153
0.0308799
0.0308462
0.0303667
0.0299455
0.0294603
0.0291357
0.0286875
0.0292034
0.0301792
0.0297883
0.0294628
0.0290947
0.0286772
0.0282806
0.0279935
0.0276362
0.0272761
0.0269352
0.0266237
0.0267161
0.0267983
0.0264754
0.0262859
0.0265685
0.0280557
0.0279959
0.0277483
0.027531
0.0272802
0.0269661
0.026858
0.0265545
0.0266719
0.026756
0.0265892
0.0263251
0.0261215
0.0258466
0.0257643
0.0255016
0.026094
0.0260115
0.0258976
0.025652
0.0254599
0.0252212
0.025278
0.0250383
0.0250149
0.0248717
0.0253144
0.0251701
0.0250628
0.024896
0.0248652
0.0246456
0.024651
0.0245565
0.0245276
0.0243354
0.024139
0.0239365
0.0237387
0.0235619
0.0233745
0.0231839
0.0230131
0.0229463
0.0228527
0.022702
0.0226597
0.0226811
0.0225272
0.0224946
0.0223426
0.0222153
0.022188
0.0220289
0.0218944
0.0217566
0.0215984
0.0216515
0.0216021
0.0214515
0.0213705
0.021279
0.0211399
0.0210571
0.0210361
0.0209214
0.0207841
0.0207136
0.0205911
0.020476
0.0203513
0.0202631
0.0201324
0.0201141
0.0200133
0.0199523
0.0198288
0.0197123
0.0196381
0.0196011
0.0195025
0.0196019
0.0195265
0.0194089
0.0193922
0.019279
0.0192567
0.0191464
0.0190334
0.0189242
0.0188155
0.0187679
0.0186838
0.0186232
0.0185207
0.0184297
0.0183795
0.0184386
0.0183368
0.0184863
0.0184786
0.0184509
0.0183821
0.0182915
0.01821
0.0181256
0.0180338
0.0181373
0.0180416
0.0180184
0.0180218
0.0179538
0.0178657
0.017798
0.0177449
0.0177038
0.0176317
0.0175527
0.0174905
0.0174489
0.0174101
0.0173509
0.0172667
0.0171912
0.0172395
0.0174252
0.0173544
0.0172738
0.0171975
0.0171301
0.0170538
0.0169797
0.0169066
0.0168297
0.0167517
0.0166889
0.0166617
0.016599
0.0165242
0.016456
0.0165843
0.0165679
0.0166318
0.0165613
0.0164896
0.016432
0.0164411
0.0163785
0.0163437
0.0162755
0.0162606
0.0161914
0.0161646
0.0160975
0.016084
0.0160161
0.0159658
0.0159175
0.0158684
0.015881
0.0158154
0.0157721
0.0157719
0.0157202
0.0156659
0.0156028
0.015595
0.0155324
0.0155537
0.0155099
0.0154503
0.0153954
0.0154098
0.0154058
0.0154402
0.0153897
0.0154194
0.0154071
0.0153767
0.0153855
0.0153495
0.0153828
0.0153416
0.0152851
0.0152642
0.0152094
0.0151562
0.0151581
0.015104
0.0150603
0.0150501
0.0150573
0.0150462
0.0150247
0.0150119
0.0149797
0.0149348
0.014883
0.0149601
0.0149851
0.014945
0.0149167
0.0148782
0.0148637
0.0148117
0.0147835
0.014745
0.0147651
0.0147251
0.0146744
0.0146297
0.0145804
0.0145323
0.0145019
0.0145093
0.0144611
0.014413
0.0143711
0.0143354
0.0142934
0.0142635
0.0142319
0.0142408
0.0141999
0.0141597
0.0141135
0.0140681
0.0140406
0.0140082
0.0139635
0.0139281
0.0139042
0.0138836
0.0138397
0.0137958
0.013791
0.0138058
0.0137764
0.0137794
0.0138451
0.0138468
0.0138288
0.0138357
0.013803
0.0137821
0.0137403
0.0137018
0.0136689
0.0136396
0.0136012
0.0135843
0.0135698
0.0135569
0.0135848
0.013606
0.0135963
0.0135668
0.013528
0.0134885
0.0134497
0.013416
0.0134258
0.013433
0.0133961
0.0133576
0.0133203
0.0133172
0.0132806
0.0132608
0.0132435
0.0132118
0.0131829
0.0131724
0.013149
0.0131686
0.0131415
0.0131079
0.013082
0.0130519
0.0130295
0.0130679
0.0130319
0.0129975
0.0129967
0.0129857
0.0129525
0.0129508
0.0130054
0.012971
0.0129367
0.0129044
0.0128794
0.0128481
0.0128859
0.0128518
0.0128477
0.0128232
0.0128328
0.0128681
0.0128363
0.0128052
0.0127717
0.0127402
0.0127074
0.0127046
0.012699
0.0126673
0.0126489
0.01262
0.0125944
0.0125846
0.0125526
0.0125213
0.0125224
0.0124982
0.0125269
0.0124997
0.0124872
0.0124788
0.012463
0.0124796
0.0124625
0.0124323
0.0124148
0.0124023
0.0123718
0.0123954
0.0123878
0.0123584
0.0123804
0.0123508
0.012344
0.0123167
0.0123163
0.0122911
0.0122645
0.0122517
0.0122248
0.0122631
0.0122451
0.0122354
0.0122269
0.0122122
0.0121857
0.0121591
0.0121357
0.0121074
0.0120922
0.012071
0.0120453
0.0120256
0.0120138
0.0119918
0.0119649
0.011947
0.0119241
0.0119575
0.0119347
0.0119252
0.0118983
0.0118982
0.0118869
0.0118648
0.0118416
0.0118153
0.0118267
0.0118071
0.0117914
0.0117895
0.0117992
0.0117998
0.0118038
0.0117898
0.0117643
0.0117811
0.0117578
0.0117328
0.011711
0.0116869
0.0116857
0.011671
0.0116481
0.0116243
0.0115993
0.011576
0.0115606
0.0115641
0.0115396
0.0115267
0.0115045
0.0114832
0.0114589
0.0114466
0.0114307
0.0114327
0.0114161
0.0114114
0.0113915
0.0113774
0.0113571
0.0113369
0.0113134
0.0113103
0.0112959
0.0112727
0.0112495
0.0112291
0.0112388
0.0112432
0.0112224
0.011206
0.0111899
0.0111675
0.0111452
0.0111255
0.0111031
0.0110831
0.0110705
0.0110621
0.0110437
0.0110224
0.0110076
0.0110239
0.0110056
0.0109863
0.0109709
0.0109517
0.0109545
0.0109487
0.0109312
0.0109099
0.0108925
0.010873
0.0108539
0.0108347
0.010822
0.0108288
0.0108113
0.0107944
0.0107999
0.0107801
0.0107644
0.010751
0.0107363
0.0107162
0.0107039
0.0106857
0.0107287
0.0107224
0.0107102
0.0106944
0.0106746
0.0106568
0.0106386
0.0106338
0.0106229
0.0106199
0.0106146
0.0105964
0.0105838
0.0105668
0.0105474
0.0105503
0.0105611
0.010542
0.0105296
0.0105141
0.0105049
0.0104858
0.010467
0.0104508
0.0104329
0.0104148
0.010404
0.01039
0.0103742
0.0103594
0.0103421
0.0103254
0.010367
0.0103623
0.010362
0.0103543
0.0103721
0.0103578
0.0103445
0.0103482
0.0103547
0.0103366
0.0103241
0.010306
0.0103213
0.0103191
0.0103018
0.0102841
0.0102663
0.0102495
0.0102317
0.0102151
0.010208
0.0101909
0.0101785
0.01017
0.0101535
0.0101389
0.010131
0.0101463
0.0101615
0.0101459
0.0101546
0.010144
0.0101306
0.0101138
0.01011
0.010093
0.010092
0.0100761
0.0100752
0.0100588
0.010059
0.0100478
0.0100315
0.0100155
0.0100013
0.0100072
0.0099909
0.0099786
0.00998593
0.00998112
0.00996493
0.00994897
0.00993273
0.00991757
0.00991148
0.00989571
0.00993576
0.00992169
0.00990788
0.00989189
0.0098768
0.00986422
0.00984912
0.00983564
0.00982005
0.00980611
0.0097946
0.00977997
0.00980485
0.00978934
0.00977549
0.00976016
0.00974913
0.00976067
0.00979917
0.00978519
0.00977555
0.0097606
0.00975313
0.00974333
0.0097285
0.00971439
0.00970167
0.00968744
0.00972414
0.00972197
0.00970712
0.00969577
0.00968101
0.00967086
0.00965608
0.00964202
0.00963068
0.00961616
0.00960265
0.00958856
0.00957571
0.00957698
0.00956369
0.00955767
0.00955035
0.00953999
0.00952785
0.00953383
0.0095195
0.00950583
0.00949641
0.0094853
0.00947679
0.00947029
0.00945765
0.00944643
0.00943943
0.00944759
0.00948381
0.00947302
0.00946486
0.00945164
0.00944306
0.00942949
0.00941999
0.00940746
0.00939386
0.00943124
0.00941758
0.0094116
0.00940255
0.00940348
0.0093901
0.00937705
0.00936853
0.00936686
0.00935486
0.0093415
0.00933072
0.00931745
0.00930441
0.00929747
0.00928918
0.00927683
0.00927502
0.00926185
0.00924894
0.00923739
0.00922706
0.00921408
0.00920672
0.00919957
0.00919484
0.0091848
0.00917235
0.00916117
0.00915856
0.00914667
0.00913958
0.00912789
0.00911528
0.00910271
0.00909108
0.00907966
0.00908601
0.00907382
0.00909097
0.00908161
0.00908492
0.00907281
0.00906127
0.00906243
0.00905046
0.00903837
0.00902953
0.00901856
0.00901206
0.00900206
0.00899201
0.00898321
0.00897101
0.00895923
0.00894903
0.00893806
0.00892633
0.00892382
0.00891297
0.00891567
0.00890555
0.00889407
0.0088829
0.00887943
0.00886788
0.00885607
0.00888785
0.00888004
0.00886885
0.00885766
0.00884751
0.00884267
0.00884836
0.00883684
0.00882763
0.00881603
0.00880454
0.00879302
0.00878265
0.00877475
0.00876671
0.00875769
0.0087471
0.00873591
0.00872487
0.00872415
0.0087193
0.00871096
0.008705
0.00869374
0.00868362
0.00867345
0.00868518
0.00867478
0.00866364
0.00865261
0.0086508
0.00864838
0.0086554
0.00864548
0.00863616
0.00862964
0.00861868
0.00862039
0.00861028
0.00860815
0.00859949
0.00858863
0.00857787
0.00857196
0.00856176
0.00855233
0.00859176
0.00858431
0.0085778
0.00856709
0.00855688
0.0085476
0.00853867
0.00853738
0.00852955
0.00852498
0.00851948
0.00850907
0.00850886
0.00849835
0.00849044
0.00848007
0.00847029
0.00848862
0.00847912
0.00847095
0.00848781
0.00847789
0.00846754
0.0084598
0.00844949
0.00843923
0.00843447
0.00842853
0.00842779
0.00842805
0.00841995
0.00841056
0.00842215
0.00841832
0.00841419
0.0084045
0.00840066
0.00839353
0.00838375
0.00837442
0.00836805
0.00835811
0.00834815
0.00834043
0.00833527
0.00832542
0.00831555
0.00830595
0.00829646
0.00828697
0.00827791
0.00827183
0.00826573
0.00825936
0.00826607
0.008279
0.00827347
0.00826438
0.00832414
0.0083186
0.00830946
0.00829982
0.00830736
0.008302
0.00829948
0.00829054
0.00828178
0.00827227
0.00826275
0.00825635
0.00824705
0.00823924
0.00822977
0.00822307
0.00821382
0.00820465
0.00819798
0.0082051
0.00819576
0.00818723
0.0081852
0.00817588
0.0081666
0.00815755
0.00814882
0.00814304
0.00813433
0.00812839
0.00811927
0.00811056
0.00810297
0.00809466
0.00808565
0.00807659
0.00808115
0.00808482
0.00809584
0.00808905
0.00808122
0.00807245
0.00807869
0.00807013
0.0080848
0.00807973
0.00807446
0.00807477
0.00806691
0.00806179
0.00805299
0.00804606
0.00803822
0.00803036
0.0080268
0.00802301
0.00802892
0.00802208
0.00801676
0.00801307
0.00801888
0.00801094
0.00801103
0.00800452
0.00800722
0.00799869
0.00799377
0.00798933
0.00799307
0.00798453
0.00797852
0.00797216
0.00797469
0.00796691
0.00796784
0.00797214
0.00796996
0.0079629
0.00796036
0.00795211
0.00794724
0.00793958
0.00795327
0.00794565
0.00794129
0.00794062
0.00793218
0.00793214
0.00792563
0.00792054
0.00793125
0.00792449
0.00791628
0.00794289
0.00794468
0.00793904
0.00793105
0.0079349
0.00792662
0.00792054
0.00791504
0.00791299
0.00790475
0.00789649
0.00788931
0.0078814
0.00788384
0.00787644
0.00786902
0.00786188
0.00785483
0.00785311
0.0078457
0.00783844
0.00783035
0.00782264
0.00782298
0.0078153
0.00781458
0.00780656
0.00781005
0.00780318
0.00779626
0.00779802
0.00779206
0.00778696
0.00778081
0.00777288
0.00776568
0.00775899
0.00775386
0.00774601
0.00773906
0.0077404
0.00773378
0.00773072
0.00772451
0.00771727
0.00771694
0.00770952
0.00772762
0.00774397
0.00773832
0.00773133
0.00772362
0.00771664
