2.93578
3.17365
3.14736
3.1526
3.15826
3.16098
3.15411
3.1551
3.1538
3.154
3.13814
3.1306
3.12693
3.12635
3.13923
3.14343
3.1427
3.13302
3.13101
3.13478
3.13608
3.14226
3.14258
3.13935
3.14152
3.14207
3.14445
3.13916
3.13271
3.13205
3.12932
3.12605
3.1262
3.12726
3.12582
3.12365
3.1227
3.12374
3.12472
3.12323
3.12433
3.12785
3.1268
3.125
3.12932
3.1273
3.12635
3.12883
3.1323
3.1312
3.13292
3.13073
3.13429
3.13684
3.13641
3.134
3.13472
3.13413
3.13514
3.13487
3.13542
3.1374
3.14008
3.14203
3.14206
3.14125
3.14082
3.13734
3.1377
3.13813
3.13711
3.13635
3.1367
3.13558
3.13552
3.13587
3.13695
3.13641
3.13573
3.13614
3.13677
3.13619
3.13688
3.13688
3.13936
3.13856
3.1368
3.13919
3.13995
3.13931
3.13984
3.14113
3.13976
3.13871
3.14033
3.13967
3.14124
3.14126
3.14116
3.14156
