0
0.237867
0.139826
0.139826
0.0769023
0.0628495
0.053561
0.0463958
0.0409378
0.0366165
0.0367234
0.034362
0.0318211
0.0294662
0.0303034
0.0286556
0.0269269
0.0271699
0.0257789
0.0247449
0.0235729
0.0233093
0.0222751
0.0215696
0.0208023
0.0199938
0.0193861
0.0194162
0.0198149
0.0191544
0.0187253
0.0184239
0.0178575
0.0173564
0.0169144
0.0165808
0.0161539
0.0157571
0.0153792
0.0150636
0.0147327
0.0148012
0.0144907
0.0142715
0.0146049
0.0144271
0.0141485
0.014071
0.0142115
0.0139684
0.0138003
0.013709
0.0139115
0.0138875
0.0136397
0.0136076
0.0133857
0.0131659
0.0129801
0.0127648
0.0125657
0.0125202
0.0126064
0.0125612
0.0123665
0.0122044
0.0120283
0.0123521
0.012177
0.0120098
0.011884
0.011742
0.0115853
0.011483
0.011329
0.0111844
0.0110912
0.0109615
0.010843
0.0107144
0.0106001
0.0104863
0.0103823
0.010258
0.0104344
0.0103429
0.0103745
0.0105311
0.0104395
0.0103423
0.0102416
0.0102116
0.0101945
0.0101391
0.0101611
0.0100763
0.0100951
0.0099916
0.00989069
0.00979935
