0
0
0
0
0
0
0
0
0
0
0
0
0
0
0
0
0
0
0
0
0
0
0
0
0
0
0
0
0
0
2.49293e-05
2.32811e-05
9.80718e-05
0.000163573
0.00173002
0.0271235
0.179943
0.60261
1.26868
1.94565
2.43507
2.63921
2.60924
2.46516
2.24362
2.0161
1.79599
1.58986
1.4079
1.26536
1.14525
1.03654
0.955762
0.885689
0.830633
0.780659
0.750391
0.722559
0.700795
0.694772
0.68369
0.681027
0.687132
0.698761
0.716918
0.740221
0.764033
0.792171
0.832242
0.872024
0.918268
0.957887
0.998111
1.03863
1.07686
1.1074
1.14097
1.1707
1.19755
1.2175
1.21874
1.21421
1.20705
1.18906
1.16998
1.14271
1.11845
1.09624
1.06686
1.04249
1.01033
0.988819
0.96754
0.950595
0.935698
0.924425
0.914054
0.906695
0.902839
0.907157
