-5.02737
-5.03566
-5.02488
-5.02554
-5.02263
-5.02351
-5.02138
-5.02419
-5.02433
-5.0244
-5.02427
-5.02355
-5.02481
-5.02363
-5.0233
-5.02416
-5.02422
-5.02365
-5.02338
-5.02358
-5.0238
-5.02276
-5.02362
-5.02452
-5.02368
-5.02328
-5.02319
-5.02236
-5.02248
-5.02259
-5.02233
-5.0222
-5.02186
-5.02236
-5.0225
-5.02236
-5.02228
-5.02258
-5.02218
-5.02223
-5.02251
-5.02312
-5.02269
-5.02227
-5.02191
-5.02222
-5.02286
-5.02283
-5.02268
-5.02245
-5.02271
-5.02253
-5.02268
-5.02211
-5.02183
-5.02183
-5.02174
-5.02168
-5.0215
-5.02179
-5.02178
-5.02146
-5.02151
-5.02147
-5.02142
-5.02144
-5.02158
-5.02181
-5.02177
-5.02167
-5.02168
-5.02184
-5.02189
-5.02194
-5.02196
-5.0219
-5.02198
-5.02195
-5.02181
-5.02196
-5.02216
-5.02179
-5.02204
-5.0223
-5.02227
-5.02202
-5.02179
-5.02167
-5.0215
-5.02159
-5.02199
-5.02199
-5.02183
-5.02181
-5.0219
-5.02161
-5.02143
-5.02146
-5.02167
-5.02146
