19.5174
19.4927
19.5443
19.5687
19.574
19.5521
19.5673
19.5406
19.5397
19.536
19.5248
19.523
19.5042
19.5033
19.5054
19.4997
19.4915
19.4933
19.4939
19.4831
19.4801
19.4871
19.4836
19.478
19.4891
19.4907
19.4896
19.4943
19.5007
19.5004
19.4991
19.5023
19.5044
19.5014
19.5033
19.5021
19.5023
19.4981
19.4997
19.4999
19.4995
19.4963
19.4983
19.4988
19.5001
19.4993
19.493
19.4928
19.4928
19.4927
19.4918
19.493
19.4902
19.4935
19.4931
19.4943
19.4948
19.4975
19.5002
19.4966
19.4967
19.4971
19.4953
19.494
19.4905
19.4894
19.4897
19.4892
19.4895
19.4908
19.4912
19.4907
19.4909
19.4912
19.4904
19.4903
19.4895
19.4891
19.4904
19.4916
19.491
19.4917
19.4913
19.4891
19.4894
19.4884
19.4902
19.4901
19.492
19.491
19.4883
19.4873
19.4891
19.4891
19.4874
19.4885
19.4884
19.4882
19.4863
19.488
