0
0
0
0
0
0
0
0
0
0
0
0
0
0
0
0
0
0
0
0
0
0
0
0
0
0
0
0
0
0
2.49293e-05
2.32811e-05
9.80718e-05
0.000125605
0.000354901
0.0010656
0.00235921
0.00495167
0.0080126
0.00933474
0.00918129
0.00958809
0.0104401
0.0101887
0.00906498
0.00796408
0.00805283
0.00762406
0.00689257
0.00645742
0.00632254
0.00563411
0.00582562
0.00541391
0.00525059
0.00491636
0.00440856
0.00429673
0.00384999
0.00447984
0.00412667
0.00416146
0.00437751
0.00435776
0.00434779
0.00374037
0.00410073
0.00446269
0.00398891
0.00404186
0.00469385
0.00426813
0.00406599
0.00423886
0.00426634
0.00421602
0.00403075
0.00377628
0.00381972
0.00447218
0.00379723
0.00392174
0.00344594
0.003876
0.00417378
0.00432728
0.00368046
0.00370545
0.0036714
0.00378454
0.00338809
0.00354457
0.00300569
0.00269697
0.00335324
0.00297414
0.00306207
0.00287511
0.00287637
0.00318408
