0
0.0246673
0.0535102
0.0450414
0.0352794
0.0361801
0.034152
0.0398597
0.0351622
0.0316716
0.030779
0.0281502
0.0320077
0.0296469
0.0276807
0.0265281
0.0262071
0.0247723
0.0234403
0.0247482
0.0237302
0.0237002
0.022916
0.0226479
0.0244096
0.0235055
0.0226456
0.0223288
0.0224705
0.0217114
0.0210372
0.0206201
0.0200918
0.0197138
0.0192341
0.0187335
0.0182216
0.0182177
0.0178124
0.0173627
0.0169392
0.0168295
0.016553
0.0161802
0.015865
0.0155331
0.0164727
0.0161267
0.0157941
0.0154752
0.0151984
0.0149516
0.0149364
0.0150343
0.0147654
0.0145549
0.0143055
0.0143004
0.0143283
0.0145475
0.0143072
0.0140813
0.0139759
0.0138104
0.0140459
0.0138762
0.0136713
0.0134803
0.0132871
0.0131626
0.0129828
0.0128111
0.0126354
0.0124669
0.0123218
0.0121591
0.0120282
0.0118785
0.0117981
0.0117083
0.0115771
0.0114527
0.0113187
0.011399
0.0112673
0.0111786
0.0111912
0.0110637
0.0110964
0.0110164
0.0112222
0.011142
0.0111581
0.0110388
0.0110568
0.0109962
0.0108828
0.010772
0.0108292
0.0108433
