0
0.00828053
0.01179
0.00836314
0.00710305
0.00586685
0.00539771
0.00545332
0.00481153
0.00430413
0.00389546
0.00362812
0.00356666
0.00350506
0.00328059
0.00318858
0.00299573
0.0028816
0.00273922
0.00260693
0.00248903
0.00259204
0.00262221
0.00266598
0.00268993
0.00261535
0.00251827
0.00256333
0.00247629
0.00239472
0.00233039
0.00226054
0.00221724
0.00220863
0.00214924
0.00209363
0.00203765
0.00200551
0.00199379
0.00194394
0.00191677
0.00196865
0.00197034
0.00196977
0.00195997
0.00194266
0.00200616
0.00196429
0.00192932
0.00190387
0.00188419
0.00185711
0.00182858
0.00188382
0.00186994
0.00183625
0.00180623
0.00177592
0.00175395
0.00174839
0.00171952
0.0017213
0.00169437
0.00166824
0.00164294
0.00161792
0.00159955
0.00159332
0.0015705
0.00155117
0.00152921
0.00151569
0.00149575
0.00147602
0.00145637
0.00143821
0.00142143
0.00140335
0.00139246
0.00138311
0.00138086
0.00141487
0.00142011
0.00142721
0.00141055
0.0014165
0.00141867
0.00140777
0.00140282
0.00139037
0.0014333
0.00141767
0.00141074
0.00139584
0.00138432
0.00140016
0.0013984
0.00138443
0.00138719
0.00138904
