1.14331
0.749825
1.03292
1.10376
1.1449
0.98621
1.0315
0.976672
1.13791
1.05181
0.925676
1.05368
0.970749
0.996053
0.854028
1.01085
0.964813
0.900641
1.08494
1.11132
0.950441
0.969985
1.01461
1.08795
1.02196
0.899582
1.03237
1.16002
0.888756
0.733242
0.984727
0.91795
0.869081
1.04273
1.03379
1.04772
1.02999
1.03835
0.971299
1.08461
1.09462
0.798558
1.08294
1.08495
0.966083
0.952266
1.04684
0.972151
0.899046
0.957132
1.19052
1.32044
0.920711
1.10762
0.91437
1.01335
1.07309
1.04375
0.966145
0.934233
0.968942
0.886331
0.983141
0.944776
1.01471
0.98709
0.899195
0.824013
1.05108
0.901484
0.870568
0.888212
1.00554
1.0346
0.838927
1.06755
1.06829
0.849226
1.17318
1.12999
0.810055
0.91654
0.861999
0.958959
0.975623
1.12687
0.964581
0.892594
0.98026
1.0068
0.933136
1.00546
0.950034
1.02857
0.908757
0.975826
1.04386
1.00342
0.947416
1.13645
0.889174
0.991563
0.824083
0.981539
1.00591
0.988027
1.05319
1.01365
0.987694
0.940419
0.976771
0.934703
1.07533
0.932215
1.04079
0.93608
1.03531
0.798124
0.994147
1.05597
1.07697
1.07519
0.855603
0.973057
0.863197
0.888786
1.11511
0.859979
1.08584
1.04631
1.03106
1.34072
0.853029
0.92162
1.15921
1.0682
0.979229
0.765949
0.946621
1.05604
1.0929
0.949586
1.02581
0.9705
0.87458
1.02127
1.10596
0.931753
0.998954
0.950816
1.21293
1.09654
1.04584
1.07385
1.03117
0.979011
1.05106
0.940188
1.08235
0.987384
1.01938
0.8548
1.08357
1.02011
0.937796
0.798615
0.930861
1.14396
1.058
0.796226
0.966676
1.08843
1.11569
1.05285
0.954714
0.982123
1.0007
0.960456
1.05945
0.955699
1.17588
1.02274
0.972049
0.996549
1.15002
1.1406
1.03474
0.967596
1.00201
0.905137
1.03084
1.05819
0.981015
1.03798
0.98087
0.903578
0.850186
0.83127
1.14718
1.00462
0.890626
0.968821
0.942283
0.92994
1.00684
0.912586
1.11728
1.0784
1.17569
0.903546
1.12
0.941651
1.12289
1.22158
0.932961
1.05171
1.13858
0.917338
0.952715
0.937044
1.04092
0.821767
0.93264
1.01812
1.14765
0.939831
1.06707
0.981245
0.785366
0.966741
0.790816
0.879021
0.952059
0.950742
1.03961
0.938249
1.00882
1.12716
1.10216
0.999207
0.937407
1.15235
1.09339
0.899669
0.985
1.06173
1.0182
1.09093
0.996146
0.931862
1.00194
1.11028
1.02653
0.897967
0.91598
1.15965
0.998486
0.887054
1.06603
0.945458
0.89464
1.10133
0.889215
0.996343
0.734051
0.969667
1.06549
0.985927
1.07729
1.02669
1.00248
0.91145
1.17083
1.09912
1.06773
0.994637
1.14233
1.03069
0.862526
0.913562
0.888068
0.909388
1.06038
0.938775
1.12
0.931594
0.906939
0.814149
0.781894
1.04618
1.04605
0.817545
1.03756
0.902866
0.952862
1.04571
1.09986
1.05353
0.887558
0.854335
1.19904
1.02853
1.03712
0.848101
1.07066
0.958531
1.03448
1.01198
1.03518
1.20012
0.85109
1.00768
0.955273
1.15256
1.07062
1.23693
0.927797
0.960043
0.936362
0.95493
0.911495
1.05739
1.14452
0.935954
0.955366
1.12855
0.832883
0.916452
0.981386
1.01529
0.890949
0.902869
0.704346
1.14992
1.00003
1.06957
0.949926
0.926231
0.989854
0.94033
0.844382
0.971581
0.910262
1.07449
0.819905
0.961604
0.978737
1.15699
0.902395
1.016
1.00585
0.967318
1.02849
1.20237
1.00901
1.00915
1.02217
1.0437
1.03964
1.04548
0.950628
1.07386
1.02479
1.01366
0.951458
0.98024
0.957441
0.976646
0.888808
0.916586
0.955456
1.02532
1.08564
1.10347
0.865167
0.937476
1.00032
1.03177
1.07535
0.924348
0.9326
0.999411
1.07898
0.926397
0.837245
1.00194
1.09655
1.1253
0.944702
1.05549
0.916515
1.06674
1.01083
1.05137
0.778131
1.06356
0.993141
1.04614
1.25079
0.933424
1.07517
1.12926
1.08507
0.946853
1.07939
1.08699
1.0606
1.04008
0.951528
0.857274
1.11339
0.945837
0.946958
0.996855
1.03062
0.958731
1.01254
0.987201
1.07069
1.02567
1.07511
0.98452
1.28649
1.03231
1.02495
1.15783
1.17219
1.08763
1.04644
0.98531
1.00168
1.04782
1.05396
1.05719
1.01358
0.94049
1.03494
1.01543
1.03158
0.954796
0.99782
1.00599
1.06184
0.990394
0.914241
1.04299
0.939823
1.1431
1.00271
1.06278
1.05073
1.17203
0.902267
1.02004
0.964555
1.24012
0.913452
1.10798
0.937783
1.2064
0.89957
1.03813
1.05889
1.04788
0.830917
0.937174
0.931783
1.02998
1.05937
1.10969
0.988312
0.970297
1.13121
0.912175
1.09214
0.945855
0.898631
1.03004
1.13109
0.851648
0.920621
1.02658
1.05375
1.07021
0.894231
0.884689
1.04732
0.886163
0.933661
0.951608
1.13133
0.883381
0.936953
0.929522
0.973361
1.06759
0.998614
0.8417
0.826629
1.06554
0.837828
0.95722
0.878545
1.19775
0.992493
1.0208
1.03716
1.06911
1.01002
0.954982
1.03143
1.05178
1.02439
1.25605
1.09131
1.03635
1.12751
0.940966
1.06332
1.14455
1.06015
0.925515
0.950642
0.945636
0.937014
0.99282
0.87941
1.08176
1.02478
0.978501
0.887226
1.01403
1.01799
0.908261
0.813269
1.05606
0.841182
0.944729
1.00809
1.15532
0.974436
0.974742
0.989306
0.938027
0.893239
0.972583
0.985206
1.03962
1.00967
0.9922
1.06467
1.10036
0.976818
0.79151
0.759283
1.0329
0.924945
0.842202
0.903876
1.06809
1.08432
0.937227
0.940648
0.891752
0.968805
0.875542
1.18411
1.0124
0.97047
1.01102
1.1852
0.926952
0.728921
0.921852
0.987223
0.912907
1.00302
0.934553
0.915369
0.990554
0.81212
1.1185
0.938516
0.977536
0.96071
0.937596
1.03854
1.06429
1.04862
0.990592
0.78947
1.02824
0.958685
0.973657
0.925187
1.03573
1.00574
0.980151
0.856352
0.961932
0.846395
0.998335
1.09466
1.16133
0.979089
1.08054
0.891705
1.14884
0.731841
1.0055
0.914222
0.889099
1.13715
0.707946
1.04969
0.975379
0.890062
0.844448
1.07564
0.983335
1.00691
0.952119
0.999766
0.828887
1.09367
1.29191
0.778435
0.93284
1.18685
0.963562
0.844596
1.03766
0.965116
1.00785
0.914256
1.10115
0.907669
1.11635
1.07202
0.864675
1.03286
0.958231
0.968319
0.870902
1.02683
0.850438
0.999115
1.03762
0.948156
1.04759
1.17245
1.05506
0.952041
0.925156
1.06712
0.905355
0.876545
1.13315
1.06105
1.23501
1.06737
0.980484
1.12555
1.23078
1.03548
1.09184
0.923516
0.985104
0.965807
1.0389
0.983322
0.928425
0.823208
0.937882
1.07571
0.87667
1.00044
0.919988
0.933726
0.918427
0.874512
0.917735
0.909987
0.959781
0.902747
0.88702
1.00479
0.968506
0.835223
1.02104
1.20995
0.804728
1.01069
0.831597
1.10885
0.946014
1.04635
1.04284
1.00677
0.898382
0.995167
0.80965
0.960659
1.07485
1.1346
1.02482
0.990849
0.792784
0.941587
1.05237
0.900809
0.946323
1.16196
0.94608
1.12591
0.885395
1.20655
0.936678
1.13076
1.07301
0.988459
1.13928
0.966263
1.00801
0.853904
1.17973
1.11117
0.960743
1.06273
0.894798
1.04148
1.07461
1.01722
0.914795
1.03142
0.926911
1.03649
1.03926
1.05587
1.08432
1.1179
1.16092
1.1153
0.973035
0.942566
1.00784
1.00039
1.14579
1.13799
1.02114
1.06265
1.10911
1.02996
1.1272
0.876614
0.891056
0.998491
1.04561
1.02329
1.01591
1.06974
1.01895
0.929426
1.03525
1.07191
0.999489
0.843332
1.06369
1.16693
1.12959
0.87866
0.866195
0.922091
1.03978
1.0912
0.998536
0.945436
1.09444
0.976311
0.889162
0.987386
1.07351
0.926515
0.956175
0.845576
1.06654
0.897536
0.932153
1.14075
1.24948
0.984892
1.06793
1.05975
0.963076
1.06281
0.987457
1.02836
1.02503
0.916918
0.975125
0.957762
0.980535
0.900771
1.15683
0.997138
0.962351
1.08444
0.969808
0.985797
1.04751
1.08686
0.912749
1.04084
1.16387
0.952254
1.05952
0.975356
0.987528
1.04589
1.02372
0.95339
0.907886
0.897283
1.04519
1.02928
0.924994
0.958601
1.03964
0.947135
0.897991
1.09762
1.0841
0.939691
0.896108
1.08346
1.12649
0.970842
0.968009
0.907452
1.16699
1.03349
1.01472
0.957994
0.951867
0.981102
1.14161
0.929712
1.11521
1.11704
1.00051
1.0042
1.15339
0.768818
1.1601
0.864836
1.0834
1.14987
1.02439
0.908684
1.13387
1.0249
0.964382
0.96639
0.809537
1.09995
1.16274
1.00386
0.959954
1.05751
1.10256
0.994569
1.12538
1.00323
1.00745
0.856887
0.977422
0.913403
1.05442
0.777591
1.10317
1.04219
0.803339
0.944296
0.986485
0.96567
1.01892
0.934844
1.1253
0.842197
1.03221
1.24616
0.98109
0.836859
0.922111
0.783308
0.830872
1.10686
0.95975
1.12966
0.927217
1.06984
0.952677
1.06339
1.05494
0.924279
0.961051
1.23221
0.955734
0.920311
0.934322
0.976699
0.996472
0.956303
0.915342
1.12534
1.30783
0.947486
1.01428
0.874602
0.962339
1.01774
0.998758
1.14499
0.895617
0.831151
0.94251
1.01796
0.781386
1.13833
1.10572
1.18585
0.882663
0.846557
0.923852
1.15359
0.991611
0.819976
0.778313
0.774664
0.971968
0.915146
0.910564
0.844533
0.948834
1.0427
1.06105
0.911542
1.1709
0.844307
0.969416
0.914533
1.03635
1.05095
1.00961
0.962224
0.987964
0.814717
0.943079
1.03541
0.961196
1.12256
1.0809
1.06283
0.927914
0.97787
1.1434
0.98217
0.907927
0.951901
0.829565
0.851472
1.09042
0.916139
0.971332
1.03201
0.880828
0.969098
1.12468
1.0166
1.14345
0.993703
1.1113
0.922913
1.19865
1.01163
1.1193
0.934327
1.16789
0.967655
1.03343
1.06389
1.08564
1.18356
1.08645
1.10828
0.958764
1.0064
1.13054
1.00924
1.01774
0.965153
0.998161
1.00454
0.985007
0.832869
0.915977
0.891617
0.890574
1.01927
0.94493
1.0118
0.848537
0.958682
1.09338
0.995441
1.18934
0.878535
1.01875
0.995469
0.929795
0.929646
1.09562
1.01816
0.916464
0.898781
0.883916
0.845569
0.96838
1.04539
1.00253
1.13762
1.22443
1.04254
0.916063
1.16435
0.964266
1.10371
0.910892
0.926628
1.0942
0.938969
0.969126
0.971511
1.06254
1.081
1.1878
0.980683
1.03788
0.935428
1.01167
0.909069
1.00546
0.934188
1.1142
1.05819
1.01593
1.00968
0.919131
0.868345
0.914451
0.944718
0.891341
0.910058
0.939725
0.979951
0.962719
0.997495
1.14222
1.05182
1.122
0.979002
1.04422
1.01062
0.938612
0.890502
1.0587
0.834743
1.09813
1.09623
1.00595
0.96984
0.972258
0.922998
0.93367
0.89548
0.931553
0.989724
0.954497
0.999881
1.03826
1.02418
1.29829
1.15305
0.985987
1.00077
0.907205
1.02987
1.25188
1.01454
1.1139
0.914928
1.08683
1.11653
1.01618
1.11053
1.03399
1.02511
1.07058
0.973039
1.12201
1.11094
0.923572
0.863402
1.24236
0.968946
0.990295
1.04517
0.956196
0.966872
1.05261
0.850034
0.989409
1.27267
0.927216
1.09923
1.03877
0.835324
1.01189
1.24691
0.9323
1.16309
0.917521
1.07228
0.771702
0.993902
1.01351
0.920875
1.15501
1.03396
0.9564
0.886797
1.11138
1.00097
0.92696
0.890737
0.899104
1.13298
1.04801
0.770106
1.0314
1.3024
0.930481
1.01449
0.963206
0.894573
0.919185
1.09223
1.29484
0.965543
0.840252
0.851249
0.941742
0.818089
0.877925
0.785903
1.01903
0.821639
0.909376
0.992531
1.10892
0.951822
0.944877
0.907171
1.0877
1.07756
1.00516
0.953276
0.905414
0.963271
1.2388
1.04005
0.898631
1.01621
1.04507
1.15852
1.25347
0.968779
1.04986
1.31227
0.965647
0.916514
0.855093
0.963029
1.02864
0.875435
1.36549
0.847822
1.03799
0.855947
0.965123
1.01268
1.15664
1.03819
1.05821
0.875812
0.935006
1.11203
0.970087
1.05022
0.926857
1.07661
1.07212
0.946428
0.90924
0.793172
0.94493
1.08642
0.995551
0.940239
0.95304
0.904136
0.960307
1.00775
1.03004
0.972829
0.97357
1.18326
0.942275
0.982847
1.02705
0.980731
0.895103
0.930845
0.947488
1.14777
0.99055
0.970543
1.07951
1.09362
1.02401
0.919163
0.989332
0.987904
1.1879
1.0939
0.945699
1.10667
0.938478
0.839648
0.98857
0.961098
1.06963
1.32805
1.09172
0.869393
1.12124
1.17127
0.830193
1.04368
1.03615
1.00374
1.20424
1.09829
0.972915
1.00606
1.04869
1.02976
1.11886
1.144
1.04926
1.06369
0.85564
1.1536
0.989804
1.01928
1.20099
0.796756
0.876322
0.908446
1.0955
0.993647
0.875468
0.906398
0.884706
1.12846
1.02487
1.13165
0.88736
1.05089
0.839969
0.935486
0.901453
0.824315
1.13882
1.01031
0.964734
0.895292
0.915331
0.983681
0.922534
1.07504
0.836307
0.9463
0.993166
0.911485
1.0561
1.04091
0.85324
1.11345
0.996455
0.869786
1.1137
0.839749
1.06623
1.13839
1.13814
1.05599
0.848531
1.1007
1.00734
0.950515
1.12386
1.03399
0.922059
1.039
1.08552
0.976961
0.869628
0.94794
0.945773
0.960323
1.12945
0.912809
1.02674
0.925276
0.801672
1.06029
1.05938
0.988091
1.02091
1.03623
1.01963
1.17825
0.777099
0.990967
1.03856
0.859326
0.783076
1.09542
1.06896
1.03129
1.04432
1.11334
1.0062
1.06993
0.979207
1.0789
1.02327
1.10073
1.08412
1.00874
0.976415
1.03728
0.971897
0.949221
0.998246
1.03419
1.16682
0.918093
1.18992
1.08599
1.11619
1.21904
0.930801
0.98054
0.98244
1.0696
0.874652
0.930743
1.01197
0.959206
0.906969
0.861893
0.81103
1.02921
0.926299
0.722274
0.820553
1.06235
1.04023
1.27116
1.00513
1.07594
1.0946
1.04137
1.06668
0.900194
1.13847
0.873946
1.12285
0.871624
1.00325
1.16913
1.13462
0.957373
0.999958
0.996745
1.05334
1.04966
0.813119
0.89889
0.962965
0.930606
0.948536
0.944874
0.996778
0.931912
1.00121
1.11706
0.891178
0.831129
0.962592
1.08296
0.840843
1.26919
0.956311
0.78245
1.22172
0.837634
0.895348
0.959777
1.10404
0.926654
1.0429
1.09292
1.10177
1.13811
0.98885
0.904984
0.904994
1.09496
1.07902
1.01993
1.19218
0.897517
0.906684
1.09878
0.910403
1.06808
0.908938
0.936518
1.01704
1.04098
1.18921
1.07078
1.17351
1.02792
0.948593
0.941215
0.880039
0.901153
0.880899
1.19001
0.891753
1.05997
1.0524
1.0585
1.02291
1.09421
0.947754
0.988763
1.0125
0.995551
1.10677
1.21614
1.07791
0.885071
1.11587
0.807593
1.08141
0.997222
0.951935
0.859993
0.900054
0.969782
1.02973
1.09366
1.04732
0.925396
0.928591
0.96419
1.00253
0.929081
1.05795
0.988505
0.94242
0.920396
1.13688
0.955693
0.983163
0.989891
0.933049
0.877882
1.05456
0.82445
1.20309
0.927413
0.76766
1.15789
0.880706
1.023
0.980555
1.17348
1.07315
0.822119
0.888484
1.06462
1.01422
1.11754
0.996615
0.902922
0.981746
1.13292
1.00983
1.15231
0.927214
1.04227
0.913617
0.984055
0.967823
1.03557
1.13343
1.04712
0.997387
0.925898
1.00374
0.997647
1.0742
1.10218
0.957986
1.03266
1.10855
0.969731
0.92747
0.979806
1.04811
1.10916
0.959399
1.0473
0.948699
0.888468
1.36371
0.955267
1.17236
0.924304
0.92447
0.925416
1.09265
0.980832
1.01292
0.831042
0.856375
0.9316
1.02682
0.879875
1.03625
1.02057
1.03867
1.03233
1.0673
1.04844
1.02708
1.04469
1.07825
1.13241
0.898012
1.06552
1.04755
0.829608
0.92424
0.867668
1.01086
1.01461
0.730017
0.97446
1.16046
1.10368
0.933087
0.972695
0.963744
0.971234
1.00461
1.29147
1.13414
1.05311
0.971382
0.970539
0.810669
1.08463
0.948563
1.03425
1.18955
0.976758
0.960552
0.885759
1.1252
0.747402
0.899731
1.07271
0.978579
0.940895
0.868707
1.0471
0.836463
1.13326
0.882758
1.0238
0.953424
1.00416
1.1373
1.12628
0.866383
0.900466
0.952388
1.06968
0.981491
0.941097
1.04846
0.968727
1.01395
0.784902
1.00045
0.97723
0.855913
0.9205
1.12193
0.843794
0.972054
1.07988
0.871506
1.01896
0.999208
1.13514
0.967951
1.20112
0.822899
1.03786
1.01604
1.05379
0.907071
0.962036
0.978311
1.05643
1.21866
1.14181
0.943813
1.0074
1.23949
0.895615
0.938651
0.92865
1.17558
1.02506
0.930542
1.07912
0.985069
0.98584
1.05646
0.920641
0.992099
0.965916
0.889051
0.800898
1.01598
0.853707
1.11654
1.07307
1.08325
1.1283
0.972388
0.963152
0.928949
1.08297
0.870714
1.03203
1.0047
0.831496
0.935489
1.05185
1.19741
0.974863
1.00739
0.968447
1.25711
0.921827
1.14995
1.1126
1.39078
1.00971
0.954026
1.01692
1.06813
0.832382
1.01071
0.997128
0.958956
1.09042
0.993907
0.884836
1.08558
1.25787
1.04833
0.789618
0.976846
0.935624
1.05626
0.887985
0.919062
0.982513
1.11103
0.985994
1.19692
0.974835
1.10878
1.09819
1.11256
1.13654
0.76906
1.05373
0.981986
0.915215
0.948786
1.02269
1.15822
1.04658
0.925086
1.03262
0.948492
1.07206
0.884259
0.894474
1.1138
1.13384
1.09864
1.03525
0.887304
0.930152
0.913188
1.03156
0.969302
0.938809
1.11181
1.00163
0.973413
0.937031
1.10546
0.916005
1.0029
1.09428
1.12536
1.18678
0.967936
1.06197
1.0348
0.864786
0.987432
0.858252
1.0724
1.0421
0.947011
0.978878
0.928519
1.10766
0.970327
0.827184
1.10513
1.00481
0.884703
0.85701
0.944848
1.08708
0.988794
1.10661
1.15665
0.824174
0.980054
0.884463
0.919358
1.06305
1.00399
1.0537
0.978932
1.0608
1.07006
0.965351
1.15912
0.997608
1.13622
0.94736
1.03597
0.960697
0.829417
0.892419
0.882698
1.03791
1.07626
0.828351
0.87527
0.925403
1.15539
1.21686
0.890701
1.03676
1.17107
0.92644
1.00733
0.934029
0.990496
0.991556
1.07131
1.07699
1.09591
0.959014
0.833462
1.03255
1.04969
0.939547
1.19786
0.966871
1.10754
1.02164
0.883078
1.11554
0.867569
0.922497
1.0878
1.08417
0.957646
0.897562
1.04805
0.855207
0.891478
0.901236
1.0196
1.119
1.19529
1.06175
0.999149
1.00036
0.985974
1.08557
0.945438
1.08292
0.822721
1.0813
1.03961
0.903896
1.27976
1.021
0.896439
0.949031
1.07089
1.07239
0.998602
0.917489
1.14016
1.11315
1.00089
0.98009
0.837976
0.908933
0.821213
0.906124
0.947441
1.05917
1.08473
0.911693
0.801995
0.93522
0.977953
1.09522
0.868761
0.825083
0.999605
0.99374
0.95126
1.06338
1.06001
0.97407
1.15727
1.05001
0.968838
0.982692
1.09783
1.02569
0.858661
0.937103
0.973326
0.886755
1.21567
1.00934
0.979144
0.972884
1.09042
1.01653
1.09177
0.840096
0.984054
0.996158
1.09684
1.15933
0.932667
1.07835
1.00383
0.951177
1.02801
0.984432
0.935475
1.04197
0.939762
1.03093
0.935988
1.14107
1.01389
1.02573
1.12473
1.1888
0.869503
1.06944
0.942571
1.08723
0.789446
0.92046
0.841169
0.756488
0.993343
1.01908
1.08947
0.986867
1.07673
1.05226
1.13821
0.963728
1.13144
1.0852
0.924827
1.1002
1.13457
0.991456
0.949188
1.28732
0.984694
0.908984
0.936931
0.842814
1.07653
1.03222
1.04928
0.983101
1.00688
0.901621
0.908611
1.00737
0.968693
1.00671
0.932341
0.81068
1.15056
1.07358
0.881832
0.935978
0.998336
0.963422
0.939629
1.06838
1.01733
0.997792
0.887215
0.887116
1.04465
1.02346
0.939752
0.948695
0.942713
0.817298
0.962466
0.958155
1.03466
0.954543
1.08833
1.0421
0.922693
0.846805
1.08314
1.02231
1.04425
0.781937
1.01166
1.15308
1.09103
0.963695
1.01699
1.09912
1.00935
1.02525
1.11789
0.840532
1.22974
1.11205
1.04375
1.12068
1.01494
1.09733
1.10574
0.967163
1.08145
1.03649
0.962104
1.11548
1.00259
1.07606
1.03903
0.956785
0.97438
1.13118
0.968979
0.817787
0.954039
0.930108
1.14432
1.03214
0.999391
1.06442
1.0675
0.956782
1.07294
1.09994
0.990986
0.954217
0.890899
1.05354
0.987558
0.901865
0.962462
1.01088
1.14486
0.923375
1.04609
1.09775
0.985591
0.972996
1.02443
0.954055
1.05864
1.03016
0.981353
0.84128
1.03585
1.02012
0.812897
0.860458
0.988997
0.980429
1.12165
0.963019
0.98791
1.03817
0.897209
0.961062
0.973827
0.916757
0.897943
1.1337
1.02771
1.00422
0.994464
0.925577
1.19273
0.919363
0.925864
0.928982
1.027
0.965659
0.933862
0.959955
0.954298
0.984284
0.904938
1.10103
1.02891
0.930185
1.09238
1.11259
1.06444
0.983702
1.0082
0.970692
1.05921
0.931442
1.0727
0.949541
1.05782
1.11069
1.00062
0.934458
0.891453
1.00663
1.0434
1.07354
0.803667
1.09042
0.909517
1.23897
0.740023
0.874864
1.02435
0.936539
1.1735
0.937657
1.08232
0.994761
1.13047
0.885781
1.02676
1.1325
1.04236
1.04151
0.997134
0.912959
0.93567
0.989093
0.995478
1.02802
1.08419
0.918678
0.990094
0.806797
1.13818
1.1884
0.857231
0.949082
1.04873
0.865651
1.00433
1.06325
1.01563
1.16522
1.2112
0.892706
0.947908
1.06502
1.09178
0.943016
1.10142
0.812026
0.932344
1.07994
1.14198
1.0417
1.22044
0.915816
1.00725
0.886215
1.17651
1.10904
0.888589
1.01661
1.26247
1.17956
0.819821
1.21173
1.00236
0.922996
1.01005
1.02362
0.973192
1.0158
1.02965
1.16421
0.928927
1.08872
0.898308
0.985533
0.883586
0.993571
0.950898
0.85457
1.08857
0.977896
0.888986
1.1563
1.02514
0.816367
1.15272
0.978476
1.06365
1.09495
1.22386
1.01174
1.11994
1.01516
1.21808
1.04507
0.755439
0.922849
1.05495
0.926796
1.05054
0.99716
0.999968
0.97182
0.939217
1.09216
1.00618
0.987301
0.852535
1.11097
0.878382
1.17124
0.907361
1.02748
0.906369
1.02205
1.19122
0.805621
0.93314
1.20337
0.926017
0.992529
0.897857
0.941937
0.888137
0.857396
0.935413
1.02274
0.879342
0.869475
0.904855
1.03104
0.926291
1.04063
0.822178
0.841605
1.13812
1.04248
1.12804
0.918146
0.99394
0.920527
0.860845
0.810855
1.04177
0.832427
1.03721
0.980317
1.07422
0.987877
1.24942
0.979567
0.987602
0.931695
0.996742
0.858229
1.02861
1
0.94895
0.947263
0.858598
0.916479
1.0234
1.08228
1.06252
1.0608
1.10298
1.01898
1.05431
1.03026
1.04353
0.865272
1.08251
1.02511
0.949974
1.07039
0.863591
1.14416
1.18444
1.23282
1.08947
1.02964
1.01612
0.986794
0.918763
0.843638
1.12448
0.905631
1.11174
1.07083
1.09596
1.04363
0.99933
0.743812
1.29027
1.22608
0.979636
0.822752
0.947323
0.968207
1.13472
0.979728
1.02109
0.955454
0.902022
1.0514
0.978555
1.00486
0.997376
1.04589
1.04405
0.966962
1.01241
0.960701
1.03595
1.01698
1.11474
1.06603
1.18912
0.972553
1.11563
1.14169
0.911704
0.86493
1.0804
1.0305
1.15845
0.942012
0.917313
0.975098
1.1345
0.925811
1.06998
1.06011
1.00309
1.06829
0.964882
0.956066
1.11636
0.859818
0.924399
1.12276
1.05933
0.959714
1.03915
0.997746
1.05824
0.925233
0.823326
0.963071
1.01376
1.11296
0.9024
0.854143
0.790043
1.04778
1.15325
0.91534
1.08108
0.997191
1.07881
1.03124
1.21533
1.05067
0.87403
0.924042
1.32469
1.11558
1.23009
0.981487
1.01474
1.10098
1.08543
1.04631
1.02666
1.11096
1.07218
0.984553
0.910452
0.970718
1.09528
0.919592
0.963701
0.896171
1.15334
0.938904
1.04281
0.841234
0.984331
1.19057
0.881554
0.943526
0.971135
0.908248
1.13408
0.959714
1.15232
0.797224
1.14899
1.21695
0.927803
0.897931
0.99456
0.938309
1.03814
1.06044
0.840024
1.08617
0.980697
0.868664
1.03957
1.02659
1.17851
0.799489
1.11636
1.017
1.1861
0.997047
1.12392
1.02973
1.01205
0.952785
1.08207
1.04987
0.986273
0.909313
0.861423
0.838607
0.969351
1.00653
1.11065
0.837863
1.05607
1.01558
0.97066
0.858304
1.19882
0.854437
1.00842
1.11204
0.932948
1.14356
1.01376
1.03723
1.02138
0.984368
1.0214
0.985862
0.911474
1.12333
0.954954
1.04789
1.10455
1.02795
1.036
1.02898
1.05005
1.09756
0.864609
1.00355
1.21671
0.879343
0.955674
0.916793
0.956932
1.05904
1.0102
0.764625
1.02496
1.03877
0.965828
0.809528
1.01043
0.982891
1.05546
0.934
0.946893
0.880406
1.04529
0.944931
1.02307
1.00461
1.04398
1.21549
1.20476
1.06544
1.10428
0.972395
0.984656
0.935509
1.08858
0.965106
1.04084
0.854514
1.10512
1.16311
0.99058
0.874226
0.862634
1.1094
0.87201
0.972605
1.02385
1.07422
1.05977
1.04827
1.06976
1.26755
1.03703
0.845457
0.971358
1.03543
1.08843
0.880587
0.874662
0.951808
1.11996
0.928035
0.780695
1.08418
1.05711
1.04035
0.864874
0.948727
1.01977
0.845707
1.0417
0.929246
0.880798
1.00485
0.908956
0.97739
1.17515
0.961744
1.05038
0.868725
0.858387
0.977455
0.967272
0.936973
0.948601
1.14306
1.05354
0.914811
1.06998
0.953427
0.940264
0.887421
1.06627
0.866812
0.86538
1.13976
1.24921
1.04176
0.917708
1.16605
0.962752
0.941624
1.00559
0.96913
1.05601
1.16777
0.977898
0.895682
1.02822
1.3052
0.906098
1.08355
0.846138
1.10978
1.09185
0.89171
0.967811
1.02394
1.01537
0.987234
0.929638
0.932845
1.1797
0.892192
1.15789
1.05425
1.07702
1.20247
0.922352
1.03985
0.924455
0.899948
1.12012
1.06251
0.974217
1.04174
0.779456
1.0702
0.977797
0.86234
1.03783
0.986758
1.07728
0.927842
0.763669
0.931797
1.05814
1.05903
0.921284
0.916437
0.988252
1.01692
1.29462
1.06361
0.960032
0.943234
1.05692
1.05358
0.755659
1.0089
1.01839
0.950722
1.08319
0.956229
0.898666
0.86711
1.17366
1.01262
0.997567
1.05555
1.07313
1.15168
1.0806
1.05808
1.02031
1.09336
1.01575
1.05514
1.02409
0.933539
0.92245
0.854307
1.16401
0.948778
0.954733
0.861615
1.06136
0.958223
1.04218
0.895783
1.14456
1.01323
1.0965
1.06765
0.990304
0.93764
1.07231
1.13085
0.891215
1.28978
1.03691
1.0226
1.18822
1.01644
1.03205
0.9217
0.840699
1.14603
1.02637
0.95847
0.96214
0.874088
1.05981
0.796586
0.945367
0.951889
0.962487
1.07697
0.95833
0.897216
0.946771
0.951928
0.884805
0.97715
0.826672
1.09592
1.06033
0.881023
1.04657
0.901572
1.09378
0.898627
0.920334
0.963745
0.86428
1.0662
0.925664
1.01032
1.012
0.878343
1.17936
0.893002
1.07981
0.947522
1.04814
0.96229
1.11564
0.890519
0.989819
1.11532
0.956335
1.06059
0.933716
1.04402
1.05659
1.10356
1.09847
0.929865
0.994041
0.943348
1.07398
1.15753
1.15107
1.06795
1.13582
0.976291
1.00892
0.930651
0.930507
0.86056
1.11122
0.990383
0.97354
0.810386
1.00415
0.934951
1.12442
0.935433
0.998296
1.07568
0.961162
0.954174
1.06488
1.07091
0.824001
1.02134
0.960643
1.0347
1.09697
0.997645
0.92067
1.16703
0.961904
0.92032
0.963098
1.15969
0.933198
1.01324
0.975022
0.950727
0.961246
1.04148
0.948059
0.890601
1
1.00749
1.07755
1.00657
0.970169
1.03265
0.981005
0.879592
1.05977
1.08618
0.993812
0.952791
0.983212
0.964016
1.11815
1.01608
0.935557
0.968338
1.07012
0.973541
0.946144
1.10887
1.00837
0.841024
0.891297
0.891641
1.04354
0.951176
1.04079
1.15325
0.936873
0.978234
1.10046
1.01924
1.01023
1.04969
0.876413
0.923775
0.950085
1.04775
1.09924
0.951318
0.955208
0.972645
0.830802
0.933059
0.9928
0.926518
1.0821
0.865503
1.02698
0.939487
0.99367
1.17733
0.983763
1.16016
0.86295
0.927679
0.928926
0.881635
1.06617
0.993645
1.0216
1.15496
1.06601
0.920869
0.963826
0.911507
1.04947
1.05289
1.0346
0.877572
1.20806
0.944801
1.15741
0.877959
0.98625
1.0038
0.946846
0.824453
1.01556
0.917574
0.952707
1.01418
0.928333
1.03794
1.05401
0.910864
1.03846
0.957553
1.15661
0.947662
1.02499
1.07778
1.01714
0.97763
1.02164
1.10257
0.944103
0.890075
0.999067
1.05985
1.05168
1.10264
0.898917
1.01552
1.0327
0.901189
0.977089
1.12451
0.857839
1.05229
1.09085
1.04973
1.07308
0.934403
1.06081
1.09372
1.05597
1.05528
1.02987
1.11534
1.0931
1.05404
0.933057
1.19286
0.917412
1.20328
1.05886
0.941744
0.961301
0.960505
0.944651
0.937337
0.914555
1.10185
0.896854
0.967697
0.931949
1.01014
0.941357
0.897062
0.992621
1.08163
1.14369
1.05725
1.00048
0.964974
1.00573
0.914628
0.954009
0.907179
1.06041
0.975353
0.848694
0.809531
0.938655
0.951072
1.07828
0.901876
0.990858
1.16603
0.985617
0.923938
0.986636
0.942715
1.11315
1.04954
0.905554
0.998714
1.03182
0.842762
0.86713
0.815543
0.980081
0.956478
0.962778
1.00812
1.02616
0.947871
1.00606
1.14885
0.874436
1.03077
0.894365
0.798562
0.770265
1.07847
1.00664
0.943783
1.02479
1.12169
1.14228
0.897906
0.921201
0.964949
0.961181
0.863234
1.0042
1.03249
1.13299
1.00148
1.05775
1.03478
1.08348
1.06554
1.02119
0.950098
0.954026
0.99567
0.982911
1.16114
0.991286
0.978568
1.13778
1.06247
0.942325
1.01285
1.03553
0.968134
0.956449
0.975114
0.93798
1.11817
1.06151
0.858323
0.925533
1.13561
1.03887
0.97141
0.842077
1.017
0.936866
0.846987
1.0327
0.786477
1.02853
0.989437
1.06844
0.886979
1.01562
1.06256
1.11167
0.934546
1.09367
1.03623
1.08401
1.02733
1.18904
0.827633
1.06814
1.02757
0.89884
0.92061
1.06732
1.25366
0.910408
1.02791
1.04666
0.934699
1.0662
1.05131
1.02555
1.09872
1.06183
0.853616
0.908616
0.90238
0.876773
1.19122
0.891744
1.00824
1.17871
0.98711
1.07985
1.03595
0.935148
1.18685
1.06899
1.18115
1.03929
1.0001
0.984726
0.858791
1.13061
1.20143
0.938796
0.86932
1.21432
1.04137
0.791172
1.11209
1.02452
0.982609
1.08168
0.854836
1.1169
0.941208
1.05021
0.857202
0.910391
1.06482
1.11987
1.07166
1.07096
0.984314
0.969698
0.984725
0.996943
1.08353
0.991792
0.919304
0.92271
1.04194
1.00899
1.06521
0.933053
1.06574
1.06747
0.869832
1.18292
0.968155
0.963362
1.10407
0.960258
0.967862
1.12771
1.15115
1.06937
1.05898
1.14365
0.80827
0.948575
0.931556
0.908964
0.918856
0.895685
1.05984
1.17624
0.950396
1.04577
1.0087
1.17753
1.14286
1.05394
0.99477
0.95343
0.952272
0.910218
1.04914
0.846346
0.981327
1.12379
1.01525
0.916838
1.0004
0.936894
1.01338
0.89586
0.889017
0.991918
0.94138
0.934185
1.11937
1.07621
0.773727
0.937173
0.925156
1.06668
1.03453
0.991688
1.04505
0.917115
0.927698
0.822038
0.988267
1.03593
0.935584
0.936658
1.00978
0.882542
1.06105
1.07423
1.07982
1.01696
0.971111
1.09539
0.991301
1.04728
0.972494
1.21886
0.934453
0.903866
0.882625
0.884632
1.07784
1.0168
0.869147
1.16369
1.11067
1.06705
1.19898
1.14111
1.05281
0.961903
1.08518
1.09846
0.895769
1.01282
1.28656
0.950285
1.11599
0.856609
0.886855
1.01124
1.01052
0.958043
0.975515
1.18824
1.05857
0.923012
1.08012
1.09691
0.97425
0.921255
1.04751
1.06772
1.09053
1.11223
1.00999
0.934875
1.03264
0.99124
0.863769
0.903983
1.0039
0.954513
1.04024
0.977752
0.935402
0.892734
0.992193
0.942687
0.928489
0.875406
1.04351
0.847678
1.0272
0.900117
0.997215
0.761612
1.06839
1.08088
0.855998
0.894948
1.1257
0.955415
0.991491
1.14989
1.06801
1.00603
0.925787
1.02841
0.943156
0.885979
1.01202
0.987065
0.890957
1.02314
1.08786
1.06064
0.988643
1.03967
0.895794
1.05772
0.812568
0.973224
1.04943
0.806616
1.00188
1.01053
0.841615
1.04376
1.01364
1.04112
1.01256
1.07726
1.12504
1.08443
0.929281
1.23242
0.925983
0.973104
0.968895
0.98898
1.06276
1.08136
1.17686
0.930291
0.977048
1.04692
0.989581
1.08099
1.02218
1.07636
1.18301
0.965131
1.04918
0.964369
0.959802
1.00422
0.986595
1.02932
1.04867
0.867929
1.06084
1.04885
0.941012
1.00172
1.02657
1.07
1.04957
1.04782
0.875619
0.99508
0.942671
1.06884
1.25513
0.859923
0.925928
0.927258
1.11324
1.06069
0.984657
1.0096
1.16199
0.997884
0.998446
0.972628
1.09569
1.12042
1.0766
1.05902
1.04987
0.880561
0.93221
0.863445
1.06476
0.97062
0.996191
1.17748
1.04369
0.970714
0.952601
1.08076
0.860634
0.886728
0.980152
0.992636
1.05301
0.860571
0.719328
0.960648
1.18078
0.894411
1.20384
1.10173
0.951859
0.868235
0.908749
1.08665
1.08884
1.03849
0.999324
1.0135
1.12333
0.82522
0.985606
0.911564
1.16196
1.09709
0.971758
1.06985
0.981851
0.998202
1.10286
1.0519
0.946916
0.884615
1.11385
1.054
0.900996
0.929727
1.07145
0.963405
0.890271
1.08436
1.02432
0.958865
0.886926
0.987955
0.985914
0.900937
1.01039
0.924613
0.945136
1.08674
0.950891
1.07941
0.913281
0.930182
1.06452
0.829886
0.970588
0.944138
0.86069
1.13806
1.07014
0.962618
1.05906
1.01643
0.99739
1.03385
1.05774
0.943025
0.933215
1.29344
1.05456
0.876149
0.853557
1.02803
1.0036
1.05467
1.13103
1.12873
0.820496
0.964367
1.1335
0.856737
1.15414
0.780819
1.06728
1.00095
1.08936
1.01135
1.04612
1.17503
0.884838
1.01997
0.909876
0.960581
0.966762
1.10833
1.02429
0.908679
0.946203
0.966625
1.09716
1.06816
1.06782
1.02481
1.09589
1.02273
0.961144
1.14031
0.925647
1.03614
0.840495
0.978869
1.04782
1.01552
1.051
1.04099
0.943752
0.960555
0.946131
0.949016
0.805109
0.901415
1.16361
1.0631
1.07137
1.13806
1.1723
1.15687
1.00499
1.04566
0.965809
0.992423
1.01528
1.02797
0.992703
1.01485
1.06285
0.947985
1.04062
1.0354
0.896039
0.955736
0.918398
0.91965
1.13302
1.03515
0.849897
0.866373
1.14816
1.05069
1.08786
0.908096
1.11917
0.890995
0.955638
1.24347
0.994223
1.20795
1.03565
0.97624
1.09348
1.11907
0.974217
1.01961
0.953016
1.08832
0.966895
1.16867
0.901195
0.968338
1.0679
0.977134
0.953974
1.0081
1.03647
0.99837
0.930222
1.03117
1.11966
1.13966
1.07051
0.849957
0.889706
1.02317
1.06311
0.936329
0.971788
1.07732
1.12126
1.03689
1.06166
0.926785
1.06147
0.925703
1.15465
0.954769
1.04471
1.22269
0.990899
0.975529
1.20987
1.12115
0.962267
1.01599
0.939944
0.990504
1.06888
0.889266
0.97874
1.06061
0.971856
0.970395
0.858363
1.01752
1.12187
0.928252
0.964239
0.977195
1.02194
0.904228
1.12237
1.00313
0.900504
1.06524
0.983146
0.934167
0.840195
1.05091
0.946761
0.897576
0.899315
0.936901
1.06941
1.002
0.89678
1.09155
1.15171
0.858185
1.08277
0.818176
1.24089
1.02447
1.12996
1.18446
1.02527
1.03207
0.908468
0.942406
1.14155
1.04397
1.01641
1.04262
0.935205
0.985823
0.914892
0.891959
0.896091
0.985943
1.24039
0.901977
1.15828
1.02169
1.14211
0.91157
1.02281
1.05858
1.07005
1.13379
0.988685
1.00935
0.863938
0.891872
0.970252
1.21606
0.946234
0.92448
1.18969
1.01489
1.17294
1.10376
0.988342
0.892243
0.804571
1.06179
1.04586
1.04899
0.977041
0.921562
0.85931
1.00631
1.14813
0.893318
0.9636
0.790294
1.05365
1.04044
0.878728
0.928915
1.10327
0.98316
0.955609
1.26926
0.889503
0.983773
1.20996
1.03605
1.04668
1.13795
0.99647
1.17251
1.05762
0.883998
0.969984
0.908154
1.14347
1.12899
1.02547
1.01775
1.129
0.948884
1.00837
0.822702
0.877206
0.942992
0.984619
0.991285
1.05037
0.967273
0.995436
1.04067
1.1287
1.19108
1.0712
1.00675
0.945489
1.05622
0.963337
0.902849
0.969378
0.984563
1.29832
1.11029
1.20786
0.944176
0.971368
1.02253
0.983328
0.96095
0.841905
1.13697
0.83913
1.18503
1.14808
0.921648
0.871567
1.06169
1.09377
0.973538
0.933331
1.04924
1.03651
1.09427
0.912787
0.978931
1.02978
0.994298
0.860377
1.0903
1.0655
0.958721
1.05273
1.01921
1.02655
1.04101
0.974939
0.925351
1.08058
0.973149
0.960654
0.921312
1.21264
1.09876
0.94698
1.12566
0.904431
1.05809
0.946298
0.972786
1.10816
0.943665
0.779705
1.06528
0.859041
1.15372
1.10988
1.04396
0.957568
0.980138
0.856014
1.02861
1.0794
0.869986
0.928926
1.02434
1.00319
1.00151
0.999599
1.00741
0.756913
0.925527
1.23806
1.06568
1.16905
0.979979
1.02899
0.842072
1.11739
0.993097
0.98403
1.13162
1.02201
1.0941
0.8644
0.94194
1.16062
1.09339
1.09867
1.0287
0.987833
0.961689
0.926872
1.02404
1.20323
0.877588
0.996282
1.01105
0.707539
0.903298
1.0457
0.86385
0.944815
1.01537
0.975959
1.07697
1.16225
0.997143
0.864307
1.02692
0.829706
0.983947
1.01527
1.05636
0.965962
1.00668
0.933069
0.895945
1.01714
0.95783
0.828757
1.05745
1.03259
0.921112
1.10446
1.0167
1.15911
1.07055
0.912463
0.981337
0.916007
0.776319
1.04386
1.13519
1.10076
0.938281
0.996299
1.07857
1.00288
0.90284
0.847398
0.98581
1.03207
1.01709
0.998756
1.01107
1.02334
1.00641
1.12439
0.940271
1.01704
1.00957
1.01401
1.13507
1.1476
0.963995
1.06967
0.954607
0.829903
0.808401
0.943176
0.984268
0.953792
1.1003
1.10012
0.997419
0.863624
0.986854
0.819628
1.03966
1.05486
0.867245
0.90745
0.956712
1.04056
1.12862
1.06677
1.07352
0.879787
1.09397
1.01272
0.869398
1.0631
1.02445
1.11091
0.905518
1.0416
1.07098
0.91449
1.07492
1.04758
0.951456
0.879617
1.08644
1.02351
0.961783
1.14725
1.02982
0.819254
1.01795
1.06149
1.10126
1.07872
1.10403
0.928033
1.09794
0.980408
0.966069
1.1703
0.94327
0.895044
1.06148
1.1743
0.915698
1.20466
1.12621
1.04524
1.10396
1.05865
0.819554
0.968058
0.81905
1.0977
0.957516
1.06422
0.893952
1.0129
1.11024
0.961581
0.965579
0.882944
1.0741
1.09518
1.03414
1.1216
0.904104
0.941458
0.998623
1.1093
0.961544
0.918617
0.871782
0.914725
0.942833
0.978511
1.08564
1.12749
0.906648
0.950758
0.928356
1.1377
0.885311
0.975354
0.910356
0.986568
0.803473
1.36237
1.05037
1.0459
1.25132
0.940356
0.903384
0.911956
1.07664
1.04628
1.01265
0.924572
1.10904
1.03478
1.11878
0.950915
1.10491
1.05519
1.00365
0.953294
1.10132
1.02192
0.89962
0.988776
0.85661
1.03904
1.05526
0.938852
1.03948
1.09263
1.00401
0.940953
1.01696
1.02672
0.953777
0.989271
0.901887
0.865557
0.931719
0.98099
0.872303
0.947639
1.01657
0.851658
1.21829
0.813155
0.913028
0.905611
0.976694
0.899792
1.0561
1.03479
1.06131
1.06947
1.05632
0.901809
1.0928
1.11062
1.07756
1.13807
1.12904
0.910266
1.02911
0.826903
0.968356
0.902839
1.07283
1.09256
1.04233
0.98797
1.07755
1.02992
1.00644
0.911928
0.978156
0.991499
0.930702
1.11648
0.988641
0.924039
1.0418
1.07304
0.993715
1.15043
1.1663
0.995761
0.936545
0.911045
0.988341
1.03142
0.976553
1.058
0.953158
1.06178
0.967922
1.0024
0.895695
0.893519
1.09509
1.07528
1.11659
1.21252
0.90963
0.949221
1.13136
0.871365
0.808963
0.995826
1.10077
0.971567
1.09961
0.943424
0.828185
0.815311
0.897604
0.936167
0.936739
1.09573
1.04255
1.03393
0.900471
1.20947
0.915594
1.01526
1.11974
0.93086
0.944345
1.10761
1.02892
1.06142
0.965225
0.942613
1.08172
0.862433
1.11276
0.912888
0.947559
0.828177
1.17025
1.0226
1.06513
0.950747
1.16958
0.927449
1.14078
1.08316
1.0382
0.895604
0.919372
1.09324
1.04923
1.06296
1.02097
0.958514
1.0498
1.06582
0.990393
1.09159
0.968121
0.877916
1.06381
0.826408
0.785267
1.13833
1.10436
0.964773
0.981177
0.966701
0.915993
1.13973
1.07093
1.07932
0.82882
0.998386
1.05787
1.00801
1.12287
1.31504
1.01689
1.18985
1.10226
0.998349
0.974029
0.861934
1.0482
1.04433
0.908479
1.10526
0.784444
1.08123
0.884234
0.751855
1.08836
1.06793
0.929522
1.08636
0.820551
0.91558
1.08359
1.08414
0.9245
0.984935
0.920958
0.988664
0.944884
0.964212
0.978067
1.12152
0.976709
0.868442
1.02145
1.0761
0.95951
1.0781
1.0957
0.966596
1.14312
0.903598
1.05549
0.961115
1.00266
0.947718
1.06195
1.07945
1.02764
0.956081
1.10317
1.10534
0.957153
0.98537
1.09609
1.0642
0.902322
1.18639
1.00741
1.07116
1.05119
1.08903
1.01287
1.06714
1.02324
0.869978
0.94193
1.01414
1.0638
0.792782
0.96761
0.970987
0.947406
0.836178
1.1161
0.932189
0.980149
1.02378
1.16573
1.11648
0.932794
0.99441
1.01036
0.998658
0.959119
1.00839
0.981915
1.13176
0.942727
0.789366
0.908722
0.979138
0.953125
0.888905
0.952616
1.25912
1.10057
1.06657
0.763544
1.01688
1.11869
1.01974
0.884556
0.927593
0.928038
0.74194
1.08471
0.995239
0.982108
0.963595
1.01538
1.03176
1.0556
0.970118
0.88694
0.978878
1.01569
0.98412
1.09818
1.07998
0.995111
1.17188
0.896179
1.08561
1.0353
0.913934
0.956276
1.00681
1.00141
0.981561
1.03361
0.909706
0.999346
0.976319
1.11554
1.07576
1.00193
1.02307
1.03154
1.09607
0.943414
1.02686
0.970896
1.05695
1.10502
0.860231
1.09609
0.909516
0.919307
1.03649
0.911706
0.89512
0.946739
1.05772
1.1619
0.892034
0.960356
0.970177
0.937568
0.919061
0.857049
0.899141
1.0078
0.909314
1.03522
0.939329
1.20118
0.923744
1.09593
0.980875
1.06521
1.01843
1.10611
0.760308
0.891059
0.988653
1.12148
1.10163
0.985694
1.23434
1.12982
1.00885
1.08229
0.976166
0.796881
1.06274
1.12719
1.01326
0.992872
1.0169
1.06986
0.975627
0.952412
1.06202
0.908424
1.04957
1.10686
1.09395
0.951877
0.974858
0.924839
1.02383
0.895538
0.992449
0.949574
1.01153
1.07899
1.16665
1.04893
0.901351
1.00377
1.02811
0.953047
0.944012
1.24986
1.14776
1.05252
1.10163
1.06633
1.00107
0.879332
1.12624
0.978222
1.01919
1.03549
0.888374
1.03533
1.13226
1.0241
0.905706
1.06782
0.825897
0.801471
0.904619
0.792935
0.874662
0.962755
0.962868
0.921461
1.11437
0.871114
1.08964
1.03513
0.924708
0.833875
0.967028
1.19921
0.902788
0.958311
1.09229
0.903781
1.0834
0.807212
1.08031
1.03538
0.979537
1.08593
0.818705
0.902773
0.911267
0.968472
0.940568
0.902243
0.800245
1.05031
1.09011
1.05688
0.89525
1.03944
1.12171
1.10875
0.965179
1.04781
0.994711
0.873861
0.985955
0.91699
0.85124
1.1463
1.03905
0.966283
0.967027
1.05791
0.939878
0.941135
0.883419
0.972406
0.981198
1.15371
1.11844
1.08594
1.15511
0.945759
1.07813
1.06366
0.972615
0.950646
0.935285
0.897274
0.794865
0.955782
0.961802
1.0698
0.839714
0.926791
0.966639
0.96589
1.1856
1.08836
1.09328
1.12348
0.992449
0.979078
0.944098
0.903873
1.01083
1.01562
1.06343
1.1185
1.03191
0.935298
1.10832
0.998862
1.21793
0.944594
1.02266
1.02895
1.03553
0.971489
1.04217
1.04449
1.04652
0.921549
1.00272
1.03872
1.10035
1.12552
1.30352
0.979759
1.05642
0.987846
1.11736
1.09146
0.955101
1.03546
0.990219
0.962932
1.17271
0.854732
0.964394
1.19612
0.959021
0.903471
0.983802
1.01508
0.93459
0.951189
0.965891
1.08775
1.01936
1.03546
0.806897
0.95893
1.11838
1.06022
0.876556
1.02873
0.969623
0.960019
1.0862
0.95883
1.07801
0.932785
0.900644
1.02284
0.923252
1.02907
0.867336
0.846963
1.01227
1.05623
0.920105
1.01412
0.781572
1.12779
0.913083
1.01928
1.05942
0.967383
1.14074
1.01861
1.04349
1.07683
0.954456
0.87103
1.05707
1.11749
1.04696
0.911573
1.09348
0.955134
0.8421
0.945813
0.973847
1.05693
1.03409
0.868205
1.00659
1.07168
1.07651
1.22891
0.934906
0.887451
0.953263
1.01498
0.873344
1.13444
1.13688
1.14605
1.0114
1.00512
0.928523
0.985876
1.0138
1.07771
1.12712
0.95494
1.01869
1.08435
1.16062
0.93724
1.0695
1.00193
1.00064
1.09443
0.957597
1.04738
0.925269
0.894695
0.988726
0.916816
0.970915
0.744687
0.930002
0.965416
0.879988
0.917363
0.844773
1.13122
1.04016
0.969622
1.04481
0.926466
0.990896
0.915408
0.89961
1.01763
0.874577
0.89312
1.14146
0.884046
0.998091
1.07761
0.95591
1.06129
1.00509
0.883296
0.926225
1.06854
1.15796
0.974223
0.87525
0.897624
1.15615
1.10597
1.27137
0.933604
1.0073
1.07193
0.875629
1.22854
0.824516
0.928163
1.11408
1.17014
1.11632
0.834114
0.948336
1.01894
0.967722
0.899465
0.949018
0.999782
0.942578
1.22886
0.926035
1.11757
0.920561
0.806157
0.979365
0.912833
1.19897
0.959988
1.05836
1.13683
0.899983
1.24427
0.871197
1.01888
0.999076
0.893947
0.830455
0.921456
1.12312
1.08526
1.00949
0.976811
0.864381
1.14833
1.06639
1.04794
0.842645
0.955445
1.10421
0.857332
0.956578
0.964741
1.2697
1.10056
0.956964
1.05076
0.86868
0.847095
0.918759
0.992066
1.00164
1.00096
1.02026
1.09786
1.18354
0.946966
0.949311
1.17695
0.936842
1.09554
0.835154
1.13717
1.22024
1.02559
0.993826
1.0832
1.12665
0.895326
0.945124
0.945255
1.07425
0.922117
0.994616
0.849357
1.04162
1.19205
1.01757
0.997035
0.956782
1.02324
0.906612
1.0953
0.957909
1.03793
0.999338
1.04251
1.07926
0.878857
0.999766
1.01455
0.911628
1.0178
0.969974
0.892989
0.914359
0.962022
1.24177
0.937
1.12068
0.866794
0.823224
1.1141
1.01209
0.972972
0.904176
1.13377
0.946662
0.957102
1.00788
1.02381
0.978626
1.06905
1.04811
0.97455
1.19171
0.982032
0.864864
1.07143
1.17291
1.14335
0.983587
1.03267
0.945381
1.18777
0.992465
0.986362
1.12105
0.895266
1.1686
1.03937
0.984618
0.981418
1.0624
1.27985
1.01721
1.08837
0.906798
1.02261
0.91392
0.918777
1.14254
0.963705
0.832356
0.98073
0.933986
0.890526
1.08097
1.00977
1.12426
0.920709
1.10201
0.935157
1.11716
1.00072
1.08435
0.830371
1.07613
0.96717
1.05972
0.967921
1.2648
1.06059
0.855819
1.03753
0.927584
1.12554
1.05485
0.86277
0.975745
1.07594
0.827478
1.0189
0.844041
0.945941
1.06006
0.979726
0.967461
1.0262
0.905964
0.983971
0.879644
1.20161
1.03649
0.973119
0.882758
0.964222
0.978551
0.945557
0.968832
1.01657
0.883338
0.841593
1.02142
1.15474
0.841167
0.868978
0.944005
0.881509
1.02006
0.98878
1.20341
1.05009
0.916529
0.911697
0.963502
1.01447
0.845714
0.974985
1.16056
0.978429
1.06113
0.950058
1.10589
1.04585
1.01648
1.05373
1.04342
1.00036
1.05979
0.924748
0.894259
0.920748
1.06845
0.988779
1.08078
1.06202
0.935288
1.1887
1.03942
1.09323
0.905698
1.00161
1.07586
0.946777
1.08381
1.10216
1.00837
0.957622
0.888688
1.00201
0.891719
0.863113
0.988926
1.12667
0.951565
1.01878
1.06024
1.06792
1.13483
1.16528
1.13386
1.05724
1.07507
0.953076
0.974464
0.983085
0.888544
0.909075
0.998703
0.892846
0.806105
1.02259
1.00327
0.946315
1.02142
1.0515
0.908338
1.11913
0.976723
1.10029
0.985252
1.12191
0.900968
1.10682
0.796281
0.932593
0.898485
0.875598
0.968318
0.977415
0.973544
1.00511
0.88595
1.15503
1.01083
0.940616
1.03936
1.00279
0.998838
0.934477
1.10037
1.12742
0.857887
0.980551
0.826193
0.953494
0.981881
0.936849
0.774346
0.865785
1.05676
1.06492
0.933126
0.884075
1.04227
1.00442
0.992622
1.01024
0.978306
1.19444
1.03464
1.13883
1.02956
1.05613
0.958623
0.982556
1.08297
1.1345
1.07231
1.09201
0.908561
0.999601
0.834769
1.01197
0.976448
0.938796
0.86828
0.881274
0.887814
0.835342
1.14248
0.983984
1.16102
0.92755
1.01555
0.891234
1.11379
1.18047
0.969489
0.90339
0.94555
1.0943
1.07078
0.99583
0.944971
0.912864
1.09591
1.04343
1.00145
0.749419
1.19425
0.928722
1.00018
0.968749
1.08496
0.906323
0.889477
0.968365
1.03495
0.902592
0.833935
0.762034
0.916643
0.783087
0.906469
0.953575
1.34071
1.03696
1.1496
0.997339
0.983998
0.850138
0.807539
1.01486
0.951168
1.04879
0.981713
1.21598
0.912941
1.0702
0.978281
1.11652
0.947293
0.837337
1.03576
1.00143
0.959385
0.982475
1.17868
0.995601
0.931985
0.90293
1.10211
1.00318
1.02108
1.11751
1.02101
1.01693
1.02244
1.02949
1.06489
1.01707
0.905948
0.973661
1.11122
0.989223
1.22298
1.00222
0.977825
1.08916
1.1018
0.919978
0.986929
1.01809
1.01335
1.02076
0.880657
1.01765
0.833294
1.01181
1.14764
1.09906
0.8786
0.975057
1.1
1.19451
0.895525
0.775704
0.870679
0.974859
0.908035
0.970315
0.978781
1.02716
1.04664
1.04306
1.30077
1.06087
1.00543
1.15905
0.913113
0.971837
0.953858
1.20105
0.902888
1.15851
0.93077
0.960726
1.09906
1.10339
0.87841
0.939257
0.956841
0.946844
0.95575
0.917647
0.991293
1.04744
1.16382
1.11154
1.12368
0.857076
0.946694
0.908213
1.06936
0.988519
1.05971
1.10352
0.96556
0.936041
0.923803
0.94058
0.972235
1.01182
0.907354
0.90786
0.820976
0.896569
1.14695
0.989978
1.06683
0.951058
0.918897
0.902917
0.93702
0.916529
1.04217
1.06009
1.06482
1.08324
1.09521
1.06716
0.975907
1.08379
1.1402
1.06514
0.982738
1.0848
0.883881
1.03206
1.08919
0.95819
0.903668
1.02366
1.11981
1.00722
0.888634
1.09926
1.1651
0.955868
0.923876
1.01655
0.888991
1.02556
0.955322
0.986777
0.914205
1.00302
0.947121
0.821313
1.04713
0.948127
0.98446
1.04871
1.02432
0.977888
0.993031
0.947501
1.03947
1.02306
0.966124
0.885164
1.03122
0.992497
0.892989
1.0855
1.02521
1.05523
0.956413
0.755636
0.919912
1.26647
0.985963
1.15991
1.08554
1.13429
1.00475
0.780981
0.939416
1.00432
1.01594
0.980553
0.970691
1.11474
1.00794
1.00167
1.09574
0.921838
0.961173
0.780984
1.08081
1.01469
1.11055
0.787982
0.951907
1.02888
0.975751
1.08668
0.823407
1.09436
1.05526
0.894355
0.970598
1.04093
1.0345
1.09321
1.14129
0.854971
0.918578
1.06832
1.04916
0.912572
1.03691
1.03756
1.07758
0.910333
1.06744
1.13855
0.978243
1.11315
0.906105
0.966756
0.727666
0.996193
0.947489
1.00752
0.934088
1.0666
0.95674
1.03545
1.10591
1.14744
0.866919
0.985404
0.965819
1.08822
0.915186
0.984243
1.10689
0.948825
0.94463
1.09541
1.04932
0.987744
1.04345
1.16945
1.0166
0.941456
1.1917
0.961471
0.800896
1.0155
1.06438
1.0082
1.02246
0.919059
0.935556
1.12101
1.02069
1.17946
0.908195
1.11496
0.873755
1.11451
1.07402
1.0265
0.996486
0.976403
0.979627
0.967692
0.830305
1.09545
1.02686
1.21876
0.88482
0.816296
1.12594
1.07994
0.976549
0.933847
1.13228
1.17791
1.18143
1.03449
1.0244
0.834955
0.869863
1.21222
1.09801
1.04801
1.05974
0.863083
0.924398
1.14681
1.05307
1.03187
0.933568
1.14761
0.925939
1.01634
1.15577
0.978382
1.07969
1.13092
1.02432
0.960133
0.983825
0.889334
1.09928
1.11368
0.876845
1.12864
1.16475
0.962761
1.17892
1.0737
0.921673
0.935482
1.01222
1.08477
0.947826
1.0826
0.916549
0.89742
1.22086
1.12609
1.07496
0.884995
0.91688
1.10659
0.903764
1.15193
0.946808
1.10456
0.956487
0.964079
0.938281
1.02557
0.993545
1.09061
1.10353
1.08098
1.19451
0.90671
0.99125
1.11922
0.968761
1.01943
0.90993
0.978001
0.878134
0.882882
1.01443
0.86906
0.939238
1.18587
0.977652
1.02768
0.965143
0.811246
1.12667
0.950455
1.05382
1.01011
0.987639
1.14543
1.06401
1.03971
0.840512
0.999399
0.999462
1.0999
1.10124
0.861958
0.912
0.853937
0.986735
1.0531
0.899527
0.834913
0.82805
1.09875
0.961212
0.883618
0.948556
1.02352
1.05377
1.08613
0.981234
0.873969
0.960209
1.07741
0.973326
1.06274
1.15673
0.951804
0.981237
1.03173
0.965146
1.0601
1.13808
0.994437
0.976048
1.06164
0.958729
0.903904
1.1303
0.978596
1.09416
1.10896
0.858186
0.942715
1.07082
1.00732
1.15426
0.937299
1.04544
0.93607
1.00678
0.96213
1.10913
1.01949
0.934068
1.09777
1.0065
1.14344
0.814217
0.860041
0.888324
0.911083
1.07169
1.07976
1.07571
0.916386
1.01994
1.00356
1.13237
1.00361
0.984895
1.10455
0.956834
0.964789
0.941738
0.882341
0.969717
1.13662
0.881317
0.995695
1.02614
0.825528
1.02296
0.983563
1.17517
1.12714
1.01848
1.08821
0.918271
0.928984
0.884284
1.01382
0.919085
0.920835
0.9565
1.07394
0.931895
1.01107
0.914282
1.07217
1.08951
1.01944
0.940958
1.05386
1.31018
0.976407
1.0085
0.983571
1.16378
1.02486
1.09618
1.02463
1.11576
0.900614
0.979208
1.09367
1.05073
0.862871
1.021
1.14727
1.10023
0.802674
1.00221
1.0703
0.858686
1.04701
1.01481
0.905673
1.04073
1.03213
0.866031
0.897346
1.05783
1.02687
0.956908
1.01306
1.02574
0.997576
0.985386
1.00947
0.935899
0.877744
1.09941
1.04117
0.971907
1.00254
1.20024
1.07386
1.01992
0.922708
1.08295
1.05477
0.963709
1.12796
1.08089
0.906987
1.20157
0.925166
1.0101
0.984422
0.903311
1.16221
0.960938
0.943877
0.987379
0.872789
0.851829
1.06574
0.895848
0.95842
1.12594
1.07802
1.00387
1.20725
0.887861
1.19207
1.06503
1.08931
1.02823
0.976361
0.884044
0.967104
0.997281
1.04646
0.955225
0.933793
0.95671
1.05608
0.960421
0.893635
0.897405
0.911299
0.844743
1.10352
0.866383
0.95357
1.06814
1.01676
0.984502
0.982571
1.15651
0.945076
0.836992
0.828781
0.865344
1.06427
1.01218
1.00976
1.10251
0.800064
0.98113
0.970753
1.15095
0.856412
0.836458
0.94194
0.952971
0.936401
1.18574
0.882556
1.00784
1.04871
0.992458
0.996929
1.11464
0.988685
0.94742
0.92214
0.918742
0.997461
0.821952
0.996894
0.994141
1.00594
0.976052
0.808667
0.887664
1.0155
0.975141
0.927524
1.1217
1.00465
0.930912
0.838323
1.00733
1.00472
1.02537
1.11964
0.893984
0.891439
0.999205
1.01275
0.973594
0.993488
0.928514
0.971309
1.01252
1.25712
0.947158
1.09906
0.924329
1.15163
1.01963
1.01382
1.09157
0.943196
0.936747
0.955561
1.02838
0.958949
0.945451
0.840107
0.993965
1.03751
1.21834
0.976068
0.912897
0.829428
0.952333
0.854359
1.08913
1.04725
0.994667
0.99766
0.868052
0.831733
1.07697
0.878734
1.18335
1.15425
1.20791
1.0512
0.943369
1.05972
1.09849
0.885862
1.41539
0.96221
0.961819
1.03863
1.15099
0.958742
1.1418
1.00821
0.971099
0.944715
0.964857
0.865246
0.825419
0.904893
0.829932
1.09459
0.942652
0.882884
0.895797
1.021
0.879875
0.950349
1.14206
0.936451
1.13455
1.09064
1.01199
0.979953
1.07169
0.783526
0.911621
0.978156
1.18831
0.996223
0.928901
1.1295
0.94838
1.03617
1.19569
0.990494
1.07732
1.08671
1.03003
1.08803
1.03005
1.04608
1.13782
0.87527
0.828638
1.00266
0.912183
1.09034
0.893987
0.916065
0.913571
0.904526
1.00491
0.869167
1.06871
1.06771
1.01907
1.00745
0.878215
1.01838
1.0237
0.887814
1.00329
1.05653
1.11624
0.918051
1.13916
1.15938
0.706119
0.966166
0.975665
1.0585
0.974928
0.973432
1.07908
1.07238
1.00279
0.895508
0.970649
1.0073
0.928851
0.881934
0.984052
0.986355
1.09005
0.969823
1.04714
0.824517
0.986687
0.956344
0.944116
0.902199
1.26296
1.11329
0.847171
0.928511
0.951745
0.910534
1.10893
0.955153
1.12473
0.956443
1.08196
0.919783
1.03219
1.06626
0.982851
1.00193
1.02406
0.942427
0.94253
1.01206
0.886516
0.808214
0.979893
1.14313
0.90115
0.852368
1.10007
0.928053
0.944057
1.12141
1.04874
1.09551
0.913274
0.852056
0.974564
1.06387
1.00425
1.11329
1.05855
0.954521
0.953819
1.10838
0.916675
0.971456
0.887049
1.00491
0.939084
1.04258
1.06899
0.959496
1.06804
1.14524
1.06419
0.994878
0.880092
1.1644
1.07616
1.00901
0.82906
0.95849
1.2026
1.03973
1.13947
0.97277
1.06058
1.07432
1.04888
0.901124
0.923252
0.894194
0.920387
1.09204
0.989846
1.0789
1.01549
1.01461
1.17018
0.894142
0.976476
1.12122
0.88454
0.968598
0.988159
1.16575
1.04054
1.03368
0.973769
1.06347
1.02023
1.07533
0.958703
1.07393
0.864214
1.03734
1.06517
0.897336
0.984298
0.898068
0.851916
0.903839
1.04896
0.889588
0.967571
1.15253
0.988681
1.08853
1.00809
0.977544
0.899241
1.01976
0.848173
1.03103
0.951805
0.868511
1.00077
1.04803
0.850764
0.975175
0.840995
1.25411
1.04079
0.947402
1.13247
0.988351
0.922903
1.2079
1.01313
1.08905
1.03823
1.06531
0.935431
0.89049
0.862228
0.955826
1.08939
0.910126
1.00386
0.937188
1.12554
0.970159
1.06382
0.991821
0.864846
1.05438
1.26603
0.902285
0.851091
0.94179
0.962844
1.0435
1.04991
1.10495
0.9636
1.01185
0.926483
0.851032
0.934321
0.879189
1.06251
0.961104
1.01826
0.914127
0.978769
0.963795
1.00549
1.01973
1.01781
1.01672
1.18722
0.918887
1.19231
0.915072
0.991379
1.18149
1.02439
0.903973
0.944545
0.816738
0.820701
1.02816
0.871608
0.916686
1.02809
0.918447
1.06803
0.947415
0.790134
0.971273
0.980266
0.997232
1.08742
0.92731
0.894086
0.885475
1.07169
0.967223
0.929309
1.14432
1.01185
0.936404
0.985431
0.916698
0.961689
1.00553
1.05712
1.15443
0.929434
1.13471
0.997403
0.873028
0.906901
1.0591
0.822476
1.11323
1.13604
0.874465
1.00408
0.877675
0.797497
0.961409
0.839107
0.94744
1.08247
0.926398
1.05418
1.09356
0.926172
0.963521
0.916418
0.908158
0.88651
1.01729
1.11568
0.932337
1.19567
1.02489
1.03763
1.05287
0.932495
0.928345
0.968176
0.948168
0.917462
0.952045
0.814697
1.03126
0.856135
1.03929
0.961833
1.04564
0.943492
1.17909
1.07742
0.97166
1.03118
0.756066
0.877674
1.04537
1.00292
1.0259
1.15116
0.951297
1.00837
1.04832
0.818026
0.966583
1.05903
0.917164
0.886815
0.817414
0.889074
1.11696
0.923478
0.928142
1.02473
0.88641
0.918113
1.04398
0.873873
0.946175
1.00661
0.911062
1.18421
1.05614
1.07911
0.872435
0.94585
0.960353
1.0669
0.839915
0.967268
1.08782
0.955684
1.0007
0.993717
0.841497
1.02403
1.02947
1.0546
1.31736
0.902632
0.986208
0.990191
0.903405
1.15438
0.971658
0.947757
0.822485
1.16022
1.20411
0.999263
0.949004
1.05041
0.965184
1.02854
0.938634
1.00345
0.949107
1.26109
1.0006
1.06923
1.04644
0.986448
0.909752
1.14872
1.05861
0.995179
0.970983
1.0259
1.03365
0.991274
1.04091
1.07574
1.05652
1.11007
1.04896
0.917369
0.991518
0.802469
1.1389
0.944796
0.882783
0.914046
1.07327
0.986823
0.863424
0.982778
1.01003
0.927762
1.11958
0.844205
1.01423
1.00266
0.931139
0.939714
0.978165
0.964694
1.06216
0.844227
1.06291
0.983381
0.868573
1.06705
0.833837
0.967936
0.938223
0.799631
0.905776
0.677035
1.14051
1.03695
1.05157
1.00987
0.947983
0.941256
1.00011
1.11724
0.942106
1.10124
0.905889
1.12626
1.14869
1.06695
1.13983
0.939528
1.06381
0.924947
1.06196
0.933978
0.98488
1.21414
1.11631
1.03675
0.860566
1.18973
0.851558
1.12603
1.13184
0.838385
0.884011
0.80122
1.16616
0.955878
0.95823
0.918494
0.895014
1.09983
0.986796
1.13685
1.01617
0.914265
0.967274
0.905202
0.92589
0.778538
0.919168
0.967907
1.03996
1.01461
0.925023
0.931888
0.975629
1.02623
1.00011
1.0633
0.896544
0.84878
1.11007
0.709796
1.06815
1.01145
1.0979
1.00572
1.05352
1.07948
1.27866
1.03063
0.895717
1.00391
0.975182
1.1407
1.03734
1.08354
0.882776
1.2526
1.20865
1.01898
0.844797
0.967021
0.923522
1.0162
0.793006
1.04782
1.00228
1.09315
0.792777
0.984825
1.04832
1.04731
0.972011
1.10437
0.955678
0.945968
1.02588
0.892292
1.04907
0.954688
0.98404
0.950072
0.871582
0.844257
0.946491
1.04101
1.04402
0.932442
0.858348
1.10633
0.887583
0.999349
1.04203
0.912413
1.05408
0.953844
0.969048
0.995601
0.977525
1.11834
1.05756
1.07795
1.10248
0.973425
1.05882
0.794588
1.21334
0.901536
0.978526
1.2357
0.927578
0.939148
0.941746
1.13618
1.08819
0.966677
0.932939
0.790283
1.02675
1.16837
0.938149
0.868441
0.959835
1.03965
1.1764
0.842803
0.907735
0.990393
0.927217
1.05076
1.08532
1.15194
1.16169
1.02713
0.907416
1.01945
0.969492
0.946174
0.833019
1.1111
0.887129
0.94459
0.936941
0.92141
1.12887
0.867005
0.944292
1.19268
0.976983
1.03738
1.04695
1.13253
1.01649
1.05396
0.854466
0.894948
1.06206
0.980736
0.978901
1.11186
0.967144
1.00767
1.03513
1.01826
0.9695
0.98735
1.01881
0.992528
0.93733
1.02814
0.917363
1.098
1.05263
1.12439
0.860908
0.97022
0.909774
0.915454
0.935643
1.0735
1.00331
1.27805
1.03973
0.885187
0.876313
0.979838
1.25668
1.10351
0.749283
1.17303
1.20655
0.96762
0.926459
0.76287
0.872012
1.01684
0.7393
0.967928
1.07658
0.977041
1.05525
0.882409
0.868614
1.15661
0.96052
1.0669
0.940814
1.04128
0.996082
0.8979
0.932802
1.13853
0.972569
0.842274
1.00748
0.945625
1.0479
1.07593
1.03389
1.06071
0.993308
1.04865
1.07784
1.0687
0.984387
1.06351
1.004
0.971642
1.00878
1.06117
0.839632
1.11113
0.970006
1.04116
0.940289
0.926074
1.23251
0.97419
1.0113
1.06497
0.838869
1.19271
0.944005
0.94194
1.12474
1.05335
1.08404
1.20512
1.11193
1.03442
1.05193
0.962245
1.01922
1.01695
0.967838
1.13777
1.12259
1.00992
0.948918
0.882653
1.06499
0.858918
0.919238
0.990973
1.16788
0.944028
0.98547
0.982119
0.991173
0.954204
0.933657
1.02698
1.03331
0.910133
0.887144
0.823837
1.00996
1.13896
1.06639
0.955257
0.915652
0.858465
0.899186
0.857724
1.02504
0.826676
0.966332
0.842371
1.08391
0.966798
0.991024
1.02369
1.04265
0.909775
0.935792
0.981647
1.03122
0.786061
0.952814
1.05531
1.13848
1.12683
1.11679
0.968272
1.02938
1.07738
1.0151
0.84934
0.975879
1.0063
0.923614
0.831367
1.02871
0.893544
0.998134
0.865101
0.993487
0.914974
1.03863
0.816442
0.928987
0.908679
1.03637
0.849313
0.949521
0.913417
0.980042
0.740783
0.98641
0.987249
1.03242
0.867718
1.09013
1.23646
1.06025
1.2272
0.964793
0.937089
0.990694
1.0793
1.15691
0.934049
0.849334
1.11339
0.979769
0.985513
1.04904
1.11437
0.977136
0.984447
0.972008
1.05345
1.13139
1.01698
0.922582
0.88259
0.979817
1.13187
1.13226
0.915483
0.837049
1.18458
0.990962
1.00046
0.997096
0.876456
0.958077
1.24299
1.07322
0.903183
1.12362
0.975151
1.12374
0.842755
1.02539
0.999753
0.898875
1.04773
0.928255
0.970531
1.06624
0.946799
0.856296
0.840566
0.968373
0.896139
1.02914
1.02423
1.07173
1.08211
0.960801
1.03974
1.09667
1.02417
0.981996
0.999895
1.00801
0.929974
1.01367
0.920698
1.06404
1.03146
0.954091
1.00029
0.932489
1.19141
0.922361
1.16499
1.00192
1.10826
0.921046
0.954186
1.02347
0.995824
1.03721
1.07426
0.818649
0.942639
0.982341
1.08172
0.9825
0.916781
1.02431
1.01909
1.05763
1.05046
0.996273
0.990821
1.16376
0.875105
1.01445
1.02385
1.16187
1.10954
0.913168
0.797553
1.06061
0.976574
1.10971
0.8552
0.936876
1.20677
0.992342
0.938503
0.883124
0.973081
0.899606
0.875027
0.789766
0.8123
0.974057
0.825959
1.25854
0.809695
1.15751
1.10165
1.0335
1.08738
1.10069
0.839688
1.19595
1.02857
0.973867
0.896397
0.976499
0.966186
1.11273
1.02427
1.24145
0.9436
1.05142
0.99793
0.918528
0.937039
1.04475
0.898659
0.984799
0.78792
1.14819
0.922662
0.963324
1.04119
0.94541
0.914481
0.968121
0.957955
0.997746
1.01617
0.978681
0.935908
1.13863
1.14802
0.924519
1.00302
0.979141
0.9435
0.997283
1.05324
1.00638
1.03467
0.960078
1.06381
1.07023
0.88441
1.00027
1.0627
0.916476
0.90999
0.864352
0.909287
0.912553
0.908478
0.907688
1.05992
1.02679
1.02469
0.949476
1.00876
1.04835
0.878058
1.04601
0.9008
1.00703
0.935002
0.888012
1.11661
1.09623
0.984241
0.944356
1.0216
0.870166
1.08835
1.21113
0.866272
1.0946
1.03024
0.86138
0.780225
1.05791
0.975158
0.948771
1.07569
1.06283
1.16263
1.05504
1.00587
0.818375
0.924641
1.02771
0.85808
0.935649
0.905259
1.01504
0.993967
0.795406
0.962187
0.880281
1.14848
1.08488
1.15851
0.901369
0.811951
0.819057
1.00498
1.07222
0.997983
0.998013
0.931433
0.99904
0.919466
0.834692
0.944355
0.977608
1.26737
0.992875
0.958371
1.05067
1.03683
0.918767
0.80764
1.12917
0.892316
0.965998
0.820084
0.969248
1.00652
0.934569
0.948065
1.12398
0.975199
0.798296
0.926041
1.16213
0.972329
1.10033
0.824051
1.17786
0.941199
1.00396
0.889317
1.07353
0.995371
0.984402
0.855016
0.943656
1.15534
1.00356
0.989795
0.955573
0.907042
0.989826
1.11747
1.02598
0.856132
1.06967
1.25858
0.96165
1.00406
1.11476
1.08529
1.02081
0.855196
0.953758
1.03447
0.930447
0.963674
1.04218
1.02576
1.13184
0.991386
0.877676
0.92055
1.04184
0.861768
0.967702
0.930181
1.07029
1.02378
0.892703
1.06427
0.850258
1.21484
0.925912
1.0325
1.10114
0.871521
1.13426
1.05841
1.01814
0.921208
0.9592
1.10248
0.958184
0.956863
0.935286
1.11408
1.10957
0.889043
1.16368
0.940781
1.00145
0.864101
0.908878
1.01612
1.0309
1.08977
0.949541
1.17407
0.876513
1.06098
0.992863
1.23262
0.840174
0.994519
1.11343
1.058
0.989465
0.80737
0.882008
1.00506
1.1245
1.12173
1.03772
0.977964
0.882735
0.999905
1.15505
1.03974
1.05861
1.00129
0.827566
1.03364
0.963037
1.09198
1.09674
1.08402
0.964288
1.16266
1.01788
0.977805
1.05441
1.06831
0.836493
0.97238
1.03536
0.822999
0.977674
0.971586
1.15266
1.01387
0.976374
1.13628
0.917041
0.953904
0.922132
0.938131
1.04125
1.03937
1.08027
0.979362
1.07689
0.930576
0.895781
1.08775
1.12058
0.999192
0.927948
0.929861
0.987621
0.926787
1.00956
0.954515
0.97696
1.00237
0.98826
1.00085
1.18981
0.994527
0.845015
0.948816
0.888527
1.12475
0.941229
1.13192
0.917378
1.00297
1.1587
1.05975
1.00027
0.9223
0.830728
1.03844
0.97508
0.986685
1.14398
1.0594
1.02137
0.898375
0.879702
1.05827
0.920312
0.898742
1.07432
1.00233
0.892723
1.07468
0.967894
0.919949
0.949161
0.935752
1.05806
1.13328
0.998403
0.99933
1.10867
0.927391
0.926102
0.968112
1.05455
0.94941
0.997679
0.812085
0.966279
0.862676
1.02169
0.814221
1.00282
1.07478
0.967242
0.904972
0.976993
0.905441
0.971588
1.02102
1.02811
1.06773
0.998927
1.03027
1.102
1.11174
0.956482
1.06304
1.17145
0.975538
0.960336
0.884054
1.24587
0.869314
0.98794
0.995144
1.11523
1.23762
0.973259
1.06781
0.961445
0.989911
1.03669
0.966258
1.09602
0.979877
0.971191
1.09282
1.01358
0.909735
1.03808
0.907306
1.05047
1.08376
0.951846
1.0715
0.987228
1.03928
1.11941
0.99927
0.863924
1.00814
1.00172
0.998037
1.09481
0.991276
1.10058
1.02796
0.9355
0.92593
0.987779
1.05883
1.07996
1.00579
0.91802
1.03065
0.854051
0.873451
1.23012
0.946037
0.904938
1.21029
1.03364
0.934735
1.17613
0.998066
1.0806
1.00977
1.04158
0.983802
1.00785
0.821578
0.921454
1.27239
0.960709
1.17963
0.987321
1.0931
1.08739
0.980067
0.917229
0.96913
1.01255
1.03515
0.989774
1.08605
1.00126
0.929524
0.964992
1.11007
1.01602
1.10422
0.868302
1.05517
1.09182
0.960877
1.03882
0.936809
0.930428
0.905281
0.929281
0.898332
1.13446
0.992797
1.16755
1.0886
0.992166
0.876482
1.13876
1.00266
1.04829
0.937897
0.913276
1.05817
1.26999
0.937614
0.999886
0.935516
1.01434
1.01025
0.99393
1.12598
0.905785
1.01099
1.00101
0.781287
0.792086
1.28855
0.98449
1.18431
1.11559
1.12481
1.0124
1.20182
1.06926
1.19114
1.18834
0.932063
0.978378
0.888311
1.03179
0.976174
1.24138
1.02281
0.846821
1.109
1.10829
0.943415
0.961828
0.76545
1.20482
0.979923
0.984204
0.915011
0.93811
1.08946
1.00059
1.11135
0.848522
1.07873
1.00163
1.10106
0.947635
1.23315
1.00807
1.18366
1.00983
0.834588
0.957595
0.993224
1.00444
0.908502
1.02097
1.05838
1.08343
0.999447
1.11922
1.00892
0.98785
0.885162
0.865925
0.888154
0.936148
0.96228
1.04368
0.952926
0.94613
0.800882
0.984198
1.00417
1.24355
0.987405
0.961638
1.1004
0.957692
0.955047
1.11534
1.12381
1.09792
0.931864
0.872645
0.975758
0.965343
1.17893
0.834004
0.986243
1.05533
1.2356
1.04076
1.03468
1.11061
1.17289
1.12447
0.941024
0.87089
1.10795
0.902587
1.07607
0.961467
0.924477
1.08912
1.13268
0.983448
0.886755
0.703935
0.897397
1.13753
1.12252
0.929495
0.802317
1.13675
1.00099
0.979036
1.11256
0.884155
0.942798
1.02137
0.832295
1.0243
1.09624
0.793263
0.922426
1.05115
1.11377
1.03112
0.958928
0.988861
1.23936
0.883883
1.05257
1.04204
1.09727
1.00737
1.08068
0.888038
0.936359
0.95766
0.947376
0.961298
0.823324
1.10174
0.901973
1.1256
1.1424
1.08958
0.848227
1.20114
0.892363
0.999087
0.953807
0.998195
0.967348
1.00378
1.02776
0.954553
0.942167
0.939365
1.04652
1.06955
1.00202
1.00849
0.849712
1.04971
0.926499
1.07694
0.96666
1.1148
1.04749
1.03437
0.842005
1.21204
0.920443
1.00258
1.00914
0.974837
1.10112
0.89871
1.09181
1.09994
1.06392
0.917713
0.999553
1.03588
1.12212
0.881343
1.02842
1.01778
0.814664
1.10039
1.04144
1.06177
1.03531
0.951165
0.930392
1.03755
1.02281
0.893914
1.07422
1.0349
1.13067
1.03483
1.15735
0.937942
0.818752
0.937007
0.922632
1.0703
0.841897
1.05319
0.859307
0.940147
0.927579
0.894965
0.905713
0.981278
0.954968
0.962882
0.849916
1.04694
1.0152
0.841329
1.17042
0.974455
1.04788
0.925301
0.998762
0.900723
1.07107
1.06177
1.14222
1.10808
1.29278
0.920559
1.10635
1.0108
0.944787
1.03806
0.927662
0.883939
1.10503
1.18501
1.02819
0.797996
1.06704
1.00116
1.03017
0.944882
0.995302
0.798566
1.0796
1.06882
1.01046
1.03428
0.877476
0.774235
0.942507
0.992398
0.797353
1.02972
1.01747
0.885982
1.05172
1.05477
1.03896
0.919572
1.00816
1.01574
0.883462
1.02085
0.943358
1.11147
0.985188
0.90024
0.93009
1.11799
0.995514
1.14556
1.08566
0.989355
0.880773
0.815679
0.969449
1.01517
0.957267
1.09578
1.09955
0.967034
1.00598
1.09782
1.12982
0.881294
0.831056
1.00445
0.947848
1.01099
0.818367
0.994941
0.891173
0.999881
1.19297
0.870054
0.929702
0.952842
0.842476
0.891857
0.942612
0.995679
1.05048
0.935445
0.995719
1.26242
0.913145
1.19325
1.03355
1.00925
1.05808
0.903959
0.830526
1.09426
0.94253
0.91585
1.01219
1.06708
1.05543
0.946242
1.05358
0.991088
1.10315
1.04136
0.906141
0.929077
0.958662
0.899302
1.1058
0.984341
0.933435
1.1534
1.1806
0.978595
1.06385
1.06139
1.12088
0.946679
1.01064
1.03288
1.08284
1.24971
0.934322
0.934286
0.950698
1.04996
1.06206
0.945853
0.944349
0.947065
1.23664
0.918886
0.94038
1.12011
1.0974
0.925323
0.898274
0.933085
1.0428
1.17586
0.985457
0.891444
1.12638
1.04618
1.08063
0.997259
0.959558
0.90289
0.978434
1.12402
1.05403
1.04226
0.934469
1.10205
0.958565
1.12876
0.96786
0.943584
0.980106
1.0277
1.06679
1.00744
0.906531
0.968147
1.15184
0.943568
1.0152
0.9757
0.946627
0.850694
1.01311
1.02787
1.08352
0.87505
1.08947
0.955198
0.983713
1.10635
1.16305
0.927666
1.04306
0.940457
0.927369
0.97414
0.957508
1.16699
1.07401
0.847496
1.08802
0.912422
1.04248
1.03653
0.957235
0.959884
1.11997
0.87436
1.00233
0.980931
0.926704
0.841743
0.929524
0.970485
0.948378
1.02126
0.8359
1.15575
0.968586
1.0786
0.962219
1.18973
1.1275
0.998516
1.17526
0.867032
0.904696
1.01117
1.18216
1.25016
0.996832
0.924847
1.14115
1.23068
1.06509
1.04737
1.11986
0.984427
1.01485
0.903931
0.930918
1.0156
1.04087
1.06863
0.9879
0.887004
0.863547
0.998634
1.03575
0.853197
1.07943
1.00953
1.06873
1.06768
1.06222
1.01144
1.06646
0.912514
1.12305
0.971124
0.979488
0.921073
0.94126
1.01756
0.753911
1.00188
1.10281
0.979274
1.16559
0.924081
0.976877
0.892596
0.923686
0.928781
1.06281
0.857777
1.27316
0.793369
0.945511
1.21443
1.0175
0.929538
0.990912
0.959661
1.10253
0.922656
0.998062
0.91855
0.946598
1.04532
1.03204
0.779796
0.965288
0.990021
0.971228
1.02971
0.979659
0.945738
1.00208
1.04678
0.932358
1.20746
1.11855
0.925551
0.919921
0.911724
0.932799
1.02683
1.0319
0.872478
1.0815
0.901796
0.926315
1.09421
0.855125
1.0401
0.949311
1.01581
0.916167
0.937298
1.03828
0.943052
0.990154
1.04662
0.846563
0.992239
0.993683
0.922723
1.07517
1.12191
0.97105
0.97482
0.986874
0.937292
0.898208
1.10973
1.02962
1.09261
0.812676
1.16864
1.19421
1.17165
0.740577
1.0512
0.878258
1.1947
0.915921
0.86878
1.04662
1.15629
1.04097
1.01375
0.935467
0.955996
0.964073
0.971077
0.877257
1.00038
1.12432
1.01643
0.926075
1.13316
0.992377
0.931777
1.05109
1.02691
0.942841
0.956576
1.08741
0.91354
1.05469
0.992154
1.13698
1.08448
1.08657
0.980195
1.04822
1.11279
1.20096
1.03809
0.991182
1.05112
1.04329
1.17553
1.0505
0.99552
1.01515
0.982159
0.816574
0.896049
1.01296
1.10587
0.986464
1.03609
1.01082
0.957294
0.961066
0.884949
0.885141
0.955501
1.19229
1.0232
1.15101
0.962112
0.994997
1.06936
1.0867
1.10382
0.997234
0.863739
0.923809
0.929932
0.896218
1.04207
0.964758
1.06715
0.725784
1.1964
1.03513
1.09791
0.961105
0.913537
1.00696
0.829307
0.989584
0.985144
1.00674
1.02267
0.935933
1.09981
1.10784
1.15432
1.09223
0.915507
1.08873
0.931277
1.09082
0.986538
1.12046
0.930159
1.17974
1.22174
1.00139
1.00512
0.981108
0.944566
0.718354
0.906754
1.0358
1.05565
1.04074
0.892414
1.00842
1.16513
1.17217
1.08483
0.968262
0.906597
0.907713
0.949139
1.01557
1.07454
0.885872
1.06206
0.850598
0.991574
0.970314
0.898546
1.06629
1.01236
1.10051
0.823134
1.05361
0.932006
0.938183
1.07471
1.01967
0.950948
0.986616
1.13457
0.974996
0.867825
1.08215
0.856812
1.01795
1.06421
0.993954
0.851794
1.07499
0.981887
0.971335
0.977173
1.03205
1.07363
0.960601
0.932746
1.12432
0.8465
0.968604
1.05466
0.942893
0.956692
1.1138
1.06129
0.807811
1.01389
0.953544
1.04564
1.01686
0.974277
1.1587
0.872732
1.04458
0.987771
1.05031
0.936589
0.877874
1.26898
0.874319
0.973843
0.938555
0.945909
0.975014
0.89011
1.11285
1.08759
1.02074
0.907524
0.94298
0.953228
0.995774
0.958344
1.11661
0.951718
1.07788
1.09654
0.927613
1.01033
0.804794
1.04962
0.971353
1.02371
1.14748
1.02494
1.09799
1.07886
1.02961
0.990256
1.17681
0.91493
1.00332
0.954376
0.962819
0.824372
0.837248
0.849296
0.91094
1.00956
0.872303
1.13204
0.918413
0.93397
0.892999
0.935772
1.07235
1.00987
0.886258
1.07138
0.957552
1.04393
1.02144
1.1275
1.09791
0.992076
0.943745
1.00289
0.925631
0.836583
1.13686
1.17484
0.989273
0.978371
1.12898
0.852213
1.01061
0.986507
0.987333
1.14742
1.03835
0.983379
0.892156
1.04286
1.1668
1.13802
1.04866
1.18214
0.990604
1.0106
1.1209
1.0754
1.02316
0.965928
1.0911
0.887458
0.87783
1.20895
1.05126
1.26024
0.968149
1.15557
1.1071
1.09822
0.902429
1.0312
1.13004
0.960978
0.900245
0.978439
0.97786
1.03271
1.00089
1.06108
1.11331
0.779928
1.1573
1.10838
0.891932
0.997416
0.884265
0.935932
1.03132
0.936464
0.974592
1.04062
0.89065
0.974647
0.75034
0.864584
1.01059
0.837072
1.14793
0.975691
0.86538
0.881395
0.870125
1.10746
1.19153
0.919282
0.898885
1.02831
0.936997
1.35726
0.825645
1.07416
1.0188
1.10625
1.10473
1.03898
1.00723
1.02488
1.04379
1.02866
1.24516
1.246
1.10524
0.9323
0.959898
1.00882
1.07754
1.01336
1.014
0.757335
0.986841
1.05841
0.901448
1.09511
0.932181
0.905786
1.27882
1.17364
0.950434
0.803059
1.03989
1.03191
0.937489
0.891666
0.96835
0.971103
1.25102
0.997673
0.892851
1.0784
0.91469
1.11601
1.07856
0.906446
0.989571
0.817826
1.06196
1.00248
0.865994
1.0795
0.824698
1.0148
1.15867
1.06185
1.01643
0.943771
0.946844
1.19376
0.891709
1.02162
0.976346
1.10651
1.04987
0.833109
1.00282
1.01342
0.935778
1.01413
1.10968
1.03694
1.00454
0.918026
1.22152
1.02955
0.915347
0.945284
1.10416
1.0207
1.00261
1.08607
1.12929
0.912551
0.934844
1.06671
1.01753
0.976448
1.03156
1.07037
0.906383
0.911981
0.972165
0.781792
0.906342
1.00118
0.910678
1.01361
0.886661
0.963445
0.811205
1.07826
1.11281
1.04165
1.11701
0.864545
0.870216
1.00435
0.799254
0.986906
0.770424
1.14386
1.13686
0.964026
1.07557
1.04485
1.02107
0.96899
0.966968
0.769099
1.08299
0.931081
0.994675
1.11335
0.908638
1.07232
0.855655
0.986507
1.11751
0.946487
0.972343
1.0736
0.914426
1.10477
0.946903
0.893459
1.12098
0.977792
1.22167
0.901151
1.24715
1.11715
0.942231
0.888835
0.996223
0.977001
0.986265
0.927177
0.919056
1.19106
1.05155
0.906881
0.981724
0.95361
1.13842
1.10907
1.08592
1.00956
0.980089
1.04961
0.80811
1.00619
1.00347
1.14233
1.07941
1.17655
1.01201
0.906765
0.854299
0.919573
0.944105
1.04172
0.89302
0.858658
1.13895
1.14813
0.874649
1.3128
0.912459
1.16758
1.04947
0.875246
1.06461
1.0837
1.18754
1.12179
1.09386
0.957447
1.01399
0.81006
1.15722
0.94898
1.06497
0.87933
1.12427
0.973134
1.08637
1.15502
1.04576
1.02598
0.863796
1.16528
1.03702
0.888755
0.996905
1.09642
0.99969
1.10813
1.05164
1.00895
1.05368
1.02355
0.91961
0.902897
1.10482
0.944094
0.998193
0.89486
0.919994
1.0756
0.957469
0.905822
1.06545
1.03668
1.00481
0.923515
0.863102
1.21253
1.17449
0.891521
0.943447
1.11442
0.852621
0.959783
1.01616
1.03024
1.09191
0.874598
1.03736
1.00936
0.76973
1.06088
0.914069
0.724818
0.952827
1.15149
1.10238
0.927063
0.940498
0.968475
1.00714
1.07375
0.964512
1.03504
1.13377
0.911985
1.09013
0.943116
1.03388
1.05142
1.15681
0.84879
0.856443
1.14463
1.0457
1.17891
1.04113
1.01298
0.997536
1.02766
1.1302
0.890555
1.11573
1.02115
0.972122
1.15163
1.08461
0.760711
1.25841
1.2416
0.949974
1.00042
1.04923
0.851353
0.954394
1.14855
0.915103
1.20797
0.932862
1.01266
0.921293
1.18292
0.9102
1.19541
0.920792
0.887812
1.07291
0.998267
1.02527
0.858404
0.833588
0.794415
0.987556
1.03372
0.9469
1.05756
1.00805
0.952752
0.971581
0.762003
1.00751
1.01345
0.930822
1.13706
1.03667
0.895685
1.22174
0.933763
1.05343
0.987904
1.01723
1.00095
1.019
1.12237
1.25239
0.881715
1.07175
0.976648
0.996069
1.06285
1.08728
0.877414
1.19039
0.769335
0.984405
1.01571
1.07488
0.986355
0.945068
1.07319
1.13811
1.1097
1.0838
1.1117
0.843701
0.873546
1.07012
0.968388
0.880603
0.971934
1.00488
0.814661
0.96305
0.912317
0.929432
1.04233
0.869793
1.14401
0.93331
1.02384
1.01741
0.939971
1.05288
0.940016
0.957946
0.948678
1.11997
1.03754
1.22648
1.01356
0.766846
1.03961
0.894759
0.940331
0.923282
0.971316
1.0544
0.954004
0.928893
1.01166
0.979195
1.04
1.02117
1.201
0.855997
1.02311
1.01688
1.04552
1.16089
0.936026
0.943082
1.0732
1.02512
0.937175
0.859433
0.837457
0.970847
0.961271
1.23975
0.905549
1.00908
1.10045
0.927226
1.00929
0.738345
1.08863
0.869687
0.886947
0.938826
1.04371
0.92227
0.966543
0.888092
1.01926
1.00042
0.96089
0.934618
1.3394
0.89689
0.966921
0.843509
0.900142
1.21419
0.949054
1.03413
1.08529
0.934654
0.999327
1.07482
1.11443
0.974478
1.07589
1.02511
1.02957
1.13571
1.11441
0.96745
0.839376
1.08232
0.936861
0.947797
0.898943
0.966624
0.843058
1.18536
1.16946
0.881984
0.758634
0.940469
0.96294
0.8538
0.947451
1.0288
0.988542
1.08265
1.02336
0.882719
0.806256
1.0681
0.977818
0.806782
1.02292
1.00492
1.00476
0.906791
1.34133
1.03427
1.10039
0.906972
0.973953
0.820019
0.947112
1.00832
1.07002
1.08687
1.12013
0.843643
0.866272
1.01265
1.0684
1.02823
0.919536
0.829585
1.10673
0.875487
0.985166
1.02164
1.13818
1.09543
1.03677
0.80512
0.92687
0.889255
1.05954
0.964793
0.998628
1.01245
1.10321
0.977733
1.10596
0.992352
0.875511
1.09441
0.870837
0.898848
1.05934
0.857297
1.02956
1.00605
1.20011
0.881573
0.977768
0.874291
0.993244
0.9032
0.862017
1.04722
1.06394
1.0573
0.86179
0.943492
1.0604
1.13151
1.03821
0.953169
0.986594
1.07233
1.03851
1.13787
0.905546
0.954144
1.30401
0.847635
0.914902
1.13585
0.876169
0.84081
0.887506
1.05298
0.889741
1.19231
0.86524
0.93868
0.958086
1.05742
1.05438
0.936351
0.859275
1.08801
0.932166
1.02003
1.11824
0.930229
1.12687
0.882755
0.956147
0.983738
0.878315
0.962198
1.25835
1.08651
1.08494
0.869884
0.911662
0.898652
1.0256
1.18208
1.04801
1.02318
1.06207
1.08808
1.11506
0.923272
1.05503
1.07701
0.917716
1.03477
1.11459
1.06005
1.24679
0.874741
0.976276
0.909558
1.17118
0.944565
0.917525
0.948258
1.06581
1.15822
1.08965
0.925682
1.03075
1.11426
0.91235
0.838078
1.15548
1.03373
1.14947
0.95576
1.11176
1.00626
1.14664
0.883266
1.02852
1.0092
1.18714
1.02289
0.997048
1.10345
1.1344
1.08972
1.03445
0.915428
1.14324
1.00258
0.980477
1.06955
1.05435
1.11357
1.00252
0.949112
0.881698
1.09676
1.10105
1.02022
0.938058
1.04198
1.00332
1.19515
1.30279
1.15143
1.09467
1.06742
0.98931
0.874022
0.99764
0.895999
1.1176
0.969926
1.11772
1.07205
0.882652
1.12383
1.22901
1.07179
0.908955
1.14665
0.928547
0.935694
1.06122
0.937809
1.01603
1.04445
1.03547
0.990963
1.09243
1.01617
1.11486
1.00896
0.644322
0.998919
0.913926
0.888438
1.07839
0.937135
0.919705
0.943663
1.05446
1.01694
0.945851
1.13664
0.896828
1.10832
0.919291
0.973531
1.09128
0.86406
1.03374
0.876306
1.00635
1.13011
0.934967
0.973425
1.01181
1.0195
1.18446
0.876748
1.08209
0.956436
0.89305
1.16293
0.99925
1.03056
1.05053
1.17134
0.99783
0.934249
1.10703
1.02725
1.09238
0.965874
1.06356
0.945622
1.01141
1.06108
0.826357
1.00335
0.97953
0.955486
0.998899
0.818125
0.95736
1.01725
0.910693
1.01633
1.0003
1.05637
0.984584
0.961226
0.929228
1.02991
1.15879
1.05257
0.990914
1.11619
0.795736
0.953305
1.07656
0.879477
0.933684
1.17306
0.891553
1.04366
0.907338
1.09402
0.889142
0.869684
1.14451
0.933547
1.04714
0.989922
1.06926
1.06173
1.16209
1.05585
1.01354
1.21186
1.07466
1.00052
1.0183
1.04938
0.942592
1.09005
1.22338
1.04185
1.15966
1.07017
1.02833
1.04815
0.894709
1.1185
0.925149
0.895146
0.931714
1.13789
1.02624
0.987293
1.16606
0.878475
0.906686
1.12105
0.904741
1.04405
0.993617
0.990564
0.981687
0.913184
1.03713
0.875399
1.07443
0.928246
1.08163
1.00028
1.09622
0.894056
1.23314
1.02525
0.996825
0.966469
0.888308
0.959327
1.12394
0.971992
1.07122
1.10546
1.08354
1.04256
0.889265
1.063
1.18265
1.07177
0.973143
1.27
1.05009
0.98223
0.997955
0.834169
0.956163
1.33376
0.995217
0.902737
0.957708
1.14076
0.952007
0.915918
0.93229
1.03306
1.05017
0.94769
1.04644
1.01218
0.965003
1.02186
0.84378
0.99575
1.01573
1.04835
0.864828
1.08362
0.911096
0.921339
1.05572
1.01594
1.02028
1.03947
1.11203
0.913622
1.17365
1.06709
0.965621
0.912091
0.98822
0.916714
1.01714
0.855676
1.09571
1.14443
1.1527
1.03668
0.873641
0.92104
0.955858
1.04883
0.900347
1.22124
0.984796
0.9594
1.17767
1.06895
0.91369
1.08874
0.975357
0.82336
1.00316
1.07495
0.911258
1.11476
0.975621
1.02453
0.969737
0.823398
1.0056
0.921146
1.01959
0.893576
1.05244
0.971524
1.04509
1.24229
1.15581
1.21424
1.0249
0.828947
1.16582
0.792213
0.963965
0.97534
0.962235
0.902773
1.05047
0.968471
1.07655
0.90981
0.883198
0.93791
0.991941
0.968222
0.978427
0.98801
0.904639
0.968883
0.857332
1.00965
1.07502
0.891691
0.98171
1.02166
0.888658
1.14494
0.845522
0.937013
0.998426
1.05317
0.971464
0.994039
1.30873
1.06691
1.03565
0.992078
0.954501
0.92567
1.02913
0.954877
0.944304
0.88723
1.06073
0.9421
1.18992
1.12406
0.980854
1.10024
0.99917
1.11321
1.01252
1.09213
0.90788
1.0528
0.870747
1.00367
1.00029
1.00666
0.998175
1.10379
1.01398
0.954327
1.04182
0.972887
1.06026
0.983053
1.00012
1.11276
0.958436
0.920816
1.29042
1.00633
1.20393
1.03792
1.0166
0.92811
0.968803
1.25364
1.00862
0.970192
0.940378
0.808891
0.942024
1.15006
1.08567
0.985302
0.918358
0.910405
0.957804
0.921009
0.952113
0.883346
0.931787
1.02061
1.1061
0.990144
0.970708
1.14477
0.781448
0.830123
0.958664
1.2138
0.958963
0.898989
0.941792
0.938649
0.919794
0.859453
0.983374
1.02797
0.999551
0.930964
0.911623
1.00885
0.931632
0.949159
0.878309
1.00084
1.15425
0.80654
1.12976
0.986731
0.956251
0.883374
1.17837
0.860336
1.01304
1.03611
0.943321
1.20965
0.983641
1.12585
0.869664
0.930873
0.956483
1.00655
1.24655
1.19944
0.931419
1.10547
1.01846
0.970277
1.03511
0.899002
1.02206
1.14103
1.03768
1.19923
1.05285
1.00189
1.02548
0.966469
0.92783
0.911765
0.876244
1.21432
1.0658
0.908359
0.942644
1.02014
1.06575
0.996007
1.01322
1.08417
0.994187
1.07092
0.907047
1.01023
0.998235
0.911493
0.798161
1.05021
1.02633
0.986461
0.977275
0.96518
0.883767
1.15837
1.01862
0.938676
1.00466
1.17044
0.894819
1.0078
1.03343
1.06054
1.08497
1.00698
0.962537
0.950508
1.0164
1.0887
1.1695
1.06498
0.994644
0.948608
0.940964
0.900727
1.04699
1.17527
0.949418
1.02215
1.02976
1.0773
1.02646
0.947798
0.838363
1.00229
1.16763
1.13724
0.959056
1.03988
1.16512
1.06509
0.950878
1.03571
0.955892
0.911313
1.03384
1.16572
0.82923
0.87638
0.854431
1.19043
1.04726
1.08061
1.07769
1.03288
0.984088
0.971907
1.01514
1.03375
0.849007
0.970862
0.960472
1.0113
1.09462
0.869898
1.05796
1.02269
1.02724
0.990905
1.01759
1.1382
0.964514
0.895689
1.00092
0.990506
1.16768
1.05966
0.856179
1.11807
0.972922
1.13857
0.831183
1.03162
1.00715
0.856882
0.828325
1.10027
0.996013
0.907724
1.07386
1.02569
0.858346
1.06351
1.0101
0.920825
0.779577
0.96209
0.99536
1.00029
0.975309
0.993891
1.05154
0.936769
0.929152
0.961444
1.11615
1.0261
0.839366
0.952285
0.956596
0.955343
0.849632
0.913539
0.922324
1.01582
0.944057
1.01419
0.991884
0.999127
0.895123
1.11159
0.894809
1.08791
0.895584
1.09105
0.970573
0.98253
1.0191
0.989088
0.794341
1.0447
1.07622
1.08701
0.930145
1.01993
0.998331
1.11198
0.969133
0.824164
1.1246
1.02648
0.920676
0.976114
1.0387
0.955853
1.05271
0.741088
1.00979
0.972535
0.911901
1.04386
1.02918
0.814549
0.944401
0.925822
0.888971
0.929189
1.03623
0.984824
1.05035
1.20881
1.07424
1.02561
0.738191
1.03778
0.858432
0.976378
0.976341
1.07359
0.953822
1.11056
1.03778
1.02002
1.17299
0.860985
0.858731
0.917572
0.978994
0.779117
1.09785
1.13725
1.02863
0.979094
0.959785
1.00863
1.02992
1.16121
0.930612
0.930381
1.04349
1.24426
1.01124
1.12799
0.925043
0.952634
0.800797
1.17156
1.01579
1.08196
0.805309
1.02919
0.911164
0.85212
0.936406
0.882324
0.981556
0.848759
1.08064
1.04324
0.800055
1.10385
1.14718
1.196
1.0029
1.04879
0.948034
1.04605
1.04099
1.03803
0.92063
1.10935
0.974556
1.10349
1.07295
1.15025
1.13733
0.976473
0.996166
1.13
0.942462
0.831891
0.820418
0.979181
1.13478
0.90478
1.01404
0.954421
0.92825
1.06608
1.01949
1.17485
0.866885
1.03833
0.99431
0.868719
1.05391
1.08688
1.16745
1.15384
1.01416
1.11338
1.04047
0.952368
1.02568
0.860397
1.02513
0.84217
1.05662
1.03956
0.929834
0.838626
1.06386
0.912282
1.00608
1.01125
1.20013
0.947356
1.16396
1.00744
1.12584
0.97448
0.967673
1.02089
1.08029
1.01597
1.02558
1.03076
1.13458
1.08604
1.03729
1.18401
1.03363
1.02484
0.984451
1.01481
0.911974
1.092
0.800086
0.982431
1.04248
0.919503
1.03012
0.758907
1.10779
0.993476
1.11466
0.922652
1.01091
1.01669
1.11486
0.80445
0.928218
1.15716
1.12797
1.09348
1.02709
0.923955
1.06215
1.01196
1.03634
1.19033
1.14314
1.12136
0.982722
0.967954
0.993798
0.873264
1.09397
1.13249
0.967635
1.07447
1.02427
0.801477
1.05554
0.935575
0.932503
0.928109
0.990896
0.736116
1.04551
0.818542
0.89602
0.919456
1.01751
1.09793
1.14456
1.03335
1.00733
0.923699
1.02707
1.09141
0.964019
0.981047
1.20873
1.17843
1.06077
1.07522
0.950382
0.927339
1.03253
1.01702
0.94094
0.975528
0.94995
0.858178
0.844007
1.09755
1.08668
1.07226
1.07216
0.883008
1.03767
0.912332
1.11644
0.985993
0.984343
1.0929
0.888202
1.06693
1.02306
0.899179
0.931673
1.08964
1.02476
1.01382
0.882478
1.05879
1.16855
0.829443
0.943306
0.897188
0.842434
1.06283
0.979798
1.13926
0.928726
0.956698
1.14793
0.899458
1.0437
1.15971
0.984046
1.08364
0.910532
1.07623
0.985504
1.08727
1.11105
1.02454
1.05993
1.10611
1.08501
1.11671
1.03873
0.93762
1.12061
0.858425
1.09978
1.07135
0.93248
1.22398
0.977699
1.08723
1.13181
0.969643
0.843449
0.94588
0.899456
0.899095
0.989542
1.21105
1.15151
1.18886
1.04527
1.14621
0.829955
1.01983
0.877191
0.90443
1.07161
1.24289
0.82346
1.06593
0.92833
1.01025
0.996049
1.00327
0.829895
0.889978
0.902902
1.01985
1.13641
0.982663
1.09302
0.970879
1.18118
1.07374
0.92117
1.1112
0.825432
1.15482
0.752606
0.863829
0.951971
0.827605
1.02028
1.09884
0.896346
1.03915
1.10812
0.917872
1.00507
0.907262
1.13497
0.934958
0.967126
0.913614
0.961136
0.901316
0.965788
0.924206
0.974814
0.910594
1.14953
0.99916
1.18799
1.01646
0.934686
0.822863
0.997625
0.855084
1.04822
0.981076
0.982895
0.942059
1.24331
0.964057
1.06033
0.871498
1.15676
0.958037
0.857237
1.14998
1.13113
0.886523
0.99701
1.06415
1.07942
0.996295
0.949267
0.933959
0.878688
0.874821
0.96997
1.03079
1.0105
0.884641
0.891871
0.905831
0.945525
0.970274
1.00808
0.926813
1.06555
0.95336
0.959295
1.05625
1.0555
1.07364
1.13814
0.967069
1.08333
0.802659
1.08683
1.01228
0.973879
1.09221
0.942426
1.04726
0.950389
0.850091
1.10029
1.23677
0.809561
0.920092
1.00926
0.784341
1.02669
0.889722
1.03411
0.826559
0.917374
1.20086
0.957416
0.993755
1.01766
0.947096
0.990728
1.13697
1.00836
1.01183
1.00732
0.99544
0.959236
1.05175
1.03638
0.943248
1.09982
0.960889
0.964832
0.893257
1.09394
0.972107
0.86112
1.0306
0.960355
0.87642
1.03134
0.998905
1.06308
0.982773
1.08688
1.12694
0.905878
0.986287
1.05682
1.02079
0.978994
1.06438
0.914399
0.962923
1.04324
0.92133
0.930742
0.856652
0.984555
1.05148
0.931805
1.08248
1.1647
1.13643
0.971833
1.07806
1.01421
1.04453
0.898117
1.08872
1.04605
0.931281
0.882302
0.983093
0.974333
0.968171
1.23686
1.00052
0.941077
0.94104
0.911166
1.18761
1.02063
1.02347
1.01257
1.10219
0.942989
0.82048
0.804581
0.945064
0.884145
1.17657
1.06373
0.9959
1.00759
0.859467
1.13129
0.881124
0.940021
0.906933
1.02549
1.18542
0.87758
1.09621
1.0368
1.0798
0.826173
1.02949
1.03436
1.03963
0.981636
0.93134
1.03719
1.1239
1.04071
1.01029
0.945389
1.04506
0.938683
0.883104
1.07871
0.886435
1.20701
0.874551
1.12562
0.91118
0.919942
1.01189
1.05734
1.04065
1.19672
0.881443
0.891181
0.972549
1.12181
0.996573
1.06734
0.927632
1.15193
1.02077
1.0735
1.04431
1.07648
1.1254
1.14047
1.04323
0.880844
0.905568
1.00347
0.865378
0.959129
1.16957
0.849481
0.893107
0.760993
0.922252
1.0409
1.02031
0.851773
1.03758
1.02977
1.15373
0.872513
0.931418
0.967964
1.16295
0.862259
1.09214
1.01266
1.059
0.990508
1.00992
1.00419
1.01699
0.982907
0.795096
1.01685
1.13247
0.800459
0.905053
0.881396
1.08763
0.962322
0.954412
0.911754
0.886183
0.979756
1.0296
0.896424
1.0227
1.03882
1.02082
0.958297
0.888509
1.07165
1.0172
1.13078
1.14211
0.980023
0.901414
0.802115
1.02392
0.928635
0.981116
1.02885
0.979512
1.2414
0.996679
1.13892
0.964767
0.817275
1.0404
0.925358
1.08511
1.15796
0.869273
0.997642
1.11732
0.956153
0.897635
1.16974
0.933234
0.867771
1.00499
1.02336
1.04226
0.95225
1.28108
1.04902
0.992436
1.03768
1.08493
0.984389
1.08342
0.9463
0.977975
1.03795
0.92003
1.13079
1.06635
1.00147
1.19927
0.927149
1.09826
1.08536
1.14561
0.996536
1.01773
1.07016
1.17439
0.979936
0.967073
0.932372
0.961425
1.11294
0.781516
0.979931
0.988043
0.991341
1.316
1.03705
1.05837
0.95642
0.983942
1.01596
1.04435
1.02544
1.0154
1.06758
0.999178
1.0725
1.03902
0.999844
0.987759
0.929268
1.01319
1.02412
1.20014
0.963705
1.3299
0.95474
0.939653
0.943551
0.971449
0.845718
0.941397
0.917258
0.756911
1.03587
1.08324
1.0658
1.0017
1.05806
0.91889
0.958083
0.924996
0.916263
1.11455
1.04152
0.818702
1.05658
0.949345
1.12193
1.14071
1.09218
0.93345
0.812592
1.15215
1.05433
1.01652
1.02117
1.07192
0.988355
0.938595
0.93224
1.12405
0.966541
1.17592
1.03217
0.901864
0.966756
1.07215
0.975253
1.2332
0.973356
1.12128
0.830543
1.02979
0.951288
1.05705
1.0956
1.05286
1.06084
1.14799
0.970692
0.990786
1.04006
1.06635
1.06545
0.889033
1.20942
1.01014
0.879228
0.95108
0.888324
0.958541
0.837775
0.9722
0.979816
1.02487
1.08621
0.897198
0.869578
1.02104
0.936512
1.09786
1.02889
0.961165
0.877781
0.860809
1.09306
1.23288
0.944906
0.885223
1.16392
0.987762
1.10719
1.10383
1.12379
0.945241
0.967036
0.902866
0.996907
0.938167
1.00534
1.00903
1.04966
0.96952
1.11841
1.1015
0.931983
0.832647
0.927024
1.00341
0.895985
1.03359
1.12434
1.22072
0.977192
1.08133
0.888484
0.999684
1.17777
0.996346
0.799746
0.948259
0.95587
1.02735
0.972877
0.883021
0.922773
1.07714
1.09371
1.06371
1.21813
0.863786
1.06726
1.01035
1.01644
0.850147
1.09658
1.12858
0.977059
1.04725
0.87216
1.02259
1.13884
0.927772
1.02212
0.926667
0.982337
0.957139
0.966081
0.960338
0.850419
0.985742
1.27497
0.978072
0.982121
1.3118
0.929452
0.848784
0.909995
1.03781
0.891253
0.942657
1.02584
0.986252
1.02889
0.955386
0.853791
1.08048
0.967155
0.976051
1.18111
0.861448
0.868367
1.15637
1.13102
1.0261
0.995825
0.970317
0.851912
1.04729
1.02273
0.984477
0.904205
0.964441
1.02883
1.07466
1.0084
1.02622
0.933104
1.14857
1.01548
0.964939
0.985819
1.11362
0.990085
1.13669
0.903206
1.16933
1.04902
1.09737
0.912737
1.05677
0.945599
1.02886
1.00235
1.29085
1.0955
1.11093
1.08866
0.943787
1.00023
0.917399
1.05513
1.06678
0.916981
1.11784
1.04783
1.1464
0.927908
0.814903
0.976045
1.00842
1.01892
1.0064
1.17302
0.944836
0.879078
1.0097
0.776839
0.887382
1.02715
0.95589
0.913191
1.01872
0.867591
0.797691
1.11481
1.01223
1.11077
0.808564
1.13449
1.05796
1.07587
1.20119
0.956938
1.10971
1.02054
1.03748
1.09977
0.941881
1.26467
1.02799
1.03842
1.02519
1.10826
0.932221
1.03528
1.1301
1.06808
1.03851
1.01591
0.897902
1.21783
0.947944
1.07871
0.956557
0.90977
1.13175
1.08678
1.14382
0.863296
