1.23356
0.34499
0.0739277
0.756492
3.65874
2.38108
0.0748581
1.21927
0.875673
1.92441
1.61908
0.0135325
0.209071
0.270316
0.0250696
0.613955
0.768919
0.50263
0.447196
0.477757
1.10527
4.51038
0.904138
0.697875
0.35813
0.334064
2.92751
2.8699
0.440218
1.13763
0.0172621
0.270039
0.0486565
0.308418
1.80028
1.69007
1.39693
0.166193
3.08049
0.729038
1.77027
0.248564
1.4646
0.931961
0.207308
1.24956
0.75926
0.0693481
0.133903
0.982467
0.00404062
0.160797
0.118287
2.77583
2.25679
0.463663
1.26811
0.763317
0.557793
1.17764
0.0108129
2.82827
0.429923
2.01217
2.21034
2.39281
2.12701
4.22823
0.0736197
0.513315
0.597426
3.56355
1.52734
1.40091
0.222427
1.24371
0.684126
1.54918
0.476785
0.427127
2.32564
0.948431
0.823489
1.83572
0.350874
2.29015
0.983622
1.04843
5.5275
1.32878
0.686711
0.997454
0.711358
0.0899275
0.40251
4.40642
0.0142641
0.648977
0.462843
0.28226
0.103767
0.381813
1.27509
0.383775
0.722102
0.423855
0.318545
0.254998
0.359199
0.985034
1.45035
0.0626461
1.24931
0.671598
0.102957
0.56133
1.99241
0.533339
1.0312
0.4574
0.541925
0.537541
0.093537
0.637196
0.6474
0.818049
1.10134
1.14532
0.336103
0.250796
0.415485
0.14064
1.62423
0.468873
0.171595
0.629342
0.299822
1.2854
0.966692
1.64092
1.22339
0.0253173
0.225539
0.370517
1.01629
0.741103
0.656713
0.987425
1.38516
0.280921
0.56504
0.00364471
4.82349
0.299435
1.97134
0.825737
1.06592
2.42173
1.54989
1.0453
0.126095
0.0550092
0.40337
0.766826
0.228007
0.426647
1.61755
0.377231
0.491262
0.767783
1.75431
0.518936
0.0832826
0.0998827
0.160071
0.509698
0.177967
1.14432
2.90873
0.627524
0.414056
0.3986
0.155248
0.572996
0.704938
0.229825
0.000405007
0.0993219
0.783972
0.0791892
0.651873
1.62543
0.120089
0.291005
1.03393
0.101012
0.201177
3.50114
1.40334
0.813595
0.370708
1.28942
0.370575
0.490788
1.33021
0.462934
0.494362
0.547419
0.0347346
1.30288
1.47834
1.31293
1.13132
0.48767
0.144523
1.97731
0.0236008
0.426487
2.42716
0.515856
1.80968
0.80387
1.42893
0.106612
2.06114
0.239002
0.21889
2.62367
1.85366
1.40452
0.873619
3.73476
0.357508
0.205505
0.797606
0.311513
2.24461
0.39319
0.177477
0.835563
1.55699
2.01811
0.0957089
0.283145
1.3369
0.224755
4.23363
1.19116
1.62391
0.935714
1.42568
0.461797
1.13175
0.704455
0.000526979
0.882606
0.000729012
0.256628
0.0121299
1.22971
0.571283
3.82152
1.25556
0.225436
0.310311
1.27882
1.20969
0.0329772
3.26897
0.362645
0.0108458
0.174649
3.51148
2.5239
1.60121
0.0132191
1.342
0.832777
0.0224561
0.600848
1.04715
0.238269
2.16778
2.67859
1.23923
1.52402
0.32241
1.10322
0.326229
0.369218
0.384072
0.122663
1.72221
1.77489
1.77211
3.00568
0.570136
0.328088
0.837837
0.0809987
0.118478
2.05159
0.503572
0.563614
0.0146156
0.0458154
0.884108
0.216707
0.741545
2.11682
0.391283
0.886612
1.18072
2.92961
0.0932807
1.15561
2.7447
1.81713
3.55441
0.980367
0.0209499
0.0618652
0.311084
0.967187
0.709808
1.30104
0.269125
1.35402
3.52158
0.657372
2.73022
1.3474
0.181972
0.842152
0.0424405
6.3613
1.75558
5.11636
0.105824
3.21603
4.32034
0.559167
0.254406
0.418645
0.921792
0.232539
1.50108
0.914563
0.46884
0.864094
0.98481
0.403773
0.950273
0.838432
0.306843
0.969001
0.258476
1.55691
0.280368
0.0953483
0.757931
0.583311
0.338156
0.564108
1.55681
0.0970637
0.0261324
0.0974747
0.0319943
2.40746
0.223477
0.18862
0.819399
0.37245
0.368108
0.763507
0.249705
1.81936
3.93001
1.73146
0.762698
0.127942
0.0180177
0.249111
0.258971
0.426567
2.59043
2.81639
0.0766489
0.651399
0.766332
0.195577
1.36342
2.0673
2.08842
0.469575
3.82059
2.1016
0.942059
0.692521
2.30203
1.0815
0.432792
2.70211
1.38192
0.0420601
2.22719
0.429072
1.02
1.40461
0.269971
0.912409
1.1388
0.607284
0.670898
0.610156
1.26963
0.389803
1.0292
1.10336
0.215613
0.527058
0.719644
4.78982
0.955265
0.663424
0.181983
2.89202
1.99926
0.111124
1.68743
0.26054
3.34984
1.25718
0.132864
3.82151
1.3206
1.65562
0.00889171
0.101038
1.18036
0.451736
0.417721
0.321538
2.45182
0.040531
0.731237
0.436884
1.19569
1.86764
1.48783
0.440669
0.0366034
0.377805
1.07012
3.10316
2.0349
1.09436
1.02879
0.925301
1.70078
0.12266
1.32869
2.47354
0.36925
0.813193
1.69467
2.54735
0.00787452
0.522823
2.06553
2.8895
2.21337
1.44627
3.38811
0.551689
0.054124
0.344064
0.767089
0.00712885
1.54833
1.39471
0.585802
0.833294
0.160627
0.19657
1.98223
0.0210012
0.246094
0.612527
4.32713
0.589499
1.90577
0.274677
0.912449
2.80961
0.763032
1.00348
0.206622
0.438468
0.0959605
1.72214
1.87618
1.00518
1.49165
1.36726
0.154258
0.0578245
0.378061
0.000838962
3.52057
0.168842
0.0617977
0.619939
3.27399
1.4422
0.769091
0.767333
1.48442
0.284807
0.819397
1.7408
0.973344
0.410331
0.414549
0.0479021
0.834673
0.329136
0.530572
1.92417
0.374043
1.58629
0.331419
0.663145
2.22612
0.180595
1.23391
0.828256
0.958706
2.80557
1.66523
1.08233
0.805762
0.316155
1.04409
0.120797
2.02469
0.860533
0.850268
2.69435
0.117151
1.91962
0.109753
0.218862
0.97709
1.08184
0.0320028
5.81949
0.321427
0.0962584
0.239934
0.956129
0.815395
0.667844
0.635585
0.219166
0.732643
0.622456
0.0988655
0.73087
0.0667733
0.0198213
1.82383
1.22452
1.91418
2.08092
0.777191
1.34804
0.864563
0.496162
0.618068
0.801084
4.37624
1.34981
0.570515
0.381096
5.44777
1.0959
0.472417
0.734084
0.131451
0.006609
1.26203
0.469549
1.09409
0.0560266
0.00711985
1.22195
0.256564
0.0208044
0.0195035
0.377198
0.202439
2.83174
4.06172
1.09641
0.0573952
0.0827885
0.810258
0.659864
1.09426
0.361883
0.297658
0.00112315
0.250258
0.702604
0.680126
0.462904
0.382921
0.524503
0.161723
0.691344
0.352075
0.182684
2.27677
1.41014
3.21095
0.004531
0.981059
3.06918
0.560076
0.721523
0.410546
0.231221
1.02662
1.11071
0.0198018
0.269748
4.92431
0.438328
0.681959
1.8721
1.34718
0.561436
0.587039
0.316837
1.01073
2.44052
0.688832
0.517424
1.41861
0.363653
0.482588
0.189352
0.773746
3.96703
0.348632
0.223039
1.11334
0.0872355
0.537849
4.65891
2.16227
0.511608
0.185779
2.87095
2.33392
0.250969
0.983166
0.30336
0.512019
0.748675
0.645375
4.45345
3.33848
0.815662
0.0597555
1.89395
0.439667
1.99284
1.55505
0.0340468
0.596271
0.331731
0.927121
0.595508
1.0806
0.932936
0.0621599
0.163452
0.473128
0.661298
1.97851
0.789999
0.942209
0.669548
1.88795
0.679917
2.43094
0.656908
2.23357
0.99722
0.565848
6.02815
0.590293
0.0562851
0.189045
0.171702
0.470944
0.001766
0.0970502
1.72088
0.933583
0.585426
0.273678
0.75219
0.472852
1.00879
1.59052
0.175364
1.16524
1.52277
0.810213
2.32615
2.53252
0.314515
0.336781
0.66132
0.326749
0.82571
1.05225
0.147252
1.03514
0.095004
0.517698
0.21437
2.07278
0.793091
0.941746
1.35021
0.163023
0.249093
0.553123
1.29373
1.60063
1.11234
1.63069
1.87991
0.156345
0.872899
0.506026
1.07075
0.54293
0.302661
0.305608
0.599543
0.183794
1.00378
0.173058
0.730576
1.32714
2.2904
0.824442
1.22333
0.826218
3.43608
1.56298
0.272882
0.976714
1.33143
0.350996
0.842797
0.522177
1.79189
0.0716919
0.482593
0.599591
0.205849
0.136627
0.947946
0.485823
0.272927
3.5402
1.10429
0.398535
0.810426
2.62317
0.541628
4.81648
0.689937
0.569103
1.04077
0.0914792
0.49669
1.80593
1.09907
0.116482
1.66611
0.608425
1.97876
0.00261963
0.110302
5.26006
1.27627
1.54784
1.50242
0.154301
0.394836
0.617008
1.38951
0.432761
0.393033
0.0629341
0.981393
0.824348
1.26062
0.100065
1.48434
0.290247
2.14299
1.85508
0.424998
0.172338
0.395233
0.61379
3.02201
0.847328
1.17938
0.313648
2.86081
0.141016
0.728102
6.30806
1.84067
1.66151
0.694647
0.608116
0.770408
0.545509
0.173776
0.0250205
0.861274
4.50734
1.47641
0.485503
0.245242
3.5289
0.491357
0.58822
0.0498711
0.281581
0.19594
0.77994
0.191453
0.911723
2.04766
0.366822
0.2058
1.59723
4.07041
0.0786072
2.61835
0.144581
1.36199
1.15707
0.454074
0.501646
0.234252
0.806472
0.283352
0.868007
0.467503
0.0719792
1.46663
0.713671
1.53215
2.11146
1.37532
1.28589
0.196957
0.325336
3.23555
0.452511
0.234249
0.999468
0.0558392
0.113932
2.12808
2.85123
1.98273
0.453545
1.20841
3.23388
3.0118
0.397567
1.36675
1.71617
2.21018
1.49489
0.29642
0.239535
3.12261
0.58926
1.02106
0.922988
0.0552388
0.341764
0.917843
1.38045
0.535994
1.49176
0.0628547
0.64484
0.683813
1.47663
0.966861
1.62032
0.440312
0.673085
1.05378
0.634302
0.171341
1.21649
0.716335
2.28714
0.126893
0.391087
0.218511
0.936864
0.0341881
1.61682
1.00902
0.13065
0.0625524
0.242176
0.872445
6.97114
1.62241
2.57607
1.77009
0.805759
0.72835
3.17704
1.51782
0.484655
0.786547
1.26515
1.68183
0.431214
1.00696
1.89621
0.81076
0.180299
1.20354
0.601413
0.243641
0.442265
1.0946
2.62071
0.327653
1.06797
0.609895
0.223188
1.33865
1.04542
2.27192
1.17099
0.0228681
0.24086
0.419308
2.48963
0.0133882
0.20694
0.671615
0.194137
2.12538
4.02249
2.90359
0.0330122
1.74349
1.23221
0.199846
2.81872
0.519175
0.325011
0.508625
2.90673
0.689146
0.0575281
0.0767473
1.74625
2.87306
0.108445
0.797813
0.299699
0.751859
0.71608
0.692069
0.668222
1.22495
2.62455
0.807863
1.31119
1.57912
0.175302
0.4442
0.408814
0.593445
1.28411
0.0578023
1.33876
0.0403287
0.021083
0.272794
6.87851
1.54761
0.306623
0.0645857
0.864841
1.42891
0.740455
0.126213
0.725518
0.497968
2.61002
0.167489
0.128482
0.0709532
0.0161842
0.742714
0.288901
0.694194
0.960483
1.42957
0.226355
1.1442
0.212597
0.960938
0.0203363
0.890853
0.0635267
2.08587
1.50339
1.47346
1.5036
2.13676
0.0816802
0.475914
0.602153
1.64705
0.0343569
0.0746633
0.624498
1.68223
0.649341
1.59888
0.573653
0.391084
1.1867
0.494038
1.81675
0.407097
1.90292
0.0754556
0.825864
2.3452
0.406582
0.550897
0.0986975
0.7013
2.41701
1.01579
1.06922
1.19506
1.99166
1.15751
0.696589
0.821157
2.02606
0.267818
0.143508
0.291977
0.46498
0.236568
2.68543
0.330662
0.881198
0.276557
2.83914
0.132529
0.209505
1.28163
0.446716
0.289905
0.861457
0.043789
1.4903
0.0134396
0.58232
3.68961
3.85082
1.20997
2.88676
0.0777257
0.296725
0.362112
0.577474
0.0846268
0.676067
0.363543
0.00856215
0.0592908
0.0895758
0.713475
5.87228
1.66599
0.353918
0.752635
1.45696
2.12617
0.911744
0.64161
0.294958
0.0747574
0.853154
3.51042
0.394531
0.952121
1.99405
3.16719
1.12894
0.0736786
1.40294
0.59912
0.242178
0.210816
0.304153
1.21119
1.42066
0.0136201
0.961184
0.920924
2.27594
0.574714
0.74378
3.05578
0.663325
0.945964
0.037513
0.155703
2.28591
0.418726
0.579736
0.0206288
1.40742
0.162773
0.737833
0.145445
1.48898
1.13588
1.75454
0.679959
2.46478
0.512112
2.70476
0.0763103
0.968223
0.620635
3.49635
0.504396
0.0924778
0.327414
0.192821
2.61387
4.42566
0.0759557
0.668896
1.54064
0.324355
1.63771
0.365894
2.34374
2.92558
0.419519
0.879983
0.0630752
0.150982
1.06569
0.364701
0.0911582
0.804498
0.51442
1.47789
0.903403
0.00941213
0.482686
1.36571
2.46982
0.281425
1.10195
0.682038
0.221079
0.0193258
0.28309
1.56364
2.89155
0.869494
3.51709
1.03346
0.501956
0.282242
0.674759
0.41384
0.350085
0.431945
0.767151
0.981044
0.686542
0.600052
2.36819
1.03179
1.45267
0.51901
0.329946
0.839487
0.0825788
0.531368
0.781883
0.799873
1.19898
0.67938
1.25412
0.467385
0.87101
2.29531
0.775516
0.479564
0.467606
0.111224
0.945499
0.770909
0.673162
0.132865
0.252688
1.00355
3.0297
1.04533
0.878266
0.21201
1.76227
2.72892
1.74578
4.18622
1.53521
0.420058
1.14227
0.559144
0.728673
0.17946
0.672714
0.832878
0.341932
3.0892
0.230111
1.88049
0.840251
0.484846
0.851113
0.188196
0.720173
2.25753
0.113423
0.29486
0.037969
1.62692
1.11434
3.09294
0.00306169
0.416394
0.620244
1.21125
0.213607
0.321786
0.322989
0.194124
1.08434
1.57559
1.88534
0.543627
0.570174
0.288984
0.692952
2.13714
2.1419
0.0216203
1.29117
1.73639
0.176155
0.10895
2.808
1.4514
0.574153
0.61085
0.388009
0.758936
3.82454
0.686809
0.467434
0.145567
0.416345
0.00176911
3.81594
0.345433
0.56854
0.589923
1.38192
1.16249
0.25202
1.32386
0.510546
2.32983
1.60982
0.393858
1.18871
1.62718
0.902674
0.277017
1.92863
0.728545
0.372531
0.585631
1.04391
0.314971
1.87073
0.258209
3.68942
0.323881
1.34391
1.48276
0.893131
1.15463
1.58146
0.997299
0.755698
2.4717
0.247065
0.192734
0.514381
0.486046
0.175397
1.75462
0.34087
2.35054
1.64269
1.60777
1.76342
0.646694
0.646556
0.540986
2.45333
1.48031
0.548692
0.59768
0.238605
0.643629
0.896913
1.7534
1.28483
0.767728
0.755573
0.605757
0.316387
0.222935
0.256302
0.28214
0.0903141
1.00746
0.2086
0.0345786
0.60033
2.02579
1.45097
0.776564
0.283824
0.539051
2.77422
0.358233
1.09894
1.7735
2.75122
0.586495
0.5598
0.0659422
0.514843
1.86977
0.902756
0.0905045
1.96711
1.61779
0.240069
2.13546
0.566217
0.483514
0.114634
0.874258
0.76673
1.26137
0.491213
0.0896227
0.158337
0.143948
2.43322
0.436173
1.67992
0.302587
1.21785
0.980068
0.392974
0.690326
3.8569
1.73567
0.866498
2.20005
0.392567
0.195698
0.281759
0.181569
5.80603
0.020588
0.0164392
1.97818
0.123046
0.264031
0.319867
0.0579364
1.21292
0.0651065
0.868647
1.87195
0.486371
0.13135
0.346193
0.596887
1.18462
0.124882
0.976883
0.52147
0.201844
0.0711701
0.501534
0.348136
0.131154
4.78649
0.616955
0.389375
1.89249
0.849382
0.171549
0.01061
0.706904
1.35289
0.12897
0.935008
0.142754
0.104491
0.350879
0.13183
1.75152
0.0231682
0.0121465
1.16474
2.24209
1.03968
0.67284
1.3941
0.0466142
0.677265
0.322575
0.731946
0.187878
1.31546
1.61432
0.480452
0.269027
0.356414
1.37874
0.472832
0.246806
0.540936
0.248451
0.534894
0.89761
1.09297
0.11071
1.38952
4.2381
0.314118
0.936367
1.41748
1.55412
0.992018
0.0229825
0.116226
0.659438
0.928495
0.849867
0.179583
0.432387
0.538351
5.4026
0.447866
0.638691
0.0601264
1.0588
0.191225
0.0249179
0.360952
1.65126
0.816759
4.82625
0.380449
0.896376
0.406326
0.599882
0.936201
0.938856
1.75871
0.467474
2.4263
0.562657
2.19492
2.31749
0.312777
0.00912321
0.908758
0.882521
0.200681
1.18671
0.402712
0.328173
0.78039
1.2056
5.65815
0.0270684
2.34126
0.0263094
0.102108
0.172616
0.936731
1.19403
1.59172
0.188508
1.21126
0.291299
0.290647
0.233489
0.355712
0.672716
0.515553
2.4632
0.121612
0.136589
0.364805
0.0506853
1.55266
0.161015
0.356673
1.84308
0.173933
1.25749
0.23263
0.336121
2.23269
1.24542
2.02448
0.246244
0.529779
1.44207
0.286617
0.306316
1.02708
0.0730115
1.33813
0.0321549
2.52348
0.331395
2.29623
3.44772
2.83208
4.34177
1.45422
0.06335
1.93633
0.0312177
0.986019
0.444358
0.778828
2.2154
0.389277
1.06753
0.622777
0.980703
0.618706
0.612771
0.0849265
0.998174
1.99468
1.04752
1.71579
0.844725
0.562796
0.732377
1.28633
0.706504
1.50955
1.10723
4.14108
1.14076
0.095904
1.26145
1.74939
0.814096
0.132006
4.5647
0.509408
0.0482511
0.146283
3.48382
0.267664
0.448441
0.290814
6.28864
2.16739
0.00773512
0.689961
1.29928
0.0806543
0.475106
0.477497
0.504979
0.227591
0.496635
0.7701
1.9191
0.58344
0.278564
1.86878
0.340226
0.0184402
1.30041
1.15935
0.0780879
0.0102203
0.459738
0.322848
0.633307
0.129956
0.0632286
0.665562
2.38013
0.885467
1.14386
2.73581
0.53814
4.40908
0.792895
0.1056
0.538612
0.760708
0.502433
0.460712
1.35926
0.145222
0.0858851
0.392186
1.35953
0.410697
0.396789
2.4124
0.226848
0.466042
2.12751
1.06836
2.35708
0.0395159
0.624087
1.58096
1.23042
1.47678
0.131966
0.314563
0.0628237
1.54076
0.223952
0.671738
0.333955
0.206028
0.841542
1.1422
0.162264
1.07796
0.0148282
0.494355
0.488257
0.337531
0.457609
0.768462
0.956044
2.17004
0.201648
0.293774
0.851472
0.548074
0.238479
0.327192
1.45822
1.30361
0.879133
1.15532
0.189489
0.166472
0.559616
0.614916
0.294067
1.38378
1.0333
0.827827
0.317496
0.0127161
0.966614
0.175285
0.116284
1.09728
4.92094
1.02222
0.12985
3.05921
0.0908357
0.513368
1.8843
1.5888
0.880559
0.638583
1.99817
0.0452943
0.484645
0.586148
0.258677
0.00311993
1.07386
0.794418
0.49072
0.281773
0.0851631
1.23671
0.561383
0.22219
0.190708
1.80314
0.0475228
0.816707
0.0947204
0.611512
1.04048
1.35904
0.225884
4.338
0.00530676
0.715466
1.32801
0.689684
0.466988
0.912479
0.0623263
0.241552
0.03427
1.50227
0.18041
0.0788188
0.0207802
1.53529
3.04902
0.257122
1.2359
1.37211
1.06632
0.760693
2.53125
0.757085
0.449976
1.41186
0.214513
0.0995159
2.08102
0.900886
0.27402
0.935641
0.682101
4.42292
4.6327
1.62332
0.334596
4.19293
2.14665
0.80048
1.15997
1.14123
0.58548
1.06768
0.661205
1.13954
0.0591444
2.78599
2.23176
2.98761
0.0792779
0.0508917
0.768674
0.409598
1.82052
0.678597
0.0884285
0.760805
0.461318
2.10087
0.0726322
0.550168
1.65619
0.920235
1.28284
2.35433
0.0430179
0.602598
0.358556
0.221207
1.01367
1.83841
0.383403
1.8601
0.692512
1.3081
0.0225418
6.03416
0.346249
0.319392
0.779754
3.37329
1.33678
1.04889
0.0577201
0.401546
0.801169
1.10133
0.384086
0.435506
1.14868
0.135592
1.24026
3.57465
0.479668
0.420483
2.66516
1.23491
1.30586
0.119054
0.430346
0.967833
2.03243
0.102193
0.251274
0.560343
0.0213155
0.297248
0.428632
1.52816
0.575004
0.910183
1.36694
1.11129
3.13155
3.78083
0.540856
0.36302
0.3157
1.43259
2.00452
1.94261
0.348749
0.208408
0.797483
0.509817
0.108054
2.73701
1.21367
0.0817954
0.342091
1.00932
1.15183
0.233011
1.59623
0.227387
0.132489
0.969695
0.399059
0.878356
0.8867
1.19546
0.745941
1.75219
2.84461
0.256668
1.17839
1.08965
0.522711
0.305829
1.32884
1.1839
3.75804
1.85868
0.28819
2.07629
2.05361
0.853448
0.938783
1.29421
1.15197
0.491992
0.194762
0.202508
0.26244
0.10147
0.270371
0.541555
1.12235
0.746556
0.0708988
1.20464
1.0039
0.383643
0.405969
0.161143
1.00894
1.10942
0.296205
0.269144
2.2461
2.83095
6.28752
0.686143
2.34908
0.261519
0.776651
4.34009
0.430954
0.312207
1.35947
0.983923
0.29576
1.18373
0.0818712
0.298019
1.97138
1.09237
1.66834
1.60249
0.393298
0.461481
1.39975
0.635713
2.26137
0.313444
1.04385
0.279435
0.759693
0.734652
2.92942
0.275209
0.132493
0.189697
0.380637
0.0126047
0.44362
0.27243
0.477772
0.0141273
2.80285
3.46495
0.982723
3.95231
0.484916
1.21217
0.53519
1.09713
2.95021
3.46664
1.46225
2.64837
0.970038
0.574012
0.0403138
0.809125
0.894616
0.617207
0.489843
0.811939
0.419607
2.03789
1.07135
1.5971
1.59178
0.150633
0.152576
0.517521
2.11094
1.82829
1.28745
0.0128827
1.65631
0.365131
0.0793983
5.16388
0.981019
1.35653
0.371046
0.536557
0.246502
0.788067
0.501576
3.10735
2.35587
1.40851
1.28559
0.00071273
0.84428
0.609089
0.856847
0.976159
0.28342
3.66021
0.629954
0.876658
2.721
0.65151
0.235337
0.620034
0.135227
0.55941
0.00222407
1.10326
0.380372
0.103837
0.491039
1.24322
0.354643
1.2753
0.0478666
0.763498
2.21675
0.863797
0.0347159
2.53574
0.579278
0.739909
0.631739
0.731039
1.14956
2.98587
0.180814
0.615319
0.0235411
0.404325
0.225709
0.283621
0.779586
0.299427
1.33594
1.28192
0.0858212
1.38222
0.0869071
0.760511
0.0166183
0.0175879
0.601128
0.805777
1.74287
0.0762605
4.50756
1.75454
0.107207
0.573833
1.23143
0.530016
2.78521
0.317572
0.295193
0.572051
1.16335
0.448034
1.25458
4.93623
1.85328
0.297974
3.6709
0.284498
0.051359
1.7501
1.25109
0.487344
0.179139
0.0565597
0.626609
0.588207
1.25073
1.99767
0.265917
0.520658
0.255136
1.23695
4.35403
0.815243
0.9712
0.856253
0.407123
0.696645
0.722931
1.52665
0.831031
0.400517
1.17566
0.802873
2.45174
0.814999
1.30189
2.83676
1.2108
0.142132
0.811893
0.726249
0.357662
0.0426869
0.296011
0.728883
1.18611
0.137707
0.799908
0.635044
0.920721
0.309695
1.53894
2.92615
0.298156
0.0611559
1.97608
1.64443
0.799925
0.00764992
0.0453697
1.31892
0.323654
0.422457
0.148594
1.06193
3.32656
0.581201
1.10917
0.0105842
0.913777
0.269938
1.85648
0.263269
0.396602
0.222628
1.0607
2.06224
0.0059049
3.59033
0.146867
0.233693
0.70921
0.582467
2.16943
0.571871
1.34772
0.328024
0.183444
2.79253
0.148228
0.0437535
2.82242
0.0963503
0.36869
0.198447
0.399272
0.0193723
1.65479
0.665109
0.544615
0.85689
1.04116
1.68805
0.22425
2.1883
2.22648
0.970874
2.52673
0.374557
0.217788
4.26269
1.25607
0.136473
0.728592
0.359767
4.98432
0.0879
2.6462
0.288323
0.517743
1.50156
0.0468627
2.12516
0.421803
0.300742
3.49129
1.46125
0.666469
0.331941
0.242777
1.37298
2.72566
1.47424
0.0417696
0.929918
0.0208594
1.30318
0.0647099
0.617823
1.07574
0.95655
1.2643
2.79672
0.463766
1.20126
1.17851
0.896404
1.70356
3.38023
0.204254
0.673969
1.74851
0.692503
0.0207921
0.127735
1.30139
2.86227
0.0488972
0.97865
0.435526
0.790161
1.23479
0.223518
0.677256
1.55581
0.947226
1.70452
0.216243
0.698319
1.13792
0.233387
0.224206
0.744627
0.00560371
1.13606
0.322001
0.203335
1.74849
0.343507
1.00767
0.255389
0.731621
0.408596
0.275237
0.499838
1.78708
0.169995
2.45652
1.49693
0.96839
2.11976
0.405954
1.13538
0.442095
0.717691
0.633703
0.516589
0.258686
0.817508
0.346746
0.723622
0.301043
0.573582
0.226838
0.449333
0.0246675
0.988024
3.51657
0.95458
0.0296668
0.0331802
1.46141
3.63861
1.948
0.223999
0.614055
3.25964
0.11289
3.15898
0.709473
1.15806
0.897846
5.31987
0.19084
1.31266
0.523553
1.94125
1.53429
4.43271
0.182927
1.12956
0.769027
0.775012
0.00407968
0.440131
0.178414
2.17645
0.0464416
0.614223
1.1829
0.507267
1.10149
0.0824408
0.274126
0.195374
1.51423
1.47098
0.0351748
0.505888
1.40474
0.155036
1.35626
5.23121
3.2779
0.161885
0.195953
0.635756
1.49298
1.56956
0.00156859
0.0259879
0.641253
0.0505983
0.807751
0.917233
2.32537
0.187826
1.89449
0.509067
1.04982
3.09186
1.34983
0.750995
1.05173
1.87333
0.876089
0.774362
1.33052
0.125576
0.347556
0.548577
0.00704106
0.465294
1.34253
0.313121
1.66703
0.377249
3.42569
0.0333009
0.483964
0.211713
0.107936
0.115819
0.333543
0.339683
2.6917
0.976807
2.88618
0.278528
1.02315
0.086005
3.19488
0.0419942
2.01716
0.555189
0.0752938
4.38486
1.72406
0.460717
1.32917
1.41524
1.05452
0.68785
0.0508076
0.0276715
0.20109
2.388
0.0228643
0.00337749
1.49814
1.16816
0.438883
0.254111
2.51408
0.574542
0.144296
2.12439
0.80291
3.0064
0.561419
0.0578773
1.52879
0.889554
0.0930283
0.00568107
1.30402
0.49178
0.228506
0.0300144
0.930563
0.602048
0.735713
0.968129
0.250167
0.502541
0.298962
0.242232
0.525327
0.649061
1.29443
1.21799
0.339007
1.31708
0.0565132
0.51342
0.265874
1.59439
0.27931
1.42582
1.2581
1.2856
0.478333
4.65382
0.827945
2.02593
1.79579
2.22183
0.450327
1.07219
1.81827
0.832265
0.738494
2.33669
0.23651
3.45388
1.23167
0.15363
0.039464
0.0636458
2.39095
1.51592
0.630494
4.42669
0.00638894
0.65108
4.17547
1.08755
0.773635
0.0472596
1.47038
0.360797
0.0650991
0.145317
0.0550539
2.27556
0.49195
0.26785
0.859464
0.0768277
1.22453
0.114285
3.94408
6.12792
0.825209
0.0172548
0.547579
0.261928
0.90594
0.401317
0.30617
0.38133
0.277569
1.12626
0.115173
0.357527
0.192825
0.492487
0.753467
0.75428
0.626686
0.084178
0.0494331
1.42989
0.320836
0.792293
0.817551
0.655204
1.55978
1.15296
0.548178
0.0146347
0.167669
0.795255
2.3431
1.86488
1.39817
0.116272
2.02668
1.47645
0.967864
1.56424
0.380185
0.306307
0.465738
1.00972
0.595917
0.56491
0.256586
0.363221
0.808878
0.36581
2.06808
0.354533
1.61063
0.122769
0.835069
0.643404
0.847908
0.659959
0.402183
0.58699
0.823601
0.218887
0.171967
1.03402
0.776756
0.896365
3.18444
0.43477
0.574878
0.895799
0.759992
1.01663
1.31308
2.66056
0.52106
0.0472051
0.860548
1.09221
1.47887
1.61897
1.94243
0.414777
0.927152
0.806864
0.392939
0.462228
3.58199
0.576702
0.169987
1.12663
0.576007
1.47781
1.96346
0.273542
1.96105
0.605677
0.265275
0.107937
1.82247
0.910674
1.34675
3.07575
0.164442
1.14826
0.57788
0.93421
1.41114
0.286985
2.96808
0.931264
0.148097
1.08956
0.6201
0.400274
2.312
0.926807
1.08638
0.308138
0.5386
1.15484
1.14553
1.06139
0.147413
5.16836
1.11794
0.213153
1.45925
0.880164
1.83162
0.876573
3.64283
0.218665
0.151207
2.83985
1.2252
0.232353
0.949077
1.11438
1.24567
0.399814
0.209762
1.18539
0.561608
0.630139
1.51968
1.20372
0.673815
0.0514109
1.33395
0.557288
0.852318
1.482
1.8711
0.573374
1.24635
1.54803
2.19951
0.00767244
0.641851
3.35848
0.203567
0.11364
0.172063
1.65526
0.301411
2.93232
0.624031
0.11926
0.122392
1.25269
0.559696
1.01746
0.98148
0.492671
0.157634
0.345072
0.945393
0.0161191
0.399678
1.4513
0.638225
2.91658
0.731802
0.0265385
1.59544
2.03942
0.319158
1.20285
0.218624
0.219191
0.516315
0.263848
1.97127
1.1459
1.89392
0.232474
3.23348
0.0905394
1.05658
0.560536
0.790142
3.4659
0.392506
0.0682973
0.777526
0.0387892
0.389226
0.773734
4.99334
0.625287
0.0171092
1.72989
2.19994
0.479357
0.183544
1.9373
0.445692
1.82552
0.270698
2.50156
0.865406
1.08052
0.940538
1.34616
0.496911
2.14988
1.55847
0.0727082
1.60773
0.799739
1.09463
0.221029
2.25404
0.05237
2.30231
0.0522475
0.173903
0.556401
0.250671
2.07081
2.48572
0.486838
2.01725
2.36221
0.195256
0.221362
0.698507
2.95239
0.445645
0.326798
1.29987
0.321268
0.0401906
1.21532
0.928456
0.202625
1.32526
0.0389636
1.53398
1.46288
3.43107
2.09547
0.827914
1.26476
1.56703
7.02477
3.3131
0.40726
0.443901
0.00508162
0.816539
0.334499
2.12781
1.92761
1.04546
0.24955
1.34834
1.01853
0.896046
0.382592
0.0545284
5.26144
2.15366
0.68791
0.787837
0.255844
0.262729
1.82446
0.151942
3.26579
1.05183
0.157569
1.19685
0.173381
1.94703
0.169069
0.444884
0.965793
0.324251
0.61003
0.105703
1.5859
0.305024
0.290761
0.361552
0.397339
4.42368
2.2523
0.250993
0.0108035
0.501219
0.268118
1.06463
0.335687
0.092477
1.20565
0.229724
0.101368
0.843259
0.545913
0.461483
0.290758
0.39466
0.340894
0.167779
0.200191
0.885887
0.759182
1.11368
0.147082
0.944258
5.03214
0.914157
3.84842
1.55723
0.0487822
1.52567
0.409152
0.574
2.02604
0.707637
0.541731
0.439104
0.0111253
3.53818
0.460182
0.108975
0.127826
1.11065
1.21852
2.21186
0.818771
0.283196
0.148172
0.153711
0.343869
1.5937
0.662766
1.15873
0.0694459
1.65226
0.16335
0.245695
0.77146
0.234986
0.177839
3.10126
0.146231
0.236314
0.265194
0.224845
0.327094
1.2021
2.47709
1.5688
1.06852
0.13704
0.963289
0.134253
0.0933533
1.43831
1.17225
1.01978
2.21056
0.868977
2.11069
0.307168
0.00760919
0.248976
0.448435
0.997206
2.27097
0.719579
2.2478
1.25701
0.546153
0.0431736
0.397466
0.393147
1.22286
1.34048
0.00357574
0.774969
0.415686
0.0778283
0.0990008
0.0658364
0.520798
0.52886
0.908924
1.40263
0.297171
0.396546
1.95426
0.625573
1.46106
0.55946
1.2959
0.344465
1.62984
0.642719
1.52058
0.494754
0.168655
0.604287
1.60795
0.490583
0.196013
0.368619
0.60253
0.142838
0.370749
0.897261
0.128834
1.70206
1.22971
0.0132202
0.098427
0.773579
0.115263
0.217238
2.3117
2.04113
0.050823
0.380813
0.309821
0.336245
0.888696
1.24634
0.566828
0.0237803
0.350349
1.92773
0.282159
1.0575
0.552868
0.0870039
0.456727
2.27575
1.40393
0.489663
1.71461
1.35439
0.988573
1.3558
0.618668
0.27024
0.418521
2.3493
0.0515115
0.418386
0.669399
4.37143
1.63692
0.569085
0.464546
0.101178
0.688226
0.498882
1.3361
0.209395
0.383706
0.49782
0.082611
0.193732
0.84795
0.430217
0.805138
0.110243
0.411208
0.533429
0.605519
0.976276
0.00348065
1.02988
0.419746
0.545971
0.319647
0.244757
1.97494
0.03471
3.46208
2.27948
0.308007
0.822789
1.26169
0.215346
0.804197
3.87964
0.116325
0.90848
0.157966
1.46488
2.25202
0.807784
0.613687
0.731335
0.931392
0.625436
1.81558
0.758645
0.19101
0.166611
0.99954
1.88748
0.758683
5.32431
0.145751
0.682005
0.225773
0.599117
0.488408
0.58291
0.0274772
0.299186
0.167081
0.220231
0.558913
0.37001
0.7623
4.42651
0.310198
0.526268
0.646427
0.210497
0.0379399
0.162688
0.174105
0.599787
2.03557
0.144072
0.857573
0.445291
1.8552
0.413289
0.134103
0.997783
0.265933
1.21184
1.59896
1.16085
0.454799
0.958959
2.11255
1.42431
0.371619
0.254131
1.27277
0.0307933
0.198523
2.20434
0.350988
1.83469
0.791107
0.307558
2.40902
0.0399495
1.26693
1.29812
0.0411397
1.31312
0.138926
0.033166
4.30907
1.76142
2.35583
0.827941
0.565101
0.290432
0.304443
0.0308193
0.617239
1.05681
0.671856
1.43
3.54652
0.0246397
3.61967
0.287479
0.114418
0.663108
0.746676
0.588943
0.765098
0.1793
2.69777
1.52961
0.836479
0.138618
0.345382
0.391777
1.56098
0.658661
2.3535
0.0543511
0.679035
0.349519
2.32848
0.864327
0.978127
0.520304
1.61587
1.43757
2.82199
2.33165
0.098733
0.412798
0.338183
0.63452
1.79115
0.152387
1.01272
1.74619
0.00281556
0.290947
0.844285
2.77749
3.97491
0.0726476
0.755492
0.254692
0.406625
0.254285
0.979006
1.88804
2.26551
0.316321
0.472783
1.21454
0.0639305
0.677205
0.0123374
0.994447
0.590072
2.25076
0.228191
0.876771
1.33704
2.55563
0.297087
0.343983
0.50032
0.783095
0.300437
1.6222
0.928393
1.00881
0.703384
0.170933
0.187975
0.0560066
0.687661
0.127191
0.0371591
2.03102
3.46925
0.130241
0.430873
0.226423
1.60289
1.0649
0.348226
0.472242
0.787271
0.619367
0.312277
2.03463
2.94895
0.110464
0.372775
0.856756
0.553176
0.492504
0.350426
0.237726
2.24353
0.508716
0.0660355
0.171912
0.974789
1.30556
0.567383
2.03478
0.0425459
0.0692192
0.170695
2.72102
0.147967
0.432785
0.431919
0.424511
0.20512
0.0906238
0.69524
0.354103
3.05873
0.381787
0.824024
0.427881
0.350783
0.962108
0.499612
2.16062
0.281393
0.0937134
0.223262
0.0838609
0.961248
1.13994
2.70959
1.32026
0.0272067
0.895323
1.93193
0.31184
0.684732
0.825009
0.740331
0.860935
0.0018326
0.550724
0.0429944
0.0169311
4.16067
0.779022
0.208046
1.41219
1.01311
0.108237
0.302031
0.7436
0.958861
0.434976
1.06061
1.08502
0.469932
1.83543
0.105082
0.119586
1.31395
1.37442
0.64842
1.0316
0.743144
0.0628344
0.852867
0.0843576
0.596406
0.6396
0.0954926
1.8359
1.05741
0.979305
1.50968
0.636147
1.53877
0.0491135
0.475477
0.769718
0.348806
0.791433
0.0488837
3.68197
0.604149
1.5966
0.380502
0.368092
0.608109
2.15589
0.0621147
2.87187
1.16843
1.54392
0.450366
0.653453
1.38697
0.518454
1.83015
1.24404
2.0005
0.745884
0.81946
0.253131
0.0558586
1.12303
0.234228
0.377377
1.65813
0.916579
1.81231
3.93542
0.345615
0.307678
0.141654
0.0489429
0.855026
1.32881
1.12231
1.82682
0.492566
2.37524
0.496375
0.371989
2.26912
0.257476
0.173908
4.44278
0.76302
1.02477
0.307806
1.11379
1.6679
0.15337
0.768662
0.541232
1.17388
0.277472
0.331305
0.23154
1.45065
0.267804
0.897003
1.09436
1.5057
0.78769
1.25104
1.58248
0.151659
0.140254
1.08061
0.869064
0.109675
1.09442
0.28433
0.322822
0.469532
5.18469
1.03004
1.81274
0.710205
0.836556
0.288969
0.166272
1.6855
0.979901
0.306281
0.230442
0.22828
2.68841
0.214463
1.88728
0.075991
1.25682
1.47004
0.698513
0.769799
1.9969
0.133483
0.574
4.36628
2.03303
0.640166
0.738612
1.69333
0.886776
1.07528
0.265781
0.345724
2.03372
2.30483
0.34606
3.28939
0.00844059
0.901954
1.03032
1.73827
1.19284
2.24368
0.741003
0.0248942
1.3915
0.288283
0.303014
0.603747
1.68047
1.29566
0.284958
0.884655
0.137508
1.05344
0.468086
0.0274061
0.42205
0.292749
0.412139
1.51259
0.440273
4.66787
1.23255
0.454135
2.91035
0.279324
1.6832
2.71006
0.360803
0.318785
0.85449
1.60031
0.499751
0.38826
1.16416
5.12222
0.0541877
1.13028
0.439558
2.16991
0.217846
0.667666
0.552352
0.736269
1.0255
0.0337032
1.30744
1.45847
2.32633
1.74756
0.0724397
0.756839
0.612587
1.79335
2.90001
0.129659
0.213501
2.62846
0.818085
0.780342
0.00344649
0.532983
0.0177273
2.3577
0.361977
0.848866
1.55386
3.93178
3.05903
0.414696
1.54803
2.73163
2.38409
0.680218
1.08445
0.882524
1.60116
1.04019
0.575117
2.92409
0.143053
0.653381
0.649983
0.978645
1.28021
0.390482
0.331264
0.0381908
0.121607
1.11018
1.61671
0.845359
1.67247
0.569361
0.527213
0.421647
0.179687
1.35106
0.277667
0.663413
0.25963
0.523357
0.109989
0.580722
0.624465
1.05022
0.596785
0.711933
0.708141
0.452273
2.00518
0.334821
0.0162531
1.70943
0.0517475
1.97043
1.74293
2.19954
0.384457
0.766256
0.729483
3.89651
0.315927
0.335468
1.34528
0.468379
0.392737
1.50604
1.63645
0.677774
0.719526
0.276383
1.16399
2.86773
0.199451
0.862788
0.771933
1.13658
0.358816
0.0642223
0.411059
0.0978926
3.8858
0.439779
2.46373
1.07436
1.14319
0.0079614
1.50519
0.568572
2.05274
1.91547
0.467426
0.334473
0.506198
0.68142
0.672725
0.502067
0.3298
0.496078
0.590541
0.11428
5.10161
1.65075
0.0192918
0.544093
2.86583
0.33481
0.286608
1.5058
0.413947
0.462846
0.494089
7.99023
0.0474699
0.852446
0.555816
3.78745
0.00996164
0.0134871
0.491416
2.82624
1.24971
1.50449
1.53577
2.03969
0.644269
1.93525
0.0761396
0.629012
0.88703
0.811026
0.42243
0.0994778
0.0579466
0.16317
0.124681
0.185537
0.479558
0.0539754
0.0628709
0.877169
0.333499
3.31968
2.3392
0.516912
2.08111
0.350175
0.0828802
2.62331
0.555953
1.23253
1.19529
0.721838
0.117105
0.289093
0.0578978
0.966033
1.34583
0.548764
1.03941
0.266641
0.266998
0.130369
1.59821
0.420579
0.301563
0.246299
2.15604
1.43685
1.9047
0.0951988
0.316512
0.579853
2.01611
0.840505
0.863005
0.447738
0.912499
0.0450862
2.17229
2.26137
1.34541
0.00570181
0.505694
1.86575
0.153768
1.79886
1.99004
0.815888
0.44442
0.563807
0.856699
0.0586733
1.66528
0.391498
0.678045
1.86096
1.31209
0.718544
0.709654
0.376791
1.10353
1.91254
0.116499
3.45596
1.05744
1.02841
0.992286
2.54298
4.80759
1.87314
1.3591
0.972965
0.711744
0.886816
0.248023
0.117421
1.68024
0.0501346
0.741434
0.225693
0.410157
0.404942
1.30976
0.271035
0.64786
0.354426
0.234051
3.1692
1.19202
1.03948
0.24607
1.28145
4.2362
2.65119
0.57145
2.95378
0.3208
1.05584
0.842234
0.06997
0.405048
1.16706
1.1614
0.46276
0.0444042
0.0943788
0.368249
0.357156
3.05056
0.860678
0.462399
1.25828
0.403976
0.0702691
0.00129963
0.547386
3.28616
0.257829
2.0784
0.270914
0.215662
2.27592
0.724622
1.80654
3.3201
0.380502
0.0338978
0.68286
0.0897517
0.0963711
1.24974
0.405398
1.60986
0.0945801
6.69921
0.170454
0.0607517
1.47625
0.818545
3.61438
2.32091
0.408456
0.257035
2.02876
0.502108
0.86345
0.0476509
0.202433
0.947576
0.0972574
3.63569
1.65467
2.7463
1.39377
2.13869
0.796756
0.262306
0.039902
0.730252
0.799519
0.256059
0.281487
0.534096
0.106897
0.52437
1.57389
0.176243
0.0297667
0.00594285
1.14882
2.89748
0.588077
5.3112
0.52938
4.05364
1.60346
0.935385
0.838853
0.303425
1.54648
0.626512
0.0524148
0.356551
0.364423
0.417909
0.584072
3.36048
1.77849
0.988152
0.163921
1.79691
1.1134
0.103175
1.16777
0.019295
0.87135
0.664612
0.839673
1.1056
0.520434
0.0585377
0.391429
1.67132
0.516508
1.74392
2.02898
0.317672
0.876283
1.05379
0.693782
3.88223
0.139636
0.474674
0.551678
0.0729557
0.438296
1.3247
0.646203
0.271986
1.13806
0.284009
0.103906
0.445034
0.135346
0.30538
0.771674
0.824005
0.631157
1.16959
0.15413
1.15621
0.62205
1.42465
1.57279
0.168137
3.14174
0.356516
0.54717
0.291366
0.94508
0.326649
1.84632
2.24099
2.01104
0.199477
0.365814
0.485041
0.976244
1.20232
0.169291
0.148732
0.00826723
1.41929
0.599419
0.941602
0.351213
1.37409
0.56827
0.184948
0.323007
0.820698
0.273795
0.815258
0.877189
0.436005
0.559084
2.01459
0.112941
0.668052
3.58683
0.666442
1.42424
1.21378
0.789952
1.24303
1.21981
2.12319
1.56773
0.0371331
0.532202
0.944027
0.0988565
1.14356
0.619851
0.0207748
6.56124
0.796023
0.475433
1.43114
0.321058
0.230928
0.445069
0.948401
1.33165
0.196284
1.94013
1.3934
2.92081
3.43772
1.0658
0.287777
0.0200124
2.55466
0.472968
2.32355
1.50322
0.0313793
2.2556
2.25284
1.68051
1.14178
1.68036
0.381003
1.26757
0.804311
0.176883
4.60354
0.248216
0.677136
0.508697
1.8211
1.16711
0.151169
0.930922
3.58705
2.83282
0.224551
0.989284
0.20552
0.0654032
1.65901
0.777516
1.10547
2.69662
3.92231
0.0751756
1.80615
2.14639
0.589336
2.18045
0.40393
0.936757
0.425144
0.532089
4.94126
1.46446
1.12054
0.48043
2.40702
0.119148
0.964559
0.743803
0.481338
0.283844
0.143044
1.68643
0.783957
4.46485
0.113179
0.125166
0.721572
0.962855
0.294249
0.91384
0.294548
0.0949603
1.33507
0.364661
0.859377
0.918682
2.07779
0.187373
0.364905
1.54715
0.363268
0.806256
0.172232
1.54937
0.2847
0.16136
1.57996
0.500257
0.0881187
1.15579
0.99503
0.547191
0.449321
1.39397
1.27603
0.425023
0.130089
0.0800959
0.217751
0.199928
1.804
1.44125
3.03383
2.24197
0.239095
1.53076
0.440014
0.721656
0.13206
0.355815
0.340695
0.0355152
0.339877
0.167794
1.93664
0.92178
0.325801
1.53334
0.219555
0.0704128
1.31341
0.682107
0.0326575
0.332182
0.0657391
2.16214
1.0208
0.589081
4.34555
0.716111
2.62859
0.172088
2.16816
1.15345
2.59032
1.01454
1.42936
1.08787
0.740978
1.36592
1.09344
0.0916491
0.71191
0.541517
0.0629698
0.0826977
5.67336
1.60318
0.83714
0.447897
0.322109
0.447459
0.51793
0.655455
0.0408054
2.84982
0.369349
1.60492
3.3136
0.550438
0.865577
0.602714
2.93178
0.486647
1.05972
1.54151
0.153902
0.294891
0.812485
0.810865
0.544516
2.2312
1.05179
4.92831
0.483084
0.378075
0.416703
0.0654985
2.02321
0.209485
0.209697
0.107446
0.145502
0.0199287
2.0211
0.967583
0.378416
1.32807
0.693505
0.345281
0.23915
4.4247
0.484874
1.55026
4.98204
0.245435
0.489107
1.37758
1.36207
2.65656
0.210981
0.413332
0.18163
0.23915
0.162362
1.1223
4.25201
3.2099
0.0745926
0.215579
1.63749
0.313106
0.581933
1.20657
0.639742
4.12951
0.386712
0.190398
0.42622
0.157237
0.911852
0.160207
0.994753
0.502803
1.72006
0.152658
2.84762
0.114164
0.506549
0.544041
0.218789
0.840584
0.447779
1.47418
0.451983
0.0390521
0.946773
1.3235
0.829993
0.933461
0.0521276
2.91483
0.0317474
1.10605
0.313433
0.859518
0.689653
0.543394
0.732297
1.7749
0.669089
0.643768
0.0763412
0.898716
0.887344
0.788436
0.53962
1.68451
0.100662
1.13612
0.106192
0.178388
0.279687
0.161933
1.1089
2.44483
1.24146
0.587017
0.815914
1.00122
0.0898433
0.371128
2.32928
1.47545
1.05599
0.913587
0.187985
0.0575997
0.169888
0.129666
0.681957
0.170464
0.509855
0.288172
0.880433
0.557599
0.761313
0.220633
1.81059
1.49153
0.153077
0.339439
0.033304
0.984551
1.02496
2.69272
0.731482
0.433494
0.762628
0.164776
0.685088
1.57084
1.77722
0.385235
0.5265
0.281161
1.74827
0.329167
0.865539
0.664465
0.989334
0.338528
2.08878
0.423514
2.4734
0.476477
0.490121
1.84012
0.631324
0.358256
1.42041
1.2265
1.49118
0.0856962
1.85231
2.87137
1.13784
0.770115
0.112154
0.259758
0.257603
1.13827
0.0695429
2.05471
0.0176198
0.102213
0.209949
1.44081
0.093634
0.473022
1.24678
0.320246
0.136989
1.04876
1.69745
0.320214
0.383379
0.0409696
0.614788
2.36521
3.83507
0.580201
0.93609
0.116539
3.98799
0.795019
0.307919
0.45982
0.694588
2.20979
0.751417
0.0794347
0.957523
1.31178
0.534452
0.258001
0.637188
2.92411
1.30613
1.59807
1.90516
0.530302
2.45059
2.00122
4.24232
4.18694
0.726808
2.0181
0.0276596
0.389372
0.453957
1.38245
1.56706
0.515783
0.148106
0.613604
4.68194
0.805374
0.0634291
0.411824
0.223494
0.0389636
3.93355
0.607667
0.256044
1.75401
1.5038
0.795084
0.402436
0.304098
1.45126
1.22011
0.049942
0.198638
0.610009
1.01249
0.0195447
4.04474
0.431111
1.43148
1.21664
0.923692
1.8203
0.519276
2.10774
1.97737
1.98204
0.528522
2.18832
2.08006
2.96015
3.17877
1.27043
1.7548
0.0606936
0.509001
0.631474
0.202618
0.387979
1.1283
1.59016
0.506188
0.0216898
0.093037
3.4669
0.167713
1.79039
1.32952
0.220347
0.66419
0.90684
0.322541
1.46777
1.09956
0.0980576
0.429836
0.100486
0.18906
0.419478
0.0768816
2.2264
0.262859
0.679644
2.70057
0.746113
0.598842
0.181406
1.08033
1.35422
1.74347
0.199349
0.920316
2.38548
0.155256
0.34223
1.27379
0.264908
2.10737
0.7249
1.79948
0.892401
0.099751
1.45429
1.17032
0.413273
0.848388
2.00289
1.23705
0.449302
0.345363
0.390802
0.397417
0.354381
1.57517
4.92757
2.37796
0.0888848
2.00046
0.0155131
1.45766
0.591995
2.91803
1.34191
1.02223
0.473125
1.802
2.06385
0.00835503
2.90538
0.441775
0.219074
1.75161
0.93469
0.157085
0.772373
1.72029
0.8279
0.290165
0.187512
0.172109
0.475617
1.67388
1.27774
0.21958
0.087587
0.219289
0.391517
0.291512
0.126532
0.0723616
0.275058
2.09577
2.43368
0.714024
0.139347
1.56496
0.586605
0.0639266
0.463981
0.0293448
0.00769038
0.573572
0.702855
0.583422
0.751821
0.0444318
0.338053
2.42321
0.501392
2.00466
1.63183
0.657914
2.16752
0.117499
0.624394
0.33144
0.195481
0.0461574
1.48719
0.32289
1.06118
0.300195
0.108132
0.582077
0.273706
0.101195
3.52614
0.31633
1.52189
0.00820197
1.73183
0.112626
0.903165
0.194442
0.218925
1.61377
0.387603
3.75608
0.250703
1.69545
1.41369
2.15765
0.802365
1.80855
0.614149
0.963256
0.203613
0.279263
0.502096
2.30141
1.86907
1.94981
1.96255
1.81051
0.359029
1.11339
0.05919
3.96964
0.375024
0.265718
0.575221
0.514044
0.220576
3.01967
1.58978
0.244363
1.74952
2.21856
1.37711
4.40057
0.129619
0.693165
0.146648
2.61597
0.146995
1.11598
1.86803
0.230043
1.42096
0.418766
0.0356534
1.46735
0.040962
0.741806
1.11958
0.352894
2.19958
1.66856
0.21595
0.634073
1.76433
1.07941
1.66715
0.0887179
0.274456
0.431032
0.546817
0.141401
2.21038
3.86893
1.42771
0.539851
1.1171
1.78767
0.875695
0.400378
2.22181
0.432899
1.82181
1.15463
1.22388
0.0318878
0.156299
0.09022
0.9546
2.87078
0.246941
4.02148
0.329843
0.239441
0.302076
0.622539
0.247905
0.580626
1.12706
0.221275
1.08862
0.534681
3.47912
1.52487
0.599986
2.94468
0.206903
1.24519
0.525959
1.1903
0.137784
0.627657
0.167946
0.565418
1.16809
0.563254
0.565705
0.93473
0.585209
0.195157
0.386508
1.95384
0.00699987
1.17836
0.466952
0.244826
0.1622
0.320029
1.90433
0.977445
0.268603
4.36819
1.20015
0.475185
1.43328
1.06588
0.267027
0.831227
1.22454
0.92383
0.290659
0.494723
0.95314
1.6198
0.500872
1.02484
0.0639938
0.123376
0.396381
2.42175
2.43724
0.257086
0.117857
0.58234
2.69923
0.193658
1.42062
1.8357
0.595027
1.12677
0.957199
1.93364
0.250535
0.248047
4.96457
3.16027
0.274183
0.222358
0.228793
1.14862
0.115453
1.04171
1.06502
0.428679
2.79581
1.19869
0.0605252
0.743126
0.744504
0.83744
1.25845
0.0919847
0.0554269
1.31149
1.79625
0.0888541
0.0581059
0.655425
0.0462863
0.3076
1.44912
0.229301
0.0234834
4.69836
0.0307883
0.255396
1.94998
0.298111
0.557596
0.160129
0.960035
0.45783
1.91339
0.150326
0.424848
0.166949
1.25565
3.05618
0.169184
1.48723
0.869172
1.32589
1.07066
0.507582
1.62851
0.586886
2.24848
0.964156
0.193507
0.188589
0.324357
0.142123
3.51653
1.18838
0.719185
2.20747
2.27762
0.800256
2.05548
0.274194
0.808966
1.83283
0.791484
3.04322
2.30062
0.495982
1.11977
1.97209
0.420974
0.0890016
0.805806
0.272711
0.269264
1.5195
0.910462
0.0899185
0.125458
1.71386
2.27295
3.14655
0.207565
0.544339
0.605412
1.03968
0.431868
0.0635163
6.66198
0.495316
0.119899
0.262442
1.80214
1.34643
1.88865
0.752821
2.22927
0.0303148
1.91044
0.467122
0.809415
0.979797
0.692038
0.451699
0.012215
0.946662
0.118354
0.341716
2.07883
0.358782
0.245403
2.82467
0.306899
0.194567
0.268621
3.07133
0.170789
0.643146
1.13678
0.387666
1.01259
0.620137
0.320718
1.13466
0.0739908
0.0444961
0.667637
1.15592
1.95336
0.45663
0.456511
1.31335
0.0242993
0.997565
0.033695
0.853953
2.84199
1.61246
0.0936239
0.874372
0.0762832
0.0795887
0.694081
2.84387
1.78036
0.024624
1.05646
2.13994
0.315439
0.612603
0.219385
1.97277
1.71518
0.773848
0.865702
0.212169
0.0904274
0.0153247
1.25681
0.343998
2.43438
1.38862
2.0116
0.177436
0.482452
0.407498
0.336221
0.762569
2.15179
3.59798
0.692874
0.1825
0.26334
0.441285
0.122277
2.61959
0.540441
1.90903
1.1557
0.482267
1.66376
0.136061
0.715916
2.85489
0.512545
0.0329478
0.170745
0.0775751
0.856592
1.52157
0.138615
0.136108
0.250055
1.46081
0.769816
0.180648
3.04355
6.27265
1.69825
0.415896
1.28169
0.335511
1.88587
0.336407
2.30187
0.0919473
0.223143
0.47359
0.46755
4.12446
0.014322
0.29366
1.90798
0.0181044
0.520492
0.60475
0.14994
0.0254976
0.578542
0.484061
1.52191
3.52023
0.128434
0.0534859
0.822856
0.711431
0.951697
0.162893
0.557276
0.77563
0.799556
0.465708
0.970153
0.34421
0.0831555
0.909736
0.0535897
0.43975
1.54383
0.0503187
0.112665
0.720821
0.0602139
0.421098
0.812326
1.58994
0.835383
2.30728
0.472487
0.152739
0.844176
0.329193
0.234
0.699526
0.665344
0.318242
1.21845
0.228715
3.16983
2.57258
1.77269
1.14804
0.398536
0.0247435
1.15402
0.028489
0.483804
3.35488
1.87256
0.87443
0.454759
0.459836
0.870824
0.752218
0.0735262
1.78099
0.364821
0.204536
0.248114
1.0206
2.7882
0.918378
1.92534
0.00959701
1.14464
2.87278
0.226243
0.936048
0.337597
1.56279
2.52581
0.764258
0.0711624
0.531071
2.16684
0.208734
0.431569
1.5269
0.76857
0.455837
0.271861
1.50363
0.126256
0.378517
1.59746
1.45289
0.023377
0.497214
2.70294
1.19825
1.16296
0.440535
0.304006
0.593838
0.281182
0.674261
1.43793
0.509416
0.454023
1.36479
0.156344
0.518359
0.682949
0.673175
0.0985529
1.31915
0.262538
0.644864
0.700811
0.774882
1.53532
2.49845
0.590719
1.8316
1.67999
1.59877
0.27954
1.19728
0.326398
0.241704
0.0580908
0.194878
1.91443
1.52301
1.38999
3.35116
2.05694
0.749634
0.72412
3.90108
0.339462
0.663393
0.146393
1.66139
1.44587
0.414543
1.07767
1.32871
0.599475
0.198551
0.386681
0.110097
0.309616
0.0212655
0.31219
2.52348
0.450913
0.744176
0.398701
0.0471809
0.0562846
2.28744
0.724444
0.141446
0.779736
1.06405
0.439225
0.305314
0.932004
1.01124
0.97494
1.65216
1.47776
4.2855
0.565638
1.39267
0.99312
0.974886
1.15336
3.35166
2.53209
4.46346
1.81774
2.44637
3.53864
0.968989
0.286791
1.78982
0.0484376
0.452691
1.55181
1.29609
1.1252
0.23261
2.38098
2.20254
1.71009
2.57086
0.480327
0.0535092
1.09359
0.669411
1.94076
0.886824
0.763302
5.02034
0.339452
0.272187
1.77826
0.208887
0.241012
0.100995
2.68026
0.554488
0.28412
0.726739
0.273995
0.873301
1.20885
0.752291
0.515397
0.218708
0.0710355
0.252785
0.94298
1.19858
0.258057
0.785265
0.22167
0.211636
0.741636
0.894604
0.296864
3.52954
2.26136
1.28483
1.61668
0.0650154
0.343851
1.42209
0.300942
2.09978
4.31534
2.40712
1.32319
0.0485346
2.54361
1.35865
1.62688
0.209707
0.854249
0.951293
1.47931
0.302932
1.16551
0.500444
0.365542
0.238685
0.933985
1.24897
1.45029
0.513551
0.135958
1.71084
0.306888
2.02032
0.695198
5.52384
0.0736876
1.51255
0.0877122
0.552644
0.812577
0.8549
0.91041
0.864782
4.72586
0.467542
0.173592
0.790985
0.447975
1.39238
0.196869
2.67075
0.735521
5.15713
0.852467
1.20462
1.62577
0.26874
0.171086
0.104326
0.240362
1.4813
1.12116
1.0916
3.37721
0.16478
0.0367529
1.58962
0.0309998
3.35759
0.832513
0.0444174
6.2755
0.987557
0.312827
0.293079
1.05303
0.827935
1.09114
0.755343
1.18989
0.411963
1.42677
0.212354
2.46539
0.440613
0.467129
2.07609
0.156865
0.135512
2.42717
1.9193
1.60418
3.30316
0.689636
0.7616
1.59831
2.31872
0.421468
2.36913
1.03743
2.11166
0.831828
0.130864
1.1334
0.999722
0.24319
3.1772
0.259271
1.78606
1.36495
0.162214
0.401928
0.966635
2.58249
1.08862
1.09917
1.06917
1.37581
0.0109478
0.8554
0.236368
2.05179
1.3757
0.228129
0.672363
1.29103
3.91941
0.167196
1.75581
3.61352
1.85705
0.528515
0.529746
7.47836
1.61814
3.50823
0.881013
0.971027
1.53049
0.698715
0.953499
0.279678
0.913174
1.29261
1.81366
2.48645
2.44959
0.151698
2.0115
1.00857
0.0919889
0.735132
1.34753
0.164598
0.159298
0.382982
0.478464
0.577589
0.813591
0.255837
0.545169
1.40961
1.39794
1.43701
0.312431
0.695518
1.25489
0.335005
0.523396
0.229092
0.499266
0.997346
0.61963
0.217437
0.464407
0.00702021
2.09709
1.38175
0.92935
0.255676
0.551721
0.688974
2.54403
0.463103
1.29336
0.261204
1.57583
2.68349
0.0781131
0.0793383
1.82768
2.12081
1.26261
1.33897
1.93517
1.07895
0.162545
0.742972
1.52921
0.120656
1.74742
0.50726
1.75956
1.11865
1.16933
0.227984
0.706345
0.281795
0.642621
0.198624
0.428286
2.04302
0.76818
0.77228
0.790973
0.0387567
0.994686
0.349608
0.483534
0.420538
0.832073
0.048215
1.01413
0.861015
1.14146
0.616291
0.608138
0.395862
2.51587
2.63655
2.76238
0.451777
1.00052
0.127356
0.964784
0.759141
1.43642
0.80839
0.713038
0.308351
0.73937
0.798485
0.9361
0.333796
3.37972
2.26745
0.0296059
0.375082
2.70026
1.20245
3.30732
2.14232
1.48617
0.8676
0.481033
0.396797
0.222014
0.893127
0.687152
0.171368
1.44264
0.0387318
1.45174
3.81664
0.362879
0.166224
0.22659
0.366511
0.550525
0.0486373
3.15384
5.47751
0.715698
0.618468
1.08903
1.60129
0.381627
1.74173
1.22846
0.00466222
0.819304
0.716571
0.126896
0.424612
0.204013
1.59352
1.17972
1.1603
1.20972
2.40883
1.13156
1.55344
0.431088
0.196937
0.107627
1.8969
5.02354
0.133126
1.02877
0.0650024
0.83222
0.821427
1.50211
0.449511
0.0739501
0.378901
0.983804
0.507583
1.65726
1.80347
1.98228
2.07268
0.19747
0.185799
3.71613
0.425761
1.2211
0.0115665
0.133935
1.56325
0.497627
1.0414
0.124226
0.405822
3.52329
1.17192
0.754498
0.0222437
2.13426
0.0868514
1.06069
0.0124842
1.83872
0.407595
0.23936
1.25148
1.0334
1.20214
0.709803
2.41215
0.78576
1.75171
1.71265
0.435077
0.463718
0.27191
7.72527
0.866105
1.50308
0.297539
0.103937
0.561197
0.103192
0.181318
0.866551
1.52542
1.1389
0.536394
1.7509
0.193885
2.35378
1.14753
2.7239
0.117741
0.0229917
4.95861
0.622055
1.58175
0.307517
0.978772
0.429343
1.98328
0.309418
0.206074
0.65272
0.0538669
1.06128
0.308373
0.933671
6.24501
1.30796
0.0403445
0.00104353
0.174893
1.34619
0.00561251
0.291276
0.82999
0.557611
1.0946
0.40454
0.533265
1.8556
3.34134
1.60807
0.0711097
0.100754
0.325262
0.00529355
0.283624
0.620505
0.952568
0.50136
0.000721742
0.949592
2.04263
0.323271
0.0659104
0.489232
1.35605
0.856613
2.39162
0.458835
0.378022
0.647333
0.615072
0.534143
0.316072
0.0806749
0.318757
0.197551
1.09098
0.29161
0.385908
1.51374
1.36203
0.130414
1.48318
0.10538
0.734759
0.904495
1.08492
0.327631
1.04764
0.401777
0.645881
1.97254
0.613719
0.842517
0.0447004
0.765342
0.178158
0.303093
3.68412
1.68139
1.1956
2.22032
2.43106
0.100178
0.46909
1.0131
0.825006
0.0335427
0.626199
2.15673
0.396225
2.56451
0.901641
0.857687
0.13823
1.24025
1.8072
2.97429
0.177537
0.521846
3.14916
0.858286
1.17113
0.173125
0.207536
0.620033
0.0963982
0.360027
0.207817
0.972311
0.150756
0.87
2.22896
3.88296
0.587071
3.14341
0.139128
0.908283
0.217269
0.393095
0.4294
1.49817
0.436968
1.61581
0.573119
0.204268
0.371934
0.827721
0.0440381
0.108079
0.75229
0.572033
1.07477
0.971994
1.66002
0.299325
3.16503
0.0521392
0.538445
1.00592
2.34942
0.0405545
0.615713
2.25965
0.436561
1.10044
0.891515
0.363532
0.220991
1.21177
0.315077
1.30909
1.18246
1.718
1.36674
1.721
1.30136
0.195204
0.557347
0.382252
0.374738
0.602531
1.97217
0.260031
0.305819
0.565909
2.85768
1.32322
0.387888
0.110019
1.55152
0.876137
0.21986
3.13294
1.91164
0.29888
0.187944
0.0832128
1.61724
0.142188
2.15767
0.39901
0.913105
0.433554
0.391031
0.311977
0.679917
0.215448
0.293303
0.156013
0.929432
0.634427
0.777707
0.647274
1.52825
0.522327
0.0182313
2.28702
3.74161
1.17985
0.584838
0.188194
1.53627
0.790524
0.23669
0.365756
1.42533
0.286416
0.201623
1.29008
1.58436
0.344358
0.336094
0.887291
0.294823
1.65026
0.41083
1.13551
1.40179
0.260075
0.736043
0.698254
0.657102
2.28906
0.597516
0.141092
0.204055
3.02602
0.110632
0.424071
0.0882101
4.12266
0.0375962
0.129211
1.73614
0.45273
2.51675
1.41837
1.29303
0.851152
0.373466
1.94406
2.76217
0.32548
1.56544
4.39226
0.341007
0.363909
0.518463
1.60716
1.03804
5.40072
1.3801
0.302971
0.120592
0.175463
0.539032
2.72422
0.694052
2.63673
1.1797
0.100698
2.2488
2.22545
0.335683
0.114782
4.10887
0.346787
1.59545
1.42076
2.16918
0.431003
0.144818
0.0227547
1.10902
1.0194
2.72959
1.03888
0.911552
1.2263
0.799232
0.46476
0.422038
0.429685
0.629488
0.101471
0.357834
0.74507
0.0251366
1.27274
0.758536
0.393107
1.83335
0.089181
0.38618
0.397344
1.29718
3.61463
0.954312
1.83816
0.891742
0.484814
0.466027
1.03632
1.11664
1.52819
3.81538
5.34211
0.910342
0.0658674
3.52896
0.901026
0.519528
2.02948
0.616498
0.398754
1.2563
1.29588
0.38939
1.38422
0.424084
0.0835494
1.62922
0.00652105
0.28601
0.769911
0.0609722
0.711994
0.135459
0.0692161
1.35025
0.635928
0.208123
5.18736
1.00541
0.276795
0.524977
0.964353
2.18517
1.13215
0.826669
0.590167
0.338974
0.38227
2.7974
0.177629
1.2381
2.49381
1.81836
0.901704
0.092675
0.915081
2.9026
0.658452
0.626994
1.55332
2.03058
1.16005
1.39357
0.144708
0.387215
0.714456
0.281673
0.187707
0.915681
1.17416
1.10092
1.06983
0.762784
0.0117152
0.0125056
4.32617
0.545796
0.872413
2.20903
0.0445679
1.10434
0.131025
2.077
0.189463
2.17302
1.92607
1.21735
0.117846
0.960675
0.0695468
1.29365
0.986992
0.440287
0.831206
1.64973
0.0500803
0.0386306
2.12371
1.91319
2.26449
0.0304953
0.871674
0.180548
0.509275
0.543654
1.23282
0.144199
0.0672748
1.76834
0.329538
0.119759
1.55243
0.418698
0.150863
0.0476351
1.28443
0.971481
1.08977
0.595556
0.900202
1.86134
0.135152
1.76104
2.62365
0.480395
1.78297
2.24835
0.512041
1.18858
0.39284
2.22125
2.03008
0.0578685
1.89541
0.860162
0.630229
0.378145
0.178629
1.73439
0.491193
0.129886
0.441109
3.81795
0.595484
0.106044
0.878434
0.18204
1.00257
0.124477
1.50342
0.186628
0.469584
4.10259
0.301521
0.840818
3.37763
1.55989
1.11241
0.0929452
0.347761
0.193696
0.116968
1.93463
1.40356
2.38916
0.982924
0.0879024
0.0992401
0.317791
0.17502
0.104124
2.06147
0.311305
0.191891
0.0581622
1.73351
0.122857
0.212358
1.89386
1.00058
3.32397
0.598183
0.0952245
0.342648
0.197028
0.241705
0.428272
0.568603
0.949068
1.31722
1.18925
2.62868
0.863648
0.90972
1.36635
1.20532
1.89439
1.09873
0.672784
1.30545
0.353817
0.953843
0.135301
0.921987
0.20494
1.37434
0.676136
0.981916
1.21527
0.471022
0.692768
1.25764
0.0810945
1.02079
0.029377
2.43216
0.00281834
0.507285
1.45757
0.0999722
2.6888
0.140634
1.30118
0.266634
2.87579
1.03709
0.226558
0.278976
1.07687
1.81953
0.0211381
0.305377
1.3129
0.808721
3.16192
0.185141
0.52305
0.488692
0.206117
0.670467
2.47531
0.651104
1.25262
0.114132
0.113189
0.730967
0.0351034
0.740184
1.72267
0.0799993
1.41145
0.829232
0.899823
0.707563
0.0532478
0.00114581
3.23382
0.596123
0.575132
0.086464
0.244223
0.511831
0.0480789
0.694905
1.8765
0.332633
0.364431
1.00477
0.0993317
2.44802
0.17075
3.33622
0.936968
2.8427
3.70973
0.907418
0.583677
0.339634
0.576556
1.76508
2.18266
0.292839
0.286476
0.21679
1.48777
0.139604
0.218991
0.682054
1.03871
1.61704
2.74272
1.28134
0.206158
0.109698
1.23874
2.02601
1.16955
1.26698
0.447848
0.108953
0.518233
0.540336
0.0493162
0.71921
4.0493
0.531594
1.0054
0.263483
1.76036
0.352661
0.378243
0.539268
0.173188
0.250734
0.498699
0.102707
0.51215
0.0690635
1.75394
0.83645
0.00227216
1.56188
3.31928
3.8415
1.63747
0.0848445
0.638751
0.455709
0.137264
2.4674
1.04598
2.56347
0.234795
0.852925
1.67758
0.661165
0.938867
1.50127
0.197622
0.499922
0.85843
0.63027
0.448642
3.07604
1.87967
1.60941
0.351683
0.302202
0.542333
0.506401
2.12242
0.303539
1.05124
2.53452
1.95667
0.440846
1.48357
0.803803
0.848225
1.45065
0.1538
1.44691
2.52257
0.672703
0.182553
0.724547
0.818165
0.0959236
2.55154
0.135585
1.60669
0.255941
0.477357
0.0214353
0.208151
0.136617
1.16299
0.28704
0.387755
1.60373
2.43904
0.676053
0.460062
2.40128
0.582909
1.10924
0.112864
0.346245
0.274102
0.397958
0.512405
0.0463006
0.404218
2.07599
0.0898739
1.13655
0.153552
0.298779
0.805289
0.480198
0.217137
1.04805
0.262543
0.576734
1.30434
0.722496
0.0234212
0.400879
2.78177
2.02392
2.3791
0.375932
0.0845504
0.407675
1.85902
1.24883
0.0444929
0.637908
0.239766
0.30762
2.29601
0.131351
1.56214
0.0725569
1.06803
0.991228
0.212561
2.22193
4.00143
1.14606
0.507739
0.208656
4.64854
0.605085
2.26811
0.643169
2.64346
0.19343
1.80078
0.0868161
0.113443
0.306087
2.81413
0.465809
0.0601178
2.44479
0.749692
1.77333
0.70024
0.135357
0.445752
1.46698
0.20218
1.10475
0.238358
0.7195
0.501293
0.557808
0.552332
1.25589
1.01298
0.0682474
0.456721
0.0919843
0.0893136
0.391106
0.404516
0.0488233
1.27332
0.796311
1.98755
0.229706
0.518272
0.372538
1.06941
0.112968
0.896809
1.04908
0.10801
2.86942
1.55907
1.04576
1.90371
0.181356
0.807358
1.00866
2.25806
0.0196417
0.414135
0.111352
0.182594
0.229664
1.02791
0.196111
2.32385
0.414018
2.09464
0.508357
2.36537
0.0455919
0.687481
0.579644
0.838842
1.28209
2.51824
1.52934
0.0958985
2.57692
0.844374
2.27309
0.189749
0.392394
0.366291
0.76645
0.432577
0.49167
2.34018
0.439945
1.94141
0.947732
0.239745
0.757112
0.0886235
1.52178
2.86514
2.53324
0.33366
1.71211
0.301559
1.55008
1.70757
1.58357
0.141932
0.185329
4.77837
0.734626
0.74942
1.09984
0.060075
0.412979
0.509778
0.66282
0.485744
0.498235
0.493493
0.637532
2.38922
0.743549
0.051794
0.440227
1.84588
0.416861
0.374031
0.48645
0.295771
1.36096
0.0777813
0.752952
0.606785
3.06647
4.32808
0.119113
0.515111
1.23238
0.509355
0.137943
0.765069
1.33639
0.73619
0.168597
1.12436
2.51746
0.269584
0.386582
0.237907
1.4253
1.4823
0.616238
1.4637
0.303043
0.413823
1.1645
0.208183
0.186832
0.469395
0.127044
0.412656
0.51148
1.18774
0.394943
0.0163035
0.995795
0.684811
3.74274
1.21497
0.329615
6.12692
1.03259
0.157197
2.31978
3.47913
0.385437
0.553804
0.441222
0.0718423
0.049336
0.518678
1.48753
0.0385909
0.485993
3.89175
0.221402
0.417045
0.071383
0.89264
0.122478
1.13917
0.0975306
1.49056
1.71913
0.627128
0.0319945
0.480967
0.126113
0.2549
0.46042
0.434766
0.623885
0.201415
0.149042
2.58138
1.66461
1.61573
0.626622
1.42125
1.02948
1.05616
1.41187
0.111916
0.80304
0.0352237
0.00161032
1.52343
0.0291222
1.07673
1.74606
1.57462
0.950177
0.462625
2.22154
0.0424957
0.221324
0.340177
0.976664
0.106257
3.39017
0.504774
5.43391
1.3096
0.521657
4.53535
0.932956
0.1531
0.163045
0.966138
0.176059
0.263999
0.464834
0.341645
1.37128
0.985197
0.698733
0.331251
0.444072
1.56725
0.879099
1.77705
1.02607
0.20555
0.154175
0.00169865
1.73643
2.67241
1.80602
2.19632
1.42183
0.418136
2.31222
0.327017
0.77369
0.534313
0.815954
0.0695169
0.491104
1.11294
1.96035
0.269898
3.05709
0.208907
0.170279
0.640062
0.432831
2.20174
0.424827
0.420751
1.04409
3.43889
1.40812
0.40567
0.117545
0.386784
0.0852736
0.384655
0.912642
2.08216
1.35764
1.41094
1.36504
0.780339
1.25738
2.63357
1.88579
2.53501
0.154813
0.115426
0.285462
1.79828
0.264854
2.82525
1.40377
3.71033
0.177659
0.46181
1.6751
0.762912
0.972235
0.198201
0.665808
0.471726
0.309115
1.18077
0.0999034
0.414052
1.65281
0.302922
0.199748
0.372231
1.93878
0.563759
0.0689117
0.24806
0.162634
0.513919
0.0646154
1.3256
0.00455128
2.16479
1.44312
1.08377
1.47556
0.667029
2.51954
1.21167
1.4252
0.179184
0.234294
1.15925
1.17453
0.650521
0.977205
1.32047
0.397761
1.17867
2.16932
0.376521
0.0470068
0.208443
1.77138
0.0816598
2.06306
0.158388
0.635738
3.05985
1.44302
0.602254
1.072
0.977719
1.63893
2.10719
0.0113243
0.837629
1.46913
1.68226
5.0457
0.768717
0.339594
0.282029
0.580427
0.502877
0.262237
3.17259
0.0890525
1.3696
0.170325
1.14657
0.188199
0.705998
0.591786
0.413216
0.374783
2.00568
1.21305
1.71806
0.914716
0.732922
1.61155
1.19105
0.557592
0.288238
0.942468
0.733693
0.826055
0.574491
1.04675
0.674799
0.154903
0.774716
2.92551
0.295129
0.313215
1.30231
0.246973
1.05914
1.344
0.272098
0.433323
5.03689
1.65972
0.770378
0.546477
0.717664
0.358499
1.1562
0.768899
0.510202
0.205021
0.225044
0.0463299
0.298921
0.498623
0.0657242
1.72431
0.027811
1.52335
0.140482
0.0294824
2.16197
0.313014
0.0411789
1.57575
3.8569
0.530261
0.764303
0.533346
0.187243
0.352182
0.0684856
0.163077
0.598426
0.515621
0.634219
0.23186
3.86832
2.96378
0.505586
0.761349
0.807158
1.58796
0.296103
1.12222
2.26548
1.02239
0.666091
0.679777
1.86479
0.568129
0.511531
0.791448
0.0639425
1.56761
0.802191
2.0129
0.0964466
1.16815
2.05177
0.388776
2.61
1.35132
1.72855
0.787134
4.2682
1.13682
1.6572
0.201237
0.956149
1.02545
0.304161
0.130133
1.28895
0.143372
0.79574
0.101309
0.908027
0.0965878
0.492451
0.0046142
1.15186
0.87959
0.245375
0.532794
0.525477
0.135008
0.247864
0.546423
1.42591
0.260515
0.100508
1.09543
0.441416
0.204874
0.400936
0.3095
0.445645
1.13606
0.538276
0.543194
0.309643
2.77526
0.786339
2.59299
0.737622
2.24636
0.429404
1.53898
1.05618
0.226959
1.91457
0.11107
0.180374
1.73997
0.736526
1.24939
4.14926
1.7728
1.69761
0.332279
0.0888419
1.2926
0.956569
0.403085
0.113972
0.175742
2.60846
1.01541
3.66571
1.36488
0.4031
0.654554
0.405094
1.13651
0.154877
0.347509
0.645562
0.192177
0.348521
0.11416
0.238884
0.890529
0.250749
0.392943
0.0654413
1.49588
0.469897
0.599078
0.908087
0.56451
0.320028
0.385262
0.526669
1.37903
0.374781
1.73059
0.221953
0.411401
0.760061
0.348273
1.5994
0.379738
0.732472
0.613233
0.893755
0.33664
0.316771
0.620961
0.147251
0.579504
0.720446
0.15082
0.37505
0.884651
0.589227
1.39767
0.166824
2.56207
0.77665
0.401088
0.935279
2.79244
1.3778
0.0315443
0.626851
0.120527
0.969098
0.216455
0.182607
1.09725
0.726013
1.45968
0.483804
0.754874
0.73226
0.296162
0.260689
0.262093
0.183445
0.392107
0.756424
0.0412599
2.49862
0.650275
0.476011
1.33927
1.22654
0.200292
1.07255
1.32749
0.620934
0.33842
0.61887
0.03059
0.264404
0.290812
0.480918
0.363525
0.321868
0.66909
0.200331
3.27312
0.417962
2.8593
5.00554
0.980841
0.0177937
0.117388
0.130351
1.17647
1.90423
1.69832
3.23971
0.341285
1.06121
0.0420016
0.233564
0.233228
0.421978
0.967473
0.347987
0.105043
1.12076
1.40206
2.8745
2.53683
1.22039
3.85539
0.768173
2.97738
1.28467
1.05391
0.153391
2.38243
0.0076301
0.471495
1.73078
0.163051
0.399952
0.44208
0.387344
0.488494
2.4528
2.67431
0.182322
0.0930633
1.27992
2.00437
0.560896
0.143894
0.0608022
0.189987
2.60506
0.0616572
0.932372
1.12061
0.177571
2.42818
1.68373
0.364494
0.308005
0.429307
0.220315
3.18327
1.3803
0.674997
0.323193
0.663779
0.397003
3.92035
1.58986
0.576347
1.50864
0.877746
0.434964
0.405319
1.77527
0.123956
1.414
2.21302
0.569893
2.30128
0.531994
0.339972
1.70006
1.91921
1.72326
0.292732
0.30316
0.95944
0.112922
0.661906
0.547014
0.0712942
0.610033
2.45668
0.794688
2.04955
1.16999
0.926561
1.05195
0.140646
0.0993779
0.164029
0.351606
0.355028
0.577788
0.935079
0.57529
0.825292
3.67708
1.34871
1.57117
0.420033
0.951657
0.461347
0.658659
0.301148
1.0609
0.615215
1.91758
2.04617
1.56516
0.103497
1.53327
0.855338
0.205815
1.06648
3.27391
1.12728
0.472908
2.35969
0.164883
0.48942
0.62581
0.154688
1.2007
1.08046
0.990707
0.11962
0.665275
0.544972
0.332009
0.677245
0.144925
2.20854
0.90364
1.42251
0.154962
0.290616
0.311739
0.293454
0.203098
0.379455
0.0432076
0.437973
0.387649
2.68074
0.0689412
1.86147
0.334719
1.29571
1.04502
0.211499
0.0400101
1.29235
1.89008
1.02893
0.269826
0.632023
0.717538
0.61375
0.0517504
0.415909
0.803232
0.58019
0.739854
0.975979
0.470528
0.0877754
1.54447
2.98464
0.138174
0.865333
0.0238701
1.10471
1.8734
0.676976
0.360007
0.800754
0.703617
0.0522443
1.08169
0.212702
0.479412
0.789392
0.105888
0.800636
2.84188
0.572689
0.238106
2.55028
1.61063
0.910735
1.1909
0.0276696
0.060047
1.91793
0.335549
0.320506
1.26082
3.66532
1.71277
2.11125
2.20433
0.0773262
0.330841
1.10064
0.480257
0.366349
0.305474
6.59166
0.0299398
0.995813
0.0439283
0.193424
0.211527
2.0202
0.772688
1.31922
0.175693
0.0911654
1.80682
0.75894
0.435246
0.765979
1.36083
0.222652
0.0842615
1.27108
0.411134
0.163336
0.0668785
0.155119
0.404693
0.776245
1.16388
0.788068
0.430332
1.19276
2.80119
1.59726
1.73316
1.91046
0.426664
0.0982915
0.125564
1.31634
0.504057
0.290349
2.35308
0.589795
0.751494
0.506093
0.367686
0.237842
0.279679
1.06508
2.17997
0.106263
1.1109
0.671323
3.67959
4.60635
1.52467
1.83086
3.20845
0.318841
1.9702
0.18365
0.18757
0.0991606
0.488683
2.58124
0.435191
0.955604
0.0723881
3.36283
0.244801
0.365129
1.46267
0.295645
0.15099
1.70157
0.622182
0.113683
0.131415
0.794561
2.01591
1.09766
0.17707
0.835463
0.868811
1.63006
0.156377
1.36226
1.10787
1.08352
0.415058
0.570008
0.0751603
0.576247
0.0373955
0.147439
0.178924
0.666573
0.679437
1.16758
0.104017
0.150455
0.221756
0.946197
0.0767037
0.0205966
1.23566
0.479557
0.681324
1.86267
0.938149
0.290235
0.0813935
0.175571
0.311851
1.03471
0.443912
0.254264
0.212996
0.346095
1.49198
1.36217
0.20307
2.07605
1.93675
1.98893
0.114305
1.22004
1.73878
0.125486
0.748671
0.496871
1.13282
1.28865
0.370414
2.73343
0.513885
0.306939
1.85923
0.397474
2.12889
0.368427
1.14568
1.546
0.48047
1.58557
0.269898
1.48465
0.933614
2.87605
0.0860784
0.0923158
0.67999
0.368386
2.80252
1.27699
0.838087
0.502311
1.09523
0.98416
0.118165
0.508333
0.921824
0.0410609
0.114384
0.475883
0.0204261
2.01081
0.334612
0.156156
2.15739
0.848919
0.167224
1.20001
1.83138
0.199452
0.161471
0.0870233
0.613744
0.713076
0.518542
0.687604
0.111086
1.30424
3.09947
0.871081
0.0602369
0.630293
1.41737
0.9279
0.0886176
1.21561
0.858237
0.0873906
1.63589
0.0857293
0.136035
0.154506
1.83451
0.623811
0.925667
4.08499
1.27651
0.949724
0.830331
0.496108
0.464349
0.0143158
2.1492
1.66908
0.0594186
1.69474
2.2407
0.624042
0.0482357
0.61685
1.21239
0.0861089
2.017
0.455233
3.08345
0.919865
0.773293
0.537797
1.31618
0.59914
0.091342
0.332506
3.06295
1.43398
0.113909
1.8923
0.341355
1.9778
0.417988
0.232407
0.597163
1.87559
1.60706
0.890807
0.728584
0.0697328
0.95822
2.3056
0.029806
0.174262
1.8825
0.945053
1.07244
0.320428
0.0357723
0.131425
1.96757
1.17674
0.55386
0.363463
1.38709
1.43648
0.0427164
3.45799
4.85442
0.68375
1.40734
0.256134
1.62483
0.0861891
0.647881
1.84768
0.72534
1.47187
0.791596
0.329421
1.40223
2.17826
0.294943
0.938854
0.684257
0.38729
1.30498
3.06776
0.472999
0.877326
1.05045
2.35922
3.37896
1.52023
0.744409
0.0365946
1.18558
1.87728
0.762027
0.389836
0.235098
0.560307
0.0557068
0.407696
0.537064
0.690407
0.428153
0.0167361
0.0292733
0.710262
1.77362
0.0618587
0.587607
0.731525
0.0646973
0.475831
1.52627
1.53027
1.61147
5.25802
0.902548
1.57027
2.20809
1.03032
0.854953
0.733531
2.12609
0.155736
0.346177
1.59854
0.195789
1.34337
0.181312
0.314488
0.406372
0.407741
0.313111
1.23199
0.730561
0.390536
2.57207
1.16584
1.5167
0.233224
0.00584264
0.366812
2.07776
1.34368
0.563619
0.164281
0.15603
0.224802
0.0595479
1.53317
0.355025
1.02891
0.278394
0.206588
0.522704
0.608381
0.287248
1.545
1.12477
0.256361
1.26168
1.01606
1.13401
0.122295
0.261586
0.126886
1.84181
0.414995
1.74873
0.107388
1.55768
0.223879
2.10524
0.208467
0.527891
0.465422
0.573872
0.615682
0.468831
0.160916
1.04723
1.12448
1.08996
0.699422
1.00638
0.385881
0.255493
0.212006
0.103755
5.85712
4.94669
2.04112
0.473171
1.89266
0.912056
0.0367898
0.763553
2.10638
0.727337
0.385846
4.49316
1.76895
0.0860788
1.49827
0.0196179
1.65011
1.39872
1.29082
1.73645
1.75611
1.11048
0.924009
1.59543
0.352507
0.681082
0.411254
1.55116
0.0921154
1.2924
1.37492
0.892541
1.11986
0.511682
0.430346
0.426921
0.211658
1.1459
0.10638
0.239718
1.10811
0.27801
1.18667
0.153157
0.935366
0.733166
0.204289
0.580726
0.293651
0.210707
0.196679
0.475471
0.109576
0.348906
0.760778
0.196442
0.0568741
0.105694
0.351288
1.60955
0.511388
0.435065
0.174282
0.977546
0.340361
0.442154
0.707125
0.233457
1.16266
0.248982
0.811579
0.384467
0.477127
0.639782
0.465399
0.296901
0.574471
0.970065
0.946012
1.51013
0.524465
0.505597
1.47131
0.792865
0.708797
0.859855
0.0490576
1.22459
0.164935
0.32499
0.512329
2.53434
1.44773
0.133122
0.282181
1.24852
1.74488
0.288134
3.58406
0.319785
0.449172
1.65904
2.53834
2.68346
0.985177
1.48022
1.87616
0.254108
0.57053
1.71489
1.54826
2.43663
2.4012
3.83568
0.638589
0.697855
0.297356
0.48366
0.316899
1.66125
0.1947
0.884057
1.12716
0.066342
2.15727
2.04291
0.550518
5.48393
0.199181
4.138
1.86028
0.950004
4.29141
2.67167
0.598557
3.13759
0.178641
0.328124
0.11869
0.593234
2.62143
2.87083
1.47841
0.940523
1.35976
0.444425
0.0213048
0.455357
0.213649
0.0605389
0.150196
0.00392691
0.0666209
0.276762
0.892262
1.32113
5.49724
0.222465
0.240823
1.51073
1.14425
0.548401
0.553343
1.32852
0.39449
0.703814
0.0219993
1.25141
0.152688
0.306927
0.47128
0.426817
1.54209
2.48315
2.55007
0.25038
0.582065
0.0241297
0.369123
0.923653
0.495216
1.85542
0.138512
1.35573
0.543196
0.899775
1.61096
0.441798
3.05571
0.218298
0.550814
0.982355
1.2791
1.14057
0.00783771
2.72791
2.08122
0.556873
0.608953
0.376654
0.280324
1.56187
0.876835
1.53452
0.00547615
1.19356
0.035987
0.531213
2.30531
0.121935
0.386231
0.859789
1.4846
1.47678
2.53551
0.836571
0.232368
0.247092
0.223145
0.0459709
0.0501369
1.83269
0.00206174
3.76321
0.720778
0.316431
1.28255
0.366045
0.0897396
0.0741323
0.310344
1.73035
1.16857
0.653645
1.36673
0.497779
0.739769
0.566844
1.13219
2.61539
1.70904
0.468078
1.00231
0.310877
1.22445
0.0418368
4.13347
0.779915
1.69741
0.945246
0.320277
1.39195
0.876148
0.167154
0.878586
0.383057
3.18271
0.105543
0.569236
0.546834
0.0914178
1.51898
1.8247
0.245479
0.0985885
0.475996
0.0645816
1.74889
0.329065
1.89121
1.16024
0.512481
1.39052
0.581166
0.625685
0.168008
0.888684
1.98893
0.103784
3.76402
0.659689
0.63545
1.41205
1.95153
0.18792
0.0809691
1.24104
2.13054
1.00351
0.37549
1.18542
1.09442
2.3001
0.396225
0.0372847
0.139122
0.239221
2.56143
2.03843
2.60926
0.755489
1.96899
1.94351
0.231647
1.49601
0.696883
0.332869
0.311051
0.580768
1.5525
1.62004
0.584328
0.0861115
0.902338
0.899192
0.182918
1.56669
0.071797
1.2906
2.16223
2.25566
5.45556
1.39482
0.282066
0.148578
0.428351
0.278835
0.474654
0.773016
0.00668213
0.463234
1.58406
0.478277
0.525792
1.63216
0.415206
1.54474
0.342015
3.25409
0.498775
0.644013
0.706941
1.46118
0.0731829
0.348554
0.47146
0.236386
0.373558
0.868368
0.564178
0.437129
0.381401
0.107727
1.29002
0.952839
1.95856
0.235071
1.45301
1.7605
0.341393
1.47444
0.166704
0.204812
1.53777
0.8745
0.756249
0.0115185
0.422087
0.501461
0.570314
0.687522
0.603748
1.10224
0.137143
0.120605
0.157994
0.136292
2.26722
0.0914107
0.860561
0.458928
0.454086
3.46312
0.292994
3.04295
3.49723
0.179371
0.0228644
0.00243374
0.193273
0.0445971
1.66713
0.169151
1.54619
1.19826
0.524284
0.837134
1.04116
0.0501139
0.32533
0.599802
0.184512
0.329304
0.0468057
0.383899
2.73675
1.01433
4.43711
1.69457
0.977966
0.999587
0.148966
3.0631
1.39156
0.733692
1.27035
2.80441
0.426799
0.404782
0.0757275
0.0703318
0.242194
0.437106
0.529493
1.15475
0.925373
0.242246
0.162733
1.23749
0.0875776
3.95763
1.25136
0.209093
0.475995
2.51022
0.156875
0.921352
0.957912
4.28242
0.126468
0.0869174
1.24485
0.452845
1.24308
0.132113
1.06958
0.172647
0.0857015
2.60185
1.29878
0.395147
1.74344
0.346807
2.39969
0.212787
1.44806
0.187415
0.0495529
2.52611
0.232167
1.91749
1.69556
2.95116
1.54121
3.70916
0.0152694
0.954754
3.59429
0.118671
3.61137
1.39581
1.28002
1.46002
2.30376
0.51382
0.961919
0.540372
0.838628
0.761879
5.16031
1.78669
0.208196
2.37664
2.28283
0.0691347
4.80678
0.154775
0.269064
0.202275
2.20836
1.02223
0.139853
0.0616157
0.582154
2.63925
0.311217
1.17143
1.88128
0.108686
0.0266494
0.510082
0.110663
0.69309
0.495988
1.7349
0.0157157
0.290033
0.305935
0.983773
0.429986
1.45913
2.00996
0.591096
1.75596
1.30833
1.21486
2.77728
0.22676
0.838319
0.152069
1.92177
2.30206
0.535194
0.492103
0.953959
0.468601
1.15283
1.18324
1.24492
0.856769
0.144184
0.326628
0.696806
0.0728602
1.27716
0.180829
1.14712
0.0804598
2.36552
0.0332182
0.0418127
2.71663
0.12567
2.13357
0.422652
0.546512
1.31708
0.102998
1.44603
0.828864
1.02117
1.65014
0.798076
0.994825
2.01186
1.84701
0.309401
0.321792
2.11463
0.735922
0.755424
0.340578
0.738957
0.76608
0.62079
0.0253575
1.28068
1.94082
4.2229
0.000768367
0.277665
0.901853
0.581347
1.31635
0.372667
0.805965
2.77025
2.74284
0.869371
1.20859
0.442308
0.984887
1.76571
0.544273
0.534272
0.350395
0.481034
0.143258
1.23474
1.20515
0.48468
0.393413
3.43648
0.328648
1.34795
3.19211
1.86797
1.80668
0.57752
1.08446
1.14186
2.35197
1.3069
0.976554
1.72808
1.48414
0.819826
1.68775
0.980677
2.21666
0.187881
2.09369
0.951177
1.21959
1.62047
1.04812
1.47036
1.4087
0.0972882
4.50348
0.374971
3.88439
1.4119
0.0414051
0.0254773
0.235776
0.0754259
1.42068
0.275692
0.187991
0.200382
0.0729513
0.673939
0.0201123
0.572956
2.76769
2.05677
0.851492
0.30006
1.06239
0.0782399
0.857815
0.201858
0.470925
0.154958
0.0770436
1.42971
0.0870572
0.508788
0.912134
1.08723
0.575246
0.0920626
0.386297
2.3265
0.268453
0.414003
0.971629
0.391138
0.0407818
1.43596
0.0727013
0.373095
0.0550815
1.35187
0.220558
0.427243
0.0444135
0.200115
1.29012
0.454942
0.334299
0.958314
0.121008
1.16409
1.04142
0.493028
0.169368
0.22787
0.568914
1.13096
0.395545
2.1277
2.83317
2.28872
0.151716
2.50515
0.560564
0.300574
1.64919
0.0818078
1.734
0.767886
4.13042
1.854
0.79614
0.835998
0.023857
4.11252
0.110271
0.22643
0.246514
0.59538
1.91814
1.37642
0.481293
1.69474
1.66773
0.269266
1.11513
0.132682
0.777391
0.889067
1.03538
0.0582933
0.582049
2.45217
0.980801
0.117348
0.591498
0.786772
0.0314826
0.733937
0.252115
0.204848
0.354939
4.00242
0.261593
0.638521
0.749349
0.389207
0.37728
2.97057
0.670084
0.561286
1.18844
1.45169
1.51203
0.644349
0.352019
0.122867
1.51986
0.99953
0.174883
0.912752
1.88154
0.251603
0.381536
0.361815
0.711264
0.219126
1.67303
1.11061
0.0971915
1.60838
1.56334
0.359961
0.403376
0.876074
0.838707
0.314739
0.693038
0.030423
1.17345
0.56884
0.203593
5.2768
0.12642
0.717461
1.89635
0.128239
0.152096
0.919101
0.207438
0.00790988
0.796375
0.502876
0.37131
0.150063
0.301864
0.192583
0.0951413
1.15387
0.203651
1.43113
0.294939
3.34257
0.0259479
2.47873
1.63763
0.804912
0.19578
0.481181
0.525196
4.98462
0.32913
1.94275
1.11163
1.17842
1.32134
0.263895
1.39822
0.885466
3.14951
0.683246
0.25812
0.208033
1.75734
0.697721
0.0836508
0.113913
0.0646723
1.39932
0.630847
0.567065
1.74393
0.14135
0.727573
0.57421
0.0472384
3.01242
1.59457
0.178723
0.617394
0.70501
2.4569
0.171735
1.50995
0.747055
0.29329
1.21872
0.381116
0.811766
0.890451
3.60485
0.825315
0.525584
2.7396
1.12562
0.152221
1.40577
0.847579
0.873483
0.379874
1.61457
0.00126025
0.494552
0.121514
0.606684
0.267145
0.0508227
0.554938
1.12804
0.181088
0.375863
0.750488
1.05833
4.76751
1.113
0.831709
0.753197
0.141856
0.362155
0.251378
0.903993
0.860428
0.848363
0.315209
1.80091
0.0848471
2.16988
0.932499
1.03247
0.444159
0.900999
0.0311916
0.334383
0.00587449
0.722509
0.103374
0.770284
0.107309
1.01301
0.216632
0.164512
0.609209
1.22152
0.542587
0.798895
1.04542
0.401622
0.157549
0.150464
0.0781721
4.31271
0.387097
0.168152
0.0800875
2.05341
1.91664
1.2405
0.209374
2.48834
0.047373
0.751016
0.0763507
3.5504
0.178541
0.324175
1.10122
2.05235
0.0822768
1.2669
0.648679
0.196731
0.00345729
1.07937
0.326887
3.25442
0.930888
0.528765
0.287382
0.406234
0.0232639
3.57032
1.77209
0.336943
0.668965
0.0679264
0.642366
0.910753
0.170787
0.645348
0.751168
1.39946
0.72476
1.24698
0.517026
0.467805
0.0643403
0.116025
0.206742
2.45054
0.279613
2.16255
0.0658809
0.692168
0.601535
0.147115
0.180819
1.09232
1.55633
0.0737624
0.580231
0.410734
3.36023
2.06734
0.291169
0.30939
0.976858
0.997925
2.36621
1.6922
0.499133
0.962624
0.0894614
2.27314
0.954356
0.502393
0.213187
0.131161
1.73675
1.42549
0.161133
2.78035
0.404201
0.107796
2.80846
0.741511
0.874168
0.886297
2.33088
0.40054
3.90951
0.68567
1.1094
1.69041
1.20286
0.827188
0.181709
1.18531
0.244982
0.215205
1.88029
0.0926609
0.0872876
1.26655
0.713631
0.562286
0.901217
0.650206
1.01493
1.85418
0.834792
0.661208
0.128354
1.2865
0.420102
1.98188
2.84958
0.0863883
0.770006
0.69843
0.419067
0.36718
2.06756
1.05182
0.389911
1.31554
0.015609
0.00666925
2.92257
2.25115
0.593266
1.68606
0.778738
1.15805
1.13375
3.86475
0.037171
0.7042
0.27847
0.289108
0.913519
2.35443
0.950595
1.18017
0.641069
0.431871
0.32628
3.00164
0.512621
0.328847
0.471153
0.298064
1.15891
0.944821
0.714155
1.33899
0.584186
0.700322
0.331885
0.780898
1.78519
0.328432
1.72614
0.0801255
0.334903
1.91065
1.77347
0.291065
0.48498
0.312427
0.855969
2.75568
6.21324
1.11382
0.911989
0.0706896
0.568345
0.217894
2.67044
2.6311
0.255623
0.525716
0.0670253
0.719366
0.287528
1.14895
0.25812
1.64087
0.0667564
0.331253
0.482473
1.34025
3.37566
0.82924
0.442614
7.26841
0.837629
0.133382
0.414926
0.813202
1.00589
0.231463
0.350181
0.110786
0.395216
0.807619
0.642139
2.54879
0.444176
0.116862
1.2221
0.265621
0.417318
0.551312
0.977959
0.915405
1.21027
0.0842185
2.28038
1.28104
0.160193
0.755338
0.0592221
0.00255248
0.168723
1.05551
0.354032
0.0737984
0.0595205
1.24411
1.42002
0.0881657
0.0843427
2.68504
0.0631053
3.15182
0.291517
2.0203
0.585765
1.59136
0.274562
1.49801
0.660431
2.28271
0.652411
3.51154
0.578741
2.31772
1.5108
0.105141
0.614386
0.716474
0.114099
2.39557
1.09933
2.62322
0.457286
0.242613
0.464987
0.516848
0.587853
2.51732
1.08086
1.2253
0.0633177
0.492163
0.754377
0.641689
0.403224
0.680312
1.61924
0.370146
0.567451
0.279254
0.741726
2.14252
0.381657
3.35518
1.35308
0.257593
0.65443
0.389619
1.3169
0.0682367
3.00025
0.627574
0.453599
0.478083
2.87061
2.80685
0.886821
6.04626
0.135517
1.01523
0.862056
3.31277
1.43348
0.684429
0.21841
0.56146
1.6855
0.428032
1.18226
0.27275
0.947735
1.03474
0.517846
0.0285229
3.5621
1.32754
0.282091
0.192208
1.32141
0.104098
0.749401
0.247025
0.00901034
0.140726
1.15975
0.406397
0.791543
0.609412
0.849572
0.138658
1.41882
2.12104
0.903634
0.808038
6.24811
0.240372
0.0202736
0.328466
0.824204
1.05684
1.51568
1.89966
3.11278
0.0955976
0.00149203
0.980264
1.83848
1.22521
3.16575
0.673883
0.781505
3.0799
0.0423356
0.207122
0.333139
0.722088
0.803703
0.585514
1.78025
3.08071
0.582853
1.91926
1.02277
0.472713
0.954068
0.373405
3.78857
0.0470954
1.83581
2.39699
0.0563702
0.00910828
1.76516
0.63201
0.801897
1.38267
0.713767
0.913004
1.61803
1.05873
0.154264
0.536249
0.939834
2.648
0.780555
0.478174
0.474142
0.00922227
1.15038
0.443393
1.83008
0.631494
0.245037
0.970105
3.53655
0.252496
0.333114
1.12199
0.0314308
3.40452
0.870496
0.285887
0.724352
0.33361
0.232045
0.338917
0.0376449
0.0985027
0.695312
0.378228
1.40711
0.686854
0.615287
0.0291774
0.566984
1.89327
0.417422
0.85945
0.0430056
0.226514
0.56679
1.53264
0.135726
1.90306
1.5053
0.0192977
2.79591
0.876936
0.867193
1.04809
0.396559
1.51262
0.27998
1.44152
0.125916
0.343021
0.353822
0.555986
0.612886
0.422843
0.0183887
6.38382
0.745942
1.08644
0.296001
0.87312
2.14477
0.738547
0.0627826
0.631424
0.379746
0.884583
0.0293871
0.33027
0.947629
0.545933
0.433483
0.976285
1.12662
0.598637
0.0749015
0.309809
0.822979
2.3663
1.17843
1.62308
0.374019
0.331652
1.74832
0.256232
0.447142
0.0836098
1.25657
1.47444
0.117822
4.53103
0.0342372
1.73832
0.292459
2.00702
0.201589
0.843847
0.316386
0.86315
0.26995
1.65107
0.169085
0.345153
0.790239
3.48439
0.0572677
0.604192
1.79886
0.744431
0.95821
0.925218
0.24983
1.7154
0.271851
0.282949
0.102574
1.54454
0.109184
0.0312563
0.0317809
0.368095
0.334242
0.216367
0.0724595
0.382673
1.5636
3.38588
2.2116
0.690736
0.444084
1.81669
0.557946
0.00576069
1.9716
0.483478
2.5162
1.02696
0.426689
1.31239
0.030944
1.79392
0.237424
0.94802
2.52704
0.616406
0.290964
0.00387353
0.170013
1.38485
0.515345
0.0553281
0.517718
0.114441
0.788361
2.25311
0.235762
1.39852
1.19342
0.0684442
0.224645
0.963418
0.43821
2.29749
0.0714235
0.25472
0.113116
0.113569
0.0911208
0.654536
1.2693
1.89146
0.173733
2.83662
0.720737
0.267106
1.72849
0.717227
0.79682
0.120823
1.91173
0.386823
0.104402
0.337873
0.744351
0.485867
0.559752
0.198055
1.7142
0.28344
0.950337
0.655857
0.483592
0.0531684
2.42521
0.1095
0.975828
0.350073
0.363618
1.33847
0.466895
2.31661
0.899467
1.51798
3.42853
0.447478
1.334
1.82317
1.8572
1.31023
2.16066
0.874741
1.73506
0.765916
0.1668
0.653936
0.995051
0.847904
0.17035
1.34789
2.34105
1.01988
0.862894
0.590569
1.09807
0.0626151
1.22349
1.7769
1.99135
0.0382142
0.478574
0.612755
5.14855
0.414956
1.92658
2.73991
0.0223641
0.334238
1.23919
1.60141
0.715455
0.741879
0.517572
0.477437
0.502986
1.44623
2.03226
0.714091
1.79387
0.591495
1.04751
0.807002
0.488138
1.51525
0.615635
2.23358
0.271664
1.57294
0.213169
0.0450973
0.924157
0.724718
4.16834
0.0937977
1.54916
1.63222
2.37519
0.281888
3.00986
4.72847
0.561781
1.95639
0.65085
0.713991
0.84073
1.39268
0.492495
0.630708
0.412594
0.0759272
0.685938
2.05699
2.14248
0.130145
0.816335
1.64762
2.03652
0.16966
0.755252
0.50145
3.11075
0.145195
1.82056
0.03417
0.562624
0.688677
0.645223
0.809601
0.882604
0.368618
0.421553
1.3829
0.864616
2.66909
1.79991
2.80289
0.205554
0.430802
1.88682
0.200867
0.126624
0.808584
1.0136
0.168103
0.918181
0.306436
1.1573
0.542629
0.795854
0.938089
1.5909
0.680619
1.1014
0.0775664
0.362974
2.06778
0.439191
1.14128
0.634024
2.21757
2.52171
0.867003
0.38952
0.229604
0.0319372
0.383795
0.220672
4.01297
0.775923
0.170817
1.13743
1.41422
0.146186
0.0873597
0.479213
0.0189049
0.473794
0.623364
1.54245
0.144801
0.265615
0.258614
3.68614
0.0484363
1.0292
2.02081
0.597095
1.4925
0.119276
0.764638
0.241224
0.0652264
1.34803
0.983974
1.46264
0.315399
0.399939
0.470192
0.917031
2.18341
0.977309
0.246403
0.225442
1.77853
1.65116
1.44448
0.591164
0.222617
0.0309139
1.48721
0.830669
0.809301
5.09936
0.095009
1.85824
0.812638
5.53536
0.374963
1.70261
0.1728
2.15965
0.358312
0.0719913
0.352785
0.16447
0.558911
0.247338
0.688075
0.147622
0.880733
0.175045
0.00751709
0.642968
0.199441
0.962799
0.799787
0.516435
0.0892041
1.12045
1.05929
0.490705
0.316865
0.723638
0.927443
0.0559754
1.60068
0.623294
1.04765
0.517215
0.0706984
1.89171
0.0932276
0.753205
1.18265
1.31371
2.79872
1.86164
1.34948
0.558633
2.957
1.11093
0.0874708
0.793141
1.16474
0.933895
1.0048
0.50119
0.753125
0.966495
0.720483
0.892492
0.483399
0.51814
0.0733864
0.210584
1.49362
0.0892183
1.77925
2.3937
0.0321484
0.624474
0.0204524
0.0981058
4.05624
0.158083
1.2102
0.214252
1.25196
0.307552
0.706863
0.883511
0.809663
0.112736
0.907084
0.262863
0.0271358
0.805965
0.296776
0.808934
0.0526594
0.498732
0.304155
0.014945
2.15862
0.996848
2.20071
0.985903
0.443205
3.66645
1.79408
0.340369
1.62601
1.08364
3.14407
1.81547
0.0583981
0.470357
0.0823457
0.280444
0.110829
1.00116
0.396512
0.238882
3.69405
3.35546
1.69562
0.740068
0.692478
0.692513
1.46811
2.23412
0.728748
2.66756
0.27869
1.21203
0.228717
0.0352763
0.185911
2.90016
1.09371
0.0767733
1.75679
0.0601795
0.153671
2.64207
0.792557
0.15757
0.733404
0.539781
0.705128
0.716728
1.8753
1.68273
4.12112
1.20377
2.72715
0.636223
0.233847
0.520691
0.603903
0.0277874
1.16963
0.0990981
0.140382
3.64776
0.218049
0.0279024
0.972161
0.187279
1.40731
0.107992
0.28561
2.57857
0.439031
0.963119
0.442065
1.68812
0.98049
0.383435
0.70352
1.53073
0.573254
0.033109
0.773612
0.0452169
0.0171016
0.767775
0.0688318
2.19919
0.275463
0.166287
0.625953
3.09793
2.21838
1.48789
1.75669
0.333734
6.0023
1.22457
2.84173
1.22539
0.128581
1.70896
0.114407
0.604839
0.810482
0.224269
0.363223
0.292184
1.49281
1.42136
1.37369
1.48176
0.971002
0.470784
0.467544
0.693671
0.44627
0.197732
0.275445
1.83697
0.0506509
1.33126
0.846313
0.329544
3.59858
0.560385
0.591049
0.438623
0.165358
0.814108
0.525955
0.349794
0.171426
1.08712
2.23062
1.0701
0.17813
0.0503508
0.19287
2.64284
0.260397
0.297169
5.67081
1.11218
0.376625
0.348442
4.10737
1.3035
0.0262647
0.927917
0.487629
0.893388
0.757168
0.0198113
0.44422
0.260236
0.553249
0.36079
0.156387
0.442582
0.618358
0.359535
0.271673
1.6317
0.721852
0.357808
0.0965423
1.37136
0.589087
2.1401
1.04515
0.288108
0.0620587
1.1719
0.203361
1.1481
0.165502
2.5644
0.518707
2.53648
1.89797
0.711196
1.6266
0.379707
2.00629
1.38971
2.66558
0.50409
0.934511
0.182502
0.0552367
0.360681
2.03639
0.520419
1.42325
2.23346
0.673952
2.44233
0.253416
1.52587
0.0628598
1.05579
0.526913
2.55517
1.15836
0.141215
0.383884
0.87754
1.29248
0.714743
0.170588
0.0457872
0.338764
0.203818
3.64322
0.427355
0.63174
0.402765
1.31452
5.85472
0.746952
0.0130286
0.193209
0.575004
0.686512
3.07324
0.20356
2.82323
0.667003
1.47727
0.00976967
1.52394
1.93351
0.882309
0.0410322
0.126698
1.1277
0.475496
0.144536
0.112779
1.67762
1.182
0.583092
1.73072
0.305787
0.054835
1.93469
0.497881
0.465962
0.483276
0.281728
0.246288
0.544983
1.08577
0.744907
1.98995
1.85616
0.844385
4.3675
0.401047
0.0092652
4.12408
0.788289
0.355572
0.868929
0.73931
0.316044
0.300568
1.99022
2.21253
0.645529
0.0453662
0.374427
0.36629
0.613937
0.833517
0.0854205
2.02794
1.12468
1.29462
0.0410185
0.105665
0.818397
1.0965
0.160089
0.338559
0.716399
0.486452
0.200127
0.469144
2.34077
0.0839137
0.25777
0.507115
0.620669
0.66513
0.793042
0.758872
0.926239
0.486901
1.42308
0.157426
0.553881
0.0938391
1.81868
1.33609
1.80935
1.92632
0.485646
0.858051
0.237038
0.461716
0.92744
0.497221
1.56009
2.52965
0.481992
1.87566
0.827638
0.874458
0.125023
3.76534
0.789214
1.76682
0.0915994
1.12235
0.0858477
0.988243
0.231995
1.76508
0.358866
0.149241
0.321726
0.521931
0.194667
0.501228
0.00535543
1.67049
0.200539
0.0806696
0.184549
1.86177
0.837897
0.271039
0.776311
1.67657
0.489415
0.21025
0.938769
0.575447
5.1273
0.118506
0.422465
0.719849
1.01052
0.18687
4.03342
0.738575
0.8264
0.171709
1.08164
3.63438
1.35671
0.418467
1.38234
2.34416
1.04028
1.95173
0.500666
0.258999
1.3798
1.69541
1.93032
0.296219
0.584141
0.30375
1.44305
0.336107
0.34728
0.0683959
2.62652
0.815716
0.121839
0.259865
0.835445
1.26841
1.94629
0.418761
3.5716
0.100369
0.0351959
0.156
0.108274
0.447838
0.157134
0.199379
0.320391
0.566495
1.76505
0.154348
0.206942
0.737923
0.247077
0.0880751
0.537098
0.178392
2.18415
0.68998
0.181889
0.932522
3.85229
0.48366
1.08474
0.335476
0.870091
0.789916
0.927888
0.0418491
0.386162
0.30721
0.826661
0.817118
1.33049
0.298793
0.207278
7.87457
1.07625
4.28571
0.407578
0.44719
2.23602
0.536696
0.681888
0.854706
0.933062
0.537161
0.803548
0.232704
0.817535
0.226687
0.845703
1.37549
0.413444
0.193483
1.47073
0.461287
4.54296
0.00991261
1.15726
1.56847
1.04645
2.67619
0.0389751
1.66619
0.139305
0.241019
0.403076
0.866993
1.71744
0.967936
1.36884
0.0572318
0.0244817
1.67347
0.435879
1.0792
0.319802
1.64994
2.6789
0.703393
0.616685
2.18934
0.131667
2.82815
0.6171
1.3422
0.0648441
0.274186
1.24212
0.113004
2.36455
0.411718
1.14089
0.164111
0.427861
0.480935
0.0251065
1.17216
2.89545
1.77475
0.476659
0.618444
2.26647
1.27994
0.00336374
1.01559
0.52643
0.0306332
0.0688139
0.723532
0.640638
0.681528
0.201044
0.439773
0.119805
0.81686
0.29757
1.56306
0.253373
2.56943
3.56719
0.352411
2.10612
0.401285
1.54441
1.03175
0.793156
0.656942
1.1292
1.28659
0.880791
0.180807
0.672926
4.99144
0.357198
1.05955
0.760506
0.331332
0.323704
0.0394658
0.840137
1.17417
1.18832
0.593568
0.984118
1.22426
0.248166
1.48646
3.45772
1.335
1.0151
2.13279
0.185624
1.11672
0.813164
3.77573
1.65051
0.656433
1.58431
0.252996
2.22187
0.874161
0.0549682
0.962721
0.316436
5.16292
0.59554
2.30144
0.357319
2.04055
0.863425
1.63841
0.633538
2.17902
0.119216
1.04781
0.258812
0.388203
0.216833
0.0209775
0.748872
0.0362973
0.0198632
1.41595
0.576588
1.85977
0.276173
0.424419
0.938858
2.20213
2.3228
0.00644894
0.123059
0.122391
0.521693
0.0686236
1.32083
0.39773
3.45349
0.427867
1.56358
1.00887
1.09868
0.544534
0.0545333
0.507921
1.16616
0.266687
1.10504
1.77966
3.45897
0.2665
1.5873
1.09064
1.91219
0.0397275
0.601571
0.0544741
1.4456
1.25625
0.283511
0.499592
0.580085
0.0639927
0.733608
0.853093
2.4031
1.3658
0.0716082
0.410612
0.0890475
0.243486
1.78464
0.020973
0.0226728
1.14055
1.61622
0.624442
0.423391
1.18005
0.0838496
0.0481202
0.208415
2.14694
1.10089
1.16016
0.980798
1.01071
0.63768
0.712124
1.91911
3.21335
1.43118
0.382921
0.511402
0.182008
0.0772197
2.50851
2.44097
0.0493358
0.383135
1.79797
0.497488
3.27401
2.22781
0.703907
0.406349
0.474032
0.12223
0.384655
0.74385
0.0410147
1.35625
2.1195
0.206588
1.58387
0.0379209
2.59794
2.11971
0.462852
1.00035
3.19405
1.1246
3.69195
0.859828
1.02583
0.52477
0.725455
0.962269
0.901918
1.07812
0.972108
0.498778
1.21546
2.53236
0.93503
0.117744
0.172577
0.29629
0.119808
0.165998
0.0985068
1.64472
1.04469
0.315828
0.26375
0.478099
1.43923
1.01235
1.3182
0.063268
0.480399
0.646904
0.643209
0.823701
0.153919
0.751464
0.217811
0.681608
1.45374
2.49981
1.54053
0.0240436
1.35632
0.6404
0.0963468
0.732367
0.640598
0.0821453
2.52685
1.90101
1.07354
1.54833
0.843617
0.871067
1.3548
0.35665
1.99016
0.0994015
2.97265
1.34172
1.97016
0.186354
0.587078
1.29127
0.642172
2.39988
1.79115
0.688439
0.252312
0.53959
0.270221
1.28002
0.162351
0.193862
4.41428
1.46995
0.238156
0.764651
0.401682
0.438551
0.934943
1.20667
1.91846
1.13095
1.54115
1.49002
0.823217
1.0662
0.272546
1.73769
0.0732684
1.30252
0.580874
0.252089
0.226246
0.348844
3.39425
0.311767
2.98131
1.11213
0.330798
0.784588
0.325095
1.62696
0.0232397
0.20214
0.217406
1.06621
1.34988
1.59696
3.45603
1.30812
1.04578
1.24943
0.0436946
0.612697
0.681042
0.995751
0.202691
0.0212487
0.425677
2.47885
0.479582
0.777884
0.0576909
0.726028
0.381292
0.804716
0.024079
0.912635
0.706495
0.533442
0.701161
0.33251
1.61747
6.17456
0.111835
0.757232
1.23486
0.172469
1.72709
2.46765
0.184489
0.257659
0.7825
0.901192
0.0547145
0.0506684
0.631669
0.793148
0.0156736
0.0990264
0.692478
1.16834
0.56943
3.41177
2.54449
1.18667
0.744707
1.7149
0.650939
1.26839
0.29462
1.41929
0.230375
0.0762238
3.94789
0.263981
0.979865
0.878256
2.48967
1.75965
1.11067
2.01353
0.106927
1.9094
0.0475282
0.0052654
1.22908
0.0824145
1.09607
3.47201
2.88198
0.273136
0.113046
3.80474
1.02892
1.75186
0.176353
0.98022
0.958594
0.116567
1.88818
2.57442
0.413384
0.725753
1.87822
2.62242
0.111185
0.787125
3.47463
3.53449
0.0797741
3.3801
1.49608
2.32726
0.142673
0.0792106
0.0908129
