1.15038
0.806464
0.993733
0.849692
1.19386
0.855396
0.685567
2.06159
0.64482
0.410039
0.93776
1.41691
1.23926
0.710099
1.10545
1.0074
0.679744
0.758682
0.962558
1.16376
0.625725
0.919718
1.06773
0.976571
1.32457
0.727594
1.0955
1.15591
1.30786
0.844262
0.86715
0.774788
1.89845
1.25936
0.818689
0.762942
0.760961
0.881387
1.19636
0.629981
1.01226
0.740436
0.752349
1.27884
0.695081
0.99969
0.78042
0.519475
0.821531
0.728612
0.852288
0.666929
0.539427
1.12968
0.896379
0.950288
1.02441
1.09787
0.64723
1.35528
0.632595
0.885725
0.835543
1.06582
0.856314
1.19491
1.15527
0.479609
1.16118
0.649207
1.36253
0.732412
0.85767
0.823605
0.519172
0.629649
1.22692
0.670862
0.798081
1.28484
0.603581
0.430443
1.1007
1.63056
0.662272
0.832699
1.19076
0.657626
1.60043
1.4836
0.711927
0.914471
0.904293
1.12765
0.905277
0.741092
1.60723
0.363359
1.14054
1.03347
1.04856
1.10681
0.535653
1.31093
0.627153
1.13854
1.69668
0.778674
0.646594
1.2284
0.879502
1.26904
0.675639
0.578728
1.55629
1.19007
0.402234
0.618606
0.497845
0.817424
0.827081
0.454917
0.986401
1.08031
0.965703
0.789296
0.835317
1.37632
0.619996
1.65148
1.13896
1.02412
0.825425
0.947139
1.09385
0.883033
1.34911
1.4044
1.02306
1.24473
1.32388
1.03031
1.22792
0.611561
0.95321
0.81436
1.12775
0.895092
1.45334
0.516983
1.22165
1.44003
0.929607
1.81993
0.859397
1.46572
1.51681
0.804586
0.834045
1.00163
0.870784
0.625227
0.950923
0.85837
0.382005
0.993377
1.02733
1.04645
0.998657
1.03222
0.634316
1.52541
0.875199
1.19277
1.30833
1.32252
0.931405
0.585979
0.908878
0.902635
1.25754
0.603456
0.93011
1.95572
0.5527
1.13708
0.736375
0.869797
1.17293
0.738978
1.02094
0.958799
0.929131
0.641036
0.801106
1.69049
0.803951
1.03059
0.762735
0.659169
0.809593
1.35609
0.715557
0.993948
0.430464
0.838589
0.857045
1.76553
0.844204
0.685443
1.11999
0.790617
0.959881
0.634826
0.95311
1.45124
1.83285
0.74488
1.13951
1.32928
0.990859
1.27124
0.71579
1.09025
1.5379
0.718535
0.914115
1.57902
0.559388
0.804503
0.805262
1.11774
0.749332
0.891592
0.760997
1.23703
0.558005
0.917801
1.15982
0.967059
0.846814
1.17494
0.788419
0.795291
0.99924
0.776428
0.800463
0.797707
1.06029
0.948222
0.732522
1.44696
0.6385
0.747711
0.949736
0.348261
0.831625
1.29139
1.24528
0.607177
0.75059
0.65621
0.859194
1.27394
0.876966
0.700787
0.829237
0.761206
0.912511
0.83505
0.790248
1.25018
1.35003
1.05143
0.855904
1.03142
1.1305
0.790155
0.331617
1.10231
1.35782
1.21924
0.722264
1.22299
1.2301
0.954792
0.878433
0.701094
1.39403
0.773133
1.03774
0.876557
1.31096
1.5346
0.764631
0.643503
0.795317
0.852576
0.858296
1.35113
1.10215
0.875261
0.975349
1.04604
1.13854
0.943885
1.19791
1.69529
1.17293
1.22879
1.32977
0.919222
1.61903
1.97458
1.07412
0.772146
1.24267
0.985574
1.11916
1.20801
1.07198
0.72492
1.49937
0.754217
0.564126
0.934587
1.38815
1.7079
0.916492
0.863629
1.36722
0.701919
0.860966
1.14649
0.669198
0.513908
0.712864
1.03868
1.48
0.669389
0.69024
1.0004
0.694485
0.946135
1.35353
1.84608
1.29798
1.13493
1.37028
1.30948
1.2127
0.529337
1.51372
1.10569
1.0956
0.605294
0.554224
0.968926
1.20387
0.853298
1.48326
0.824515
0.712726
0.77813
0.9981
1.18932
1.16104
0.861705
1.14962
1.87868
1.10279
1.12999
1.137
0.808064
1.05056
0.74869
0.705232
1.13577
0.613193
0.677621
1.02095
0.457238
1.25744
1.12658
0.355566
1.35272
1.10038
0.956097
1.01149
0.627818
0.843334
1.49848
1.00558
0.6625
0.975851
0.596994
1.21972
1.20797
1.25844
1.67313
0.663171
0.814186
1.6318
0.761645
0.966848
0.744945
0.972422
1.14067
1.14333
0.550673
0.854902
0.993375
1.12744
1.78108
0.483206
1.2136
1.29628
0.557031
0.81434
0.570016
0.813808
0.739789
0.939338
1.08187
0.963299
0.958375
1.1162
1.37575
0.938977
0.787704
1.26532
1.57575
1.62846
0.620976
0.841246
0.924494
0.958167
0.684545
1.10222
1.02424
1.3802
0.702097
0.873886
1.19196
0.7866
0.987296
1.24437
1.22933
1.25284
1.16138
1.06403
1.15924
1.06792
1.33421
1.12074
1.63632
0.965859
1.18046
1.30989
1.03933
1.49291
0.579701
0.958336
0.768762
1.10766
0.566574
1.7401
1.09292
0.735353
0.764504
1.51268
0.851451
0.574718
1.25956
1.21849
1.21198
0.888634
0.725214
1.13616
0.999915
1.56422
0.91203
0.979844
1.00625
1.15869
0.658821
0.62616
0.735993
0.993657
0.718616
1.2481
1.07567
0.63245
0.850791
0.844781
0.930875
0.82991
1.32524
1.17273
1.20611
0.608841
1.29977
0.80766
0.540783
0.679069
1.04432
1.25608
1.11716
0.874297
0.862698
0.615122
0.67739
1.0934
0.541823
0.978992
1.04681
1.01425
1.474
0.867719
1.74514
1.58533
1.23329
0.585871
1.10615
1.16215
0.609818
0.783096
0.569575
0.834587
0.872019
0.65047
1.37822
0.610465
1.2919
0.86439
1.30763
0.715868
1.3191
1.48102
1.52295
0.760919
1.17525
0.766478
1.08533
1.00361
1.27519
1.14125
1.49361
0.892714
0.987525
1.09876
0.811816
0.650955
1.0757
1.05502
1.17248
1.54121
0.736728
1.14701
0.869582
1.21379
1.01999
1.0204
0.893166
1.16505
0.966231
0.781231
1.35705
0.841966
0.837931
1.06799
1.03548
0.63604
0.950249
0.937363
1.20086
0.679951
0.842006
0.873183
0.968184
1.03043
0.67045
1.044
1.20579
0.882724
0.796494
0.856109
0.751212
0.616025
0.830205
0.982221
1.06931
0.715355
0.718801
1.19354
1.29618
0.60705
0.572306
1.18575
0.803996
0.627024
0.651629
0.770169
1.06961
0.887973
1.22475
1.04224
1.05285
1.08895
1.03199
1.48669
0.532184
1.08365
0.696463
0.716693
0.800415
1.34495
0.664888
0.645473
0.942007
1.20551
1.00696
0.49064
0.642475
0.708024
1.10621
0.928242
1.08353
0.78016
1.14883
0.67211
0.897996
0.709037
0.886527
1.10826
0.697301
0.978303
1.11808
1.19466
1.13498
0.939469
1.24303
0.839626
0.559707
0.75655
1.15738
1.17948
1.16618
0.889901
1.06818
1.44819
1.13595
0.888922
1.24893
0.711963
1.16893
0.400583
0.931767
0.98823
0.703734
0.82438
0.793566
1.34117
0.782467
0.986596
1.40565
0.807052
1.15651
1.10823
0.76934
1.06343
1.06567
0.738262
1.38271
0.922167
0.924342
1.03523
1.67015
1.34449
1.27573
1.3621
0.809533
0.756004
1.01834
0.561023
1.90639
0.773468
1.3171
1.14257
0.871636
1.25415
1.77771
0.807864
1.51975
1.13652
1.08252
0.917116
1.40791
0.688123
0.62838
1.39401
1.24543
0.677747
0.845522
0.923926
1.1035
0.754357
1.11268
0.85574
0.877111
0.786374
0.718427
0.922348
0.745138
1.10237
1.42903
1.0225
1.19784
1.02836
1.48982
0.87594
0.876605
0.900503
1.01668
1.38134
1.45423
0.631935
1.13764
0.910712
0.920621
0.693878
1.00056
0.89656
0.888152
0.458859
0.607817
1.23338
0.935883
1.25946
1.41156
1.18074
0.519215
0.38134
0.781092
1.43653
0.412889
1.44774
1.16071
0.713386
0.871376
0.815354
1.56781
0.934449
1.38886
0.653903
0.743037
0.710076
1.58945
0.915462
1.26861
0.671502
0.45008
0.830337
0.554467
1.08829
1.17526
0.924982
1.08577
0.811492
0.755259
1.23946
0.713884
1.74971
1.42479
0.973499
0.916536
1.3918
1.02568
0.635348
0.910547
2.10355
0.995943
0.934096
0.79671
0.720737
1.16174
1.29275
0.904869
0.995465
1.05648
1.00831
0.859387
0.646014
0.496334
1.04681
1.15997
1.63658
1.03381
1.37145
0.800777
1.05302
0.821921
1.26631
1.21943
0.995025
0.749514
0.904336
0.774454
0.829205
1.08519
0.866067
0.843349
1.20007
0.688823
0.875571
0.594521
1.11077
1.5095
0.699786
1.33412
0.529332
0.938826
1.11652
1.31425
1.04449
0.624798
0.824528
1.163
0.999912
0.674326
1.20055
1.21796
0.385478
1.05348
0.785726
0.802944
1.21298
1.1911
0.899984
0.586503
0.805774
0.792219
1.07651
0.783094
0.738729
0.87575
1.23922
0.934336
0.902053
0.807117
1.29648
0.991954
0.551957
1.34109
0.84759
0.752552
0.793076
1.14188
0.653844
0.945112
0.674524
0.721592
0.991829
0.854513
1.4009
0.557821
1.45138
1.02127
1.43779
0.785614
0.982478
0.792042
1.0356
0.918211
1.29083
0.749516
0.991928
1.0996
0.871796
0.81296
0.85189
1.21483
1.05817
1.5418
0.672898
1.18928
0.994667
0.557777
0.755137
1.16237
0.951456
0.632242
0.997283
1.39302
0.860971
1.20337
1.1207
1.33048
0.942876
0.950224
0.651679
1.36722
0.81987
0.962429
0.784163
1.08045
0.794216
0.899188
1.91498
0.967574
0.871947
0.58367
2.00398
1.81696
0.952383
1.43161
0.977365
2.01207
1.10239
1.23049
1.62755
0.985616
0.858335
0.825534
0.975101
1.54956
1.51579
1.06271
1.01266
1.11761
0.968858
1.30869
1.30838
1.03615
0.790346
1.12713
1.10978
0.648606
0.761045
0.800879
1.10141
0.701045
0.933147
1.37544
1.49501
1.06466
0.893793
0.88056
0.834243
0.728351
0.475946
1.01807
1.37199
0.50213
1.37548
0.826841
1.28772
0.797789
0.600467
0.815618
0.981439
0.839625
0.902903
1.53927
1.08805
1.10632
0.582123
1.41278
1.02333
0.822894
1.16359
0.771213
1.51018
1.74219
1.08553
1.58319
1.11939
0.674235
0.988682
1.88064
1.30469
0.705489
0.777321
1.09752
1.10089
1.1543
0.823081
0.681484
0.818232
1.68242
1.08016
1.29087
0.50201
1.47568
0.468433
0.67295
1.60028
1.5788
1.12763
1.34222
1.20683
1.42032
0.904942
0.63662
0.974593
0.995999
0.898599
0.825792
0.663505
0.622082
1.19448
0.771547
1.19818
0.958993
1.02493
1.25229
0.67075
1.32891
0.775541
1.69267
1.3272
0.731323
1.75988
1.0266
1.04051
1.17806
0.702692
1.07831
1.10386
1.21686
1.05643
1.31528
1.56501
0.818676
1.22205
0.631678
0.712278
0.861994
0.723817
1.25464
1.54956
0.958766
1.46291
0.799102
1.01834
1.03007
0.80578
0.943339
0.797202
1.74025
0.678194
0.784372
0.985803
1.395
1.0322
1.62121
1.07933
1.13283
0.671849
0.959113
1.12844
1.26549
0.835518
0.385714
0.600248
1.31921
0.841665
0.908501
1.53488
1.43142
0.69073
1.15948
0.836364
1.17936
0.827037
1.53005
1.56911
0.844722
1.46863
0.600326
0.898042
0.606054
1.03548
1.29475
1.56655
0.971721
0.848508
0.555773
1.1631
0.790416
1.25447
0.571814
1.10283
0.82858
1.35186
0.818929
1.2665
1.80427
1.03747
1.18336
0.974157
1.31588
0.930417
1.23054
1.30157
0.410482
1.09027
1.38675
1.01409
1.45526
1.07962
0.722762
0.524625
0.958708
1.01401
0.657227
0.872449
0.982784
1.211
1.21254
0.912504
0.664983
1.58279
0.772953
1.1078
0.734268
0.859701
0.881217
0.578114
0.53969
1.25291
2.07366
0.734014
1.57573
1.24161
1.58261
0.758673
1.34549
0.716301
1.14261
0.993458
1.10316
1.35462
0.68126
0.612426
0.888018
1.036
1.09732
1.01847
0.904727
1.10687
0.884436
1.05298
0.959444
0.933412
0.738243
1.05357
1.03071
1.20124
0.942042
1.07375
0.528421
1.45941
1.03522
1.27371
1.21937
0.627801
0.789612
1.41708
1.02735
0.694801
1.18284
0.742353
1.11233
1.71629
0.755287
0.506701
1.09301
0.761718
0.996631
0.750531
0.983536
1.18507
1.11689
0.738143
0.733351
0.815129
1.09362
1.11919
1.13326
0.916255
0.883224
1.24598
1.32664
1.2947
0.976799
0.741273
1.30199
1.00466
0.83454
0.723005
0.902367
1.07759
0.724619
0.78869
1.05753
0.519549
0.691671
1.03752
0.977803
1.02253
1.37391
0.644952
1.10549
0.574433
0.951016
1.45417
1.1219
0.399208
1.24647
1.42306
1.35975
1.22457
0.925442
1.57569
1.36362
1.00404
1.62343
1.03686
1.1902
1.20019
0.899565
0.693402
0.67922
1.3
0.852275
0.753573
0.791894
0.974544
1.12751
1.57543
0.90781
0.72789
0.992939
0.93698
1.0538
1.20473
0.798617
1.05285
1.74127
0.835345
0.983702
1.10823
0.900034
1.36726
1.17864
0.848615
0.877677
1.25229
1.03588
1.24869
0.818992
1.37472
1.10898
0.511945
0.601896
0.784181
1.01665
0.528204
0.358988
0.696906
1.53133
1.38652
0.930443
0.650355
0.375569
1.40485
1.25452
0.725716
1.16273
0.804316
2.06345
1.17341
1.4146
0.928173
1.0622
1.6911
1.28923
0.970023
1.07264
0.962274
0.699833
0.825364
1.039
0.723686
0.909717
0.871967
1.07407
1.05607
1.16102
1.27976
0.827934
1.99538
0.526575
1.09923
1.21141
1.06758
0.78905
1.51608
1.31791
0.57215
1.44804
0.685768
1.27393
0.673271
1.00979
0.880841
1.01262
0.796576
0.822238
0.387431
1.474
1.54282
0.991563
1.13599
0.834601
0.987445
0.987168
1.40217
0.979605
0.59945
0.841648
0.880078
0.668268
0.821131
0.512139
0.858999
0.997304
0.7855
0.7525
1.13243
1.00537
0.635906
0.790851
0.803397
0.822095
1.09799
0.989349
1.04073
1.6209
0.659149
1.1769
0.941089
0.775584
1.23341
1.09723
0.762079
1.09492
1.13571
1.25898
0.822265
0.761945
1.17358
0.896728
0.903812
0.582906
1.03833
0.796773
1.09803
1.13439
0.974724
0.886505
1.70494
1.44278
1.27376
1.18268
0.833843
1.00701
0.767446
1.47637
0.677415
1.81541
1.08896
0.640013
0.742717
1.00266
1.28962
0.862987
0.877862
1.34193
0.373054
0.56322
1.23243
0.685579
1.36787
1.24888
1.06272
0.73305
0.936767
1.36043
0.439412
0.645725
0.73712
0.546336
1.10424
0.429922
1.24438
1.34203
1.35234
1.02646
1.35569
1.10457
1.03622
1.48431
1.5458
0.895683
1.01685
0.801888
0.783835
1.08899
1.43026
1.06564
0.640348
0.794489
0.70429
1.33581
1.16644
0.824644
0.834444
1.21335
0.798643
0.60147
0.598239
0.573125
1.44282
0.591522
1.0913
0.930523
1.20303
1.43893
1.18077
1.11354
0.729222
0.530182
1.12867
0.681267
1.14994
0.888248
0.640654
0.864881
1.09112
0.502173
0.645013
1.02961
1.03641
1.08374
0.956686
0.972169
0.82592
0.848203
1.08682
1.03863
1.49094
1.66035
1.07852
1.00118
0.971276
1.05396
0.871357
1.07674
1.26977
1.10969
1.57622
0.871387
1.45808
1.04994
0.820146
0.922841
0.480401
0.921579
0.751807
0.967853
0.687055
0.737938
1.05647
0.500976
0.958015
0.903421
0.604923
0.532603
0.678748
0.696125
0.953192
0.946193
0.926835
0.769761
0.959705
1.44516
1.01254
1.92572
1.40506
1.04367
1.35456
0.442734
1.00816
1.93672
1.46972
1.29114
1.36377
1.70843
1.07097
0.682076
1.40606
0.76503
0.808569
1.30543
0.526249
1.04951
0.562646
1.12826
0.863658
0.797096
0.863665
1.1213
1.15134
1.22259
0.95083
0.732423
0.997835
1.44419
0.679251
0.702574
1.08361
1.75278
0.77507
0.93572
0.85714
0.728417
1.11689
1.0006
1.13585
0.775714
0.548576
0.634467
1.0609
1.56168
1.34628
0.553574
0.677402
0.651285
0.592776
0.601367
0.898109
1.0367
1.14223
1.46817
1.13346
1.06109
0.37387
0.884075
1.44549
1.00604
1.03613
1.16688
2.43747
0.574929
0.440882
1.07405
0.83339
0.907052
1.45308
1.39202
1.61067
1.25211
1.19007
1.00369
0.756994
0.803787
2.07077
1.41518
0.969307
1.19159
0.630611
0.96432
0.960113
0.992507
0.593058
0.977556
0.983768
1.3926
0.708047
1.32874
1.08701
1.05965
0.649695
1.14718
0.712652
0.621785
0.349218
0.738536
0.40456
1.19998
0.741653
1.06186
0.534276
0.935277
1.17387
1.16555
0.667794
0.627661
1.17657
0.876399
0.604274
0.900336
0.802644
1.43087
1.02697
0.815613
0.898112
0.885625
0.511546
0.605516
1.32589
1.2354
0.49868
0.71538
0.844505
0.851079
0.488462
1.10443
0.707906
0.700458
0.708944
0.824904
1.36621
0.827144
0.809772
0.570275
1.04792
1.21572
1.15606
0.832541
1.24705
0.206847
0.670007
0.900392
0.632389
0.883422
0.565212
0.765117
1.17472
1.01913
0.882793
1.62711
0.337636
0.621789
1.17057
1.03224
1.33053
0.993789
0.729659
0.809346
0.756649
0.862048
0.793706
1.20018
0.666611
0.874125
0.566615
0.957454
0.768887
0.952828
0.563734
1.4081
0.609892
0.949181
0.923296
1.30579
0.851217
0.760842
1.32783
0.978646
1.11663
0.889466
1.72823
1.18654
0.986919
0.492855
0.770939
0.447253
0.889758
1.09978
1.17495
0.557902
0.840988
1.82192
1.49713
0.522283
1.09826
1.58619
0.854381
1.18962
0.688178
0.785916
1.43228
0.707818
0.729779
0.728328
1.27663
1.12529
0.55147
1.19266
0.696755
1.11917
0.641261
0.915971
1.02658
1.03709
1.01826
1.24956
0.550561
1.2062
1.25762
0.848
1.05421
0.741029
1.03202
0.774335
0.514964
1.09277
0.805925
1.27298
0.931297
0.716468
0.672376
1.12709
0.969904
1.66822
1.77243
0.940322
0.914534
1.02839
0.863753
1.53924
1.0128
1.24012
0.834512
1.08991
1.17418
1.07821
1.06177
0.814197
1.6759
0.856751
0.699108
1.40501
0.65898
1.38569
0.577305
0.916919
1.25527
0.506922
0.801398
0.884834
0.597449
1.24842
0.835135
1.53353
0.961196
0.908611
0.660175
0.519197
0.815432
1.20505
0.762788
1.41997
0.789367
0.965961
0.888789
1.02742
0.487706
1.12131
0.603562
1.29829
1.40008
0.891886
1.21827
0.86237
0.931057
0.818186
1.50702
1.46709
1.73276
0.99506
1.0992
1.2313
0.745247
1.08782
0.891818
1.63071
0.948819
0.851023
1.34972
1.59399
0.801699
1.06074
1.09647
1.06463
0.834629
0.798746
0.436713
1.17497
1.11846
0.864883
0.814801
0.772354
1.07369
0.994095
0.874892
0.861448
1.16297
0.975708
0.803591
1.48417
0.904217
0.866739
1.00715
0.877724
1.19522
0.884652
1.33711
0.913672
1.11632
0.712139
0.755809
1.51381
1.23918
1.02631
1.23511
0.601185
0.687714
1.10585
1.7347
1.57018
1.19464
1.73835
1.06693
0.623509
1.00195
0.8614
1.45394
1.00295
1.49692
1.07377
0.779204
1.07093
1.39205
1.0906
1.58342
1.59089
0.940008
0.972142
0.895215
1.22859
1.35717
0.823488
0.606568
1.08933
0.638985
1.13629
0.834685
0.677046
0.385207
1.0249
1.28882
1.37711
1.81726
0.890402
1.13724
1.06598
1.44906
1.29987
0.726621
1.22596
1.08157
0.988372
1.63846
2.07416
1.41323
1.2254
0.814471
1.17305
0.82786
1.6719
0.758744
1.01283
0.685145
1.15254
0.81679
0.743148
1.05896
0.402915
1.20016
0.68457
1.42391
1.06817
0.832336
0.593463
0.778332
1.12232
1.0271
0.930105
0.785361
0.765888
0.975076
0.588558
0.549813
0.769648
0.639292
1.52009
1.42683
0.729663
1.26394
0.681145
1.19685
1.01456
0.781444
0.600281
1.00895
0.926618
1.43606
1.08749
0.781326
0.70795
1.17688
1.81086
0.563061
1.08624
0.9418
0.694736
1.04216
1.3607
0.713796
0.700663
0.8508
0.667799
0.957007
1.08705
0.592055
0.78231
1.0024
1.7883
1.1723
1.18726
1.55718
1.753
0.985111
1.16795
1.12553
1.91584
0.437385
0.873564
1.41015
1.31417
1.18247
0.642731
0.806042
0.640086
0.502205
0.669415
1.16405
1.47636
1.26415
1.06413
1.11811
1.21888
0.759836
0.495862
1.03029
0.788199
0.770353
0.695434
0.567504
0.950319
1.08938
0.772771
1.01392
0.76288
1.14074
0.796171
0.902166
1.0239
1.11847
0.677091
1.45336
0.742585
0.90897
1.26298
0.803772
0.75792
1.21703
0.510128
1.18836
1.13423
1.10573
0.838588
1.48068
0.682959
1.00296
0.966165
1.3438
0.887191
0.89902
1.53965
0.864157
0.803468
1.47386
1.17333
1.8782
0.703673
1.14504
1.03343
0.639476
2.3261
0.733698
0.86452
0.741585
0.605846
1.18487
1.10732
1.14431
0.803808
1.08561
1.26484
1.13848
1.17846
0.869541
1.34833
1.10637
0.642296
0.857571
0.734433
1.30839
0.820145
1.31105
0.572429
0.970093
1.11216
0.539642
0.532197
0.966107
0.683424
1.04643
0.92613
0.725977
0.560696
1.35973
1.26879
0.786277
1.02649
1.23531
1.09199
1.26718
0.614161
1.49466
0.840499
1.47342
1.06967
1.24979
0.783613
0.837554
0.894855
1.22518
0.769728
0.635917
1.52825
0.741962
0.863968
1.11011
1.09335
0.681438
1.30725
0.958208
1.4183
1.1631
0.777284
0.814043
1.163
1.07692
1.14265
0.966855
1.16666
0.790624
0.586782
0.602226
0.979175
0.591969
0.70982
1.34997
1.52449
1.45623
1.04882
0.651502
1.22568
1.28438
1.33042
1.02894
1.36175
0.554888
0.823538
0.439734
0.983986
0.79067
1.64626
1.37572
1.29214
0.731441
1.16305
1.184
1.11416
0.527322
1.00585
1.73959
0.999052
0.845849
0.992941
0.996999
0.595692
0.879689
0.881303
0.761261
0.654249
0.668426
1.60273
0.92257
0.532982
1.47854
0.82861
0.706925
0.936111
0.826498
0.797028
0.830147
0.978852
0.641488
0.400434
1.19596
0.780815
0.972859
0.507639
1.09431
0.944641
0.500609
1.54477
0.51948
0.625896
0.808545
1.09762
1.53462
0.77882
0.506901
0.850621
0.849403
1.26926
1.41874
0.741319
1.00494
1.37576
1.42873
1.41855
0.482815
1.15658
0.974382
0.922399
1.01978
1.05795
0.472344
0.595369
1.30857
1.96533
1.13884
0.849495
1.29854
1.01437
1.00143
0.486728
0.712711
1.14345
0.666432
1.0904
0.702091
0.662889
1.3589
1.06882
0.446917
0.894008
0.796121
0.861148
1.44761
1.2919
1.00913
0.486969
0.971848
0.757719
0.807505
0.965893
0.721768
0.970763
0.775083
1.57468
1.67742
0.728995
0.428478
1.40634
1.23941
0.516409
1.10182
0.778222
0.871065
0.85491
1.17483
1.18316
0.981635
1.02398
0.796612
0.756284
0.976237
1.15704
0.993084
1.03467
0.767006
1.20665
0.979239
0.707117
1.4104
1.39563
1.0794
0.837242
0.953308
0.964404
1.08672
0.795752
0.730897
0.48546
0.951686
1.37854
1.05516
0.876278
0.857323
1.51048
1.01719
1.08788
0.771588
1.09479
0.774529
0.904147
0.674216
1.7578
0.898722
0.754845
1.00364
1.00272
1.39724
1.22991
0.95763
0.81713
1.56547
1.6899
0.77855
1.39037
0.916879
0.706457
1.09696
0.466377
0.659663
0.411393
0.709944
1.99277
1.52782
0.934482
0.573041
1.22879
1.20749
0.844889
0.720584
1.15588
0.889651
0.830575
1.23616
1.14141
1.07549
0.744056
0.699074
1.57424
0.880775
0.724141
1.00159
1.42253
0.974582
1.17404
1.34006
0.676919
1.0183
0.924697
1.03457
1.04471
0.970464
0.942154
0.782637
1.07281
0.951063
0.845186
1.14085
1.50761
1.16932
0.479897
0.814481
0.936928
0.414361
0.69133
1.15863
1.0193
1.08033
0.770127
0.799069
0.917248
0.999112
1.01825
0.94142
0.604964
1.17225
0.604428
0.668643
0.783071
1.00721
0.782023
1.11727
0.846124
1.33381
1.16005
1.28393
1.05392
1.03732
0.947837
1.54145
1.56431
1.15664
0.882279
0.996526
1.01351
0.702504
1.55935
1.02728
1.30187
0.85184
0.82357
0.703414
1.17459
0.675086
1.08599
1.00658
1.15778
0.92139
0.725135
0.839609
0.510978
1.46581
1.15105
0.749209
1.1779
0.960839
1.21866
1.0453
1.08775
1.16283
0.937427
1.22249
1.33521
0.91727
0.907298
1.07769
1.21888
0.900121
1.46147
0.695474
0.703963
0.892208
1.09273
1.50631
1.38735
0.907472
0.798191
0.668659
0.794508
0.731348
1.36187
1.018
1.76416
0.924118
1.27178
0.856302
1.06715
1.58663
1.00068
0.755526
0.696816
0.51722
1.16807
0.896741
0.646488
1.1493
0.695859
1.02732
0.776698
0.953337
0.969975
0.821845
1.56062
0.94763
0.990729
1.10284
0.854762
0.628117
1.04582
1.64684
0.428615
0.748943
1.55157
0.80084
1.0707
0.832821
1.16402
1.09569
1.49139
0.697394
0.932545
1.81567
1.33396
1.5021
1.01342
0.797878
1.51612
1.04043
0.934441
1.09147
1.22869
1.00783
1.67189
0.792089
0.858114
0.847201
1.21115
0.615682
1.16598
0.650723
0.698715
1.40195
1.13843
1.00778
0.719385
1.57525
0.881622
0.768045
1.50133
1.16961
0.688937
0.544217
1.10723
1.74011
1.09035
0.869389
0.747232
0.957811
0.911816
0.703631
1.24479
0.996279
0.820905
1.05388
1.07904
0.76593
1.13482
0.838286
0.876708
0.774549
0.686249
0.760543
0.619987
0.76233
1.17708
1.15998
1.01227
0.836428
0.949782
0.942663
1.18923
1.47361
0.748039
0.81742
0.756284
1.10697
0.883621
0.876921
0.971222
0.508715
0.88736
0.905572
1.19364
1.18481
1.09215
0.817178
1.42562
0.829931
0.813141
1.27591
0.831835
1.76862
0.656202
1.25353
1.02438
0.970177
1.09853
1.42687
1.34238
1.01776
1.9081
0.67075
1.59228
1.87053
1.38309
0.898717
1.01928
0.905265
0.341364
0.996801
2.0867
1.60797
1.30331
0.795234
0.962559
0.523804
0.499383
0.838851
0.743915
1.13293
0.850757
1.27076
0.801019
0.857431
1.17508
0.854675
0.977382
1.06357
0.698351
1.41714
1.23527
0.80908
1.05635
1.9006
1.19993
0.765172
1.15977
1.08641
0.44065
1.30579
1.5213
0.951277
2.04365
1.04911
1.38961
1.10953
0.976671
0.688931
0.998927
0.766718
0.496171
1.11327
0.691332
0.685085
0.775298
1.32899
0.70869
0.849161
1.5553
1.18026
0.907616
0.790689
1.57277
0.513886
1.02945
1.37501
0.95803
1.25835
0.688402
1.57383
0.622142
1.10222
1.03135
1.05511
0.697044
1.04285
0.773016
0.877623
0.864358
0.767913
0.935575
0.960491
0.947839
1.66048
1.20721
0.818238
1.04272
1.47643
1.19541
1.43873
1.0065
1.01418
1.7761
1.23963
1.03445
1.34097
1.22299
1.02885
1.47813
0.693475
0.897335
0.678102
1.15895
1.29089
1.19318
0.670911
1.28971
0.956766
1.37105
1.03948
1.07225
0.401405
1.11415
0.854601
0.958836
0.677399
0.735394
1.53252
0.802346
1.52172
0.851774
1.31185
0.839334
0.797628
0.990612
1.02463
1.18515
1.09917
1.28245
0.859659
0.642408
1.68263
0.960726
0.778083
0.971998
1.10058
0.860911
0.767699
1.3589
1.37062
1.09977
1.19587
0.573051
1.25328
0.716903
1.30097
1.05566
0.931994
0.995439
0.747724
1.59267
1.29178
1.01634
0.947759
1.3083
1.49847
0.732147
1.26504
0.798888
1.90253
1.15663
1.27803
0.732756
1.18749
0.887993
0.878321
1.61195
1.7393
1.06947
0.754268
0.861098
1.26117
1.00292
0.748481
0.565592
1.33729
1.03445
0.524871
0.96575
0.847072
1.64962
0.890957
1.36862
0.935201
1.08311
0.655702
1.40951
0.79062
0.794433
0.546357
0.989452
0.95193
1.08323
0.943164
0.392
0.596481
0.976485
1.13884
1.03068
0.844387
0.76193
2.33012
1.59093
0.982363
1.28381
0.689125
0.982172
1.15073
0.876835
0.81864
0.703402
1.64411
1.35088
0.831115
0.85103
0.776229
0.634682
0.893726
0.954401
1.18888
1.36172
1.02877
1.03073
0.649436
1.67426
2.22343
0.953096
1.62483
1.2815
0.924649
1.20798
0.927899
0.855503
1.02278
0.988206
0.822214
0.346331
0.751937
0.891703
0.968819
1.22656
0.801955
0.658028
0.61948
0.880535
1.12931
0.690001
0.766696
0.733742
0.96486
0.980317
1.1827
1.06425
0.204289
1.04706
0.85717
0.664814
0.733553
1.13974
0.913091
1.54943
0.661082
0.774995
0.761684
1.0289
1.34607
1.2063
0.919369
0.790128
1.11392
1.02451
0.786647
0.728455
1.62337
1.41624
0.810147
1.03907
1.11413
1.22754
0.640103
1.22284
1.25165
1.22292
0.830998
0.577076
0.673777
0.945947
0.774916
1.35205
0.737301
0.858444
1.23578
0.886116
0.525086
0.765265
1.12582
1.28921
0.395256
0.519872
1.6148
0.743961
0.991297
0.830789
0.701588
0.851384
1.01654
0.80709
1.42616
0.785081
0.577125
0.935605
0.476152
1.15112
0.753835
0.918352
0.798109
1.45032
1.79423
1.3945
0.958298
0.858405
1.6488
0.514537
0.852776
1.0146
1.23537
0.877148
1.0178
1.00647
1.36582
0.727739
1.00672
1.34835
0.845301
0.817945
0.866327
0.771376
0.946754
0.977322
0.711914
1.76341
0.621159
1.47172
2.33137
0.855171
0.701203
0.917978
0.784976
1.19787
0.900713
0.802327
0.653998
0.886035
1.21005
0.818457
0.595154
1.28356
0.964466
1.12096
0.787412
0.91297
1.45813
1.36959
0.675422
1.34125
0.911762
0.97963
1.0348
0.670902
0.563382
1.10905
0.611598
1.31308
0.44957
0.755916
0.877317
1.04721
1.37958
1.01078
1.11169
0.580094
1.53879
0.755795
0.409931
0.64367
1.03697
1.07423
1.66722
0.67596
0.784945
1.06761
0.811865
0.779359
0.416987
0.699377
0.366948
1.19256
0.613399
0.754686
0.788954
0.713064
1.12206
0.838141
1.25507
0.59826
0.95207
0.81919
1.19702
1.14077
1.40334
1.38331
1.18783
1.34356
1.01485
0.946255
1.31906
1.08197
0.910499
0.881352
0.854591
0.66722
1.96655
0.809226
0.498988
1.11368
1.28411
1.11028
1.11133
0.822065
0.663153
0.653963
1.11813
0.662778
0.559061
1.66247
1.3259
1.00598
0.894424
0.980817
0.767166
0.55278
0.552656
1.00616
0.954415
0.912621
0.446285
0.985327
0.580701
1.6107
0.535253
0.992649
0.679779
0.749504
1.0994
1.47371
0.81035
0.746209
0.681537
0.963733
0.722742
1.13894
1.41412
1.13027
0.713531
1.51538
0.669706
0.869208
0.859027
1.00394
0.861682
1.2428
1.19031
0.377294
1.33925
0.812126
0.858704
0.937944
1.13939
1.08947
1.2939
1.10447
0.716697
0.737886
1.45731
1.41457
0.741569
0.694298
0.443751
0.862826
0.838336
0.903466
0.851736
0.883082
1.01197
1.13204
1.3596
0.805644
1.44823
0.694263
1.02178
0.984068
0.947663
1.07141
0.353844
0.776487
1.12628
0.832651
1.02299
1.28418
0.88897
0.747779
1.33913
0.849485
1.15002
0.690187
0.89576
1.24618
1.0667
0.777443
0.65828
0.452986
0.786959
1.60595
0.541093
1.08351
1.28237
1.0072
0.654902
1.88801
0.818919
1.09037
0.996473
0.776291
1.56712
0.479338
1.31464
1.09946
0.833261
0.778244
1.33298
0.891918
0.68004
1.13052
1.32012
1.02793
0.657827
0.572849
1.06114
0.811735
0.92433
0.845803
1.23321
0.77858
0.559792
1.08713
2.02751
1.00616
0.951705
0.711547
0.919013
1.38731
1.3175
0.992931
0.704979
1.11585
0.658692
0.842761
1.28467
1.21249
0.901738
1.44192
0.887555
1.41592
0.502438
0.816376
1.01391
0.794834
0.545216
0.784933
0.787546
1.08822
0.553149
0.626813
1.5496
0.95364
0.952153
1.68833
1.56412
0.950253
1.31795
0.929936
0.762758
0.818246
1.15225
1.00099
0.717325
0.689786
0.911508
1.22457
0.927391
1.22168
0.496573
0.525358
0.834806
0.848495
0.821215
1.14007
0.70316
1.2112
0.94037
1.1935
1.68508
1.46595
0.913982
0.587757
1.28009
0.665358
0.983961
1.17222
1.03857
0.950274
1.60677
0.636633
2.01442
1.03556
1.64523
0.673859
0.947923
1.14384
1.43279
1.0756
1.22573
0.783913
1.48067
0.971816
1.02351
1.29246
0.944428
1.08982
0.935094
1.01179
0.805874
1.08112
1.28343
1.09234
0.662849
0.881873
1.30202
0.674424
1.21987
0.642698
0.892925
1.03683
0.4237
0.748127
1.17257
0.424178
0.960911
0.889542
0.846619
1.20892
1.62084
1.41148
0.923172
1.54875
0.605199
1.15744
0.761897
1.1466
0.885479
1.14849
0.896127
0.691955
1.61798
1.16224
0.450247
0.859829
1.44452
1.18868
0.933417
1.1133
0.605006
0.63383
0.621529
1.65478
1.08422
0.948679
0.978393
0.930493
1.28204
1.23833
1.45665
1.5365
1.15369
0.629589
1.14388
1.18014
1.70259
1.02494
0.639979
0.81169
1.38601
1.17466
0.565102
0.710867
0.802027
1.72942
0.61689
0.920739
0.528898
0.744292
1.03409
0.719282
0.999246
1.1257
1.36445
0.962025
0.938392
0.62701
1.26122
0.915901
0.965438
1.4269
0.984896
0.943777
0.748468
1.10739
1.3244
1.08373
0.403116
1.85915
0.968768
0.830815
1.16201
1.36734
1.28336
0.879815
1.37902
0.819959
1.04667
0.665733
1.27098
0.428047
1.3922
0.603828
0.651622
1.24517
1.11187
0.544964
0.658371
0.338169
1.11613
1.07145
1.01305
0.94549
0.796289
0.734935
1.07792
0.760457
1.0463
1.0188
0.688636
1.37366
1.10192
0.880473
1.15835
0.958201
0.433675
0.651167
0.851832
0.985219
0.527566
1.42445
1.47839
0.988869
0.747691
0.700994
0.544795
1.00395
1.26574
0.98316
1.02708
1.53799
0.699744
1.09209
1.62408
1.72008
0.878199
0.949571
0.950842
0.767481
0.782946
1.06081
1.08358
1.47687
0.630645
1.18763
0.889653
1.17674
0.607579
1.30606
0.747029
0.778324
0.705987
1.09844
0.720362
1.36069
0.605546
1.15752
0.98699
1.37873
1.16693
0.679018
0.847423
1.36415
0.944986
0.543081
0.791098
0.644405
1.23458
0.869171
1.04463
0.649947
1.61385
0.917014
0.524026
1.18385
0.949196
0.501167
0.589353
0.723754
1.27787
1.02157
0.600745
0.645195
1.34814
1.4116
0.535514
0.833352
1.00515
1.34216
1.41492
1.10953
0.73867
0.863847
1.06674
1.15242
0.597836
1.27328
1.48564
0.9403
0.909211
1.43721
0.756901
0.974266
1.11127
1.00408
0.95197
1.56361
0.81248
0.651757
1.12306
0.895366
0.848787
0.918537
0.937084
1.20641
1.36682
0.725795
0.972014
1.51726
0.55561
0.968519
0.823357
1.13619
0.578579
1.06844
0.907267
0.955384
1.48774
0.646864
0.712657
1.29334
1.21795
1.49409
0.929412
0.818044
0.676509
0.876481
0.97948
1.59603
1.14524
0.951939
1.11032
1.11286
0.911791
1.87853
1.63953
1.18842
1.14402
1.10183
1.05206
1.15311
0.828216
0.884983
0.682317
0.857039
1.19473
0.791517
0.821379
0.600124
0.611932
0.597998
0.9979
0.616048
0.529039
0.666411
0.651464
0.963098
0.782425
1.25408
1.56168
1.49426
1.01986
0.987351
0.991035
0.758514
1.58251
1.05748
1.02986
1.06636
0.573964
0.978638
1.41981
0.927442
0.811725
1.04657
0.810775
0.761977
1.1772
1.24543
0.481587
0.629196
1.17061
0.458181
0.959925
0.721612
1.04289
0.470648
1.1423
0.549752
0.909011
0.989973
0.388527
0.656124
0.97184
1.19382
1.27571
1.20725
1.23256
1.03506
1.09613
0.881666
0.784434
1.27569
0.877564
0.973581
1.71753
1.47068
1.04175
1.42633
0.885212
0.594521
1.00455
0.697829
1.05752
0.864666
1.11309
1.07257
1.24762
1.21335
1.01395
1.02574
0.993093
0.711281
1.61444
1.3749
1.19908
0.904278
0.967886
0.929334
1.27589
0.764728
0.993581
0.419075
1.45111
0.821687
1.25241
0.502434
1.23513
0.597272
1.16158
1.54757
1.04631
1.51795
0.972077
1.33608
0.643151
1.23856
0.675493
1.42331
0.63254
1.00348
0.865964
1.27138
1.09604
0.785207
0.995876
0.897526
1.21063
1.64095
1.32568
0.910469
1.18684
0.650121
1.17411
0.568582
1.42369
1.28298
0.76755
0.973183
1.0609
0.761602
1.28797
0.49151
0.918454
0.943444
1.11278
1.23386
0.564031
1.15732
1.36874
1.31881
0.964179
1.20738
1.05515
1.16935
1.01437
0.967253
1.00143
0.635969
1.20064
1.03134
1.0795
1.07768
1.21864
0.826898
0.847174
1.03959
1.24805
1.40213
0.765863
1.24542
1.56897
0.844576
0.691634
1.04801
0.982151
1.54395
1.38673
0.851726
0.996766
0.866693
1.22613
1.24743
0.923169
1.33567
0.94568
1.03164
0.848604
1.06293
1.09442
0.71458
1.21924
0.911514
0.818107
0.87464
1.15911
0.601848
0.618936
1.51175
0.874787
1.42737
1.11256
0.765041
0.820318
1.10215
0.82825
1.14685
0.740903
1.04343
1.63814
0.903075
0.905021
1.24462
1.00223
0.72868
1.02319
1.72933
0.676978
0.843413
1.34052
0.6489
0.717601
1.00812
0.811378
1.39637
0.658829
1.33632
0.693942
0.811603
0.692843
0.893127
1.38893
0.808866
0.645404
0.479976
1.10326
1.09926
1.03955
1.78734
0.867453
0.890952
0.927661
1.1416
0.941093
0.915504
0.885322
0.477375
1.15912
0.761051
1.94056
0.525085
1.33481
1.40198
1.54267
0.771496
1.19256
1.95841
0.825792
1.59517
1.27562
0.920378
0.932402
0.653673
0.869262
0.636227
1.01611
0.674642
0.663371
1.2333
1.14896
1.30736
0.56923
1.06246
1.65558
0.968718
1.07112
0.733041
1.61164
1.6399
0.5602
0.520056
1.53545
1.6035
1.91977
0.814266
0.672788
1.17569
1.2938
0.603475
1.17057
0.531665
1.38834
1.28957
1.03215
0.662445
0.762354
1.08987
1.37197
1.42263
1.2095
0.914648
1.16355
1.53277
1.51404
1.21077
1.17499
0.982909
0.913673
1.20815
1.21513
1.24505
0.843126
1.88255
1.04657
0.710834
1.50007
1.35602
0.43721
0.778178
1.17823
0.679565
0.824112
0.79722
1.00459
1.50542
0.7226
0.988248
1.06695
1.04958
1.26156
0.720917
0.719669
0.765864
1.07199
0.594402
1.00117
0.753211
0.995827
1.03624
0.864225
1.29984
1.03463
1.17286
1.03811
1.44015
1.17248
1.23162
1.69117
1.12475
0.338421
0.891443
0.858719
0.909151
0.795982
0.742683
1.11739
0.926937
0.928448
1.31251
0.669642
0.997899
0.593259
0.661778
0.757502
0.820078
0.591703
0.886041
1.12034
0.634678
0.860962
0.916989
1.25361
1.46552
1.13157
0.877776
1.0221
1.16824
0.581516
0.958743
0.551565
1.36869
1.17438
1.28517
1.03362
0.504899
0.897442
1.11307
0.848643
0.662887
1.2708
0.874784
1.20342
1.1825
0.82896
1.13355
1.24081
0.681344
0.707817
0.628266
0.179983
1.24266
1.17725
1.24905
0.470109
0.632237
0.965164
1.09015
0.692024
0.987103
1.21437
0.607973
0.967647
0.992153
1.03357
0.604227
1.01917
0.730417
1.13152
0.992641
0.837093
0.553434
0.736706
0.47152
0.780524
1.0392
1.08883
1.4473
1.09384
0.97169
1.01514
0.932288
1.09596
0.827283
0.745604
0.670944
1.4366
0.914594
1.26726
1.22684
0.686437
0.942012
0.823179
0.549525
0.974801
0.565921
0.364928
0.878585
0.784694
0.881044
0.804133
0.645916
0.730013
0.59271
0.944434
1.36136
0.911522
1.02768
0.669068
0.976559
0.503643
0.599832
0.653547
0.557882
1.40025
1.12042
1.1898
0.739926
0.838901
0.752234
0.731092
0.947977
2.03909
0.86381
1.32662
0.676007
0.820957
1.1781
1.08677
0.846027
1.3556
0.954689
0.647125
1.5104
1.30465
1.11931
1.38975
1.2481
0.950064
1.19106
1.97387
1.11476
1.26226
1.15773
1.54966
0.461033
0.817604
0.666682
1.33842
1.00769
0.60185
1.39336
0.941341
1.27364
1.69528
0.966956
0.903184
0.994651
0.656816
0.955031
0.805505
1.53834
0.684139
1.55946
0.930223
1.01103
0.685334
0.731824
1.06275
0.429076
2.32449
0.51163
1.38221
1.87745
1.3283
0.588489
1.04615
1.12485
1.00229
1.15556
0.782527
0.975804
1.03093
1.37885
0.928838
0.748594
1.06808
1.87003
1.31123
1.08838
0.973138
0.582789
1.20156
0.894142
0.771779
1.14498
0.467654
1.03751
1.02344
1.39307
0.984844
0.709817
0.976303
0.492539
1.5795
1.83056
1.11011
1.37051
1.03857
1.00662
0.913774
0.985286
0.653488
0.896319
0.663892
0.765033
1.37473
0.928812
1.11303
0.606482
1.11916
0.50744
0.611419
1.04946
1.12116
0.763819
0.81507
1.95314
0.861119
1.05345
1.01274
0.579286
2.19433
0.87435
0.720103
1.24864
1.09137
0.72982
0.437599
0.626972
0.904211
0.8629
0.915894
1.17873
0.876947
0.753234
1.10631
1.11518
0.590543
1.4603
0.878159
0.796781
1.57633
0.878703
1.27321
0.911244
1.20885
1.20544
1.05844
1.31257
1.48226
1.13476
1.03522
1.06931
1.48296
1.14409
1.49039
1.32733
1.02034
0.811716
1.1032
0.982826
0.716939
1.26637
1.10683
0.782413
0.800746
1.58869
0.669497
0.839941
1.12902
0.612278
1.14673
0.897592
0.751376
0.883094
1.33488
0.952507
1.06393
0.579098
1.06222
1.15906
0.967128
1.24629
0.971879
0.792117
0.726701
1.65697
1.01141
0.996702
0.718475
0.853785
1.29829
0.94112
0.672046
0.785142
1.38064
1.09331
1.00556
0.722796
1.70513
0.59276
1.27611
1.29989
1.22886
1.04997
1.58738
1.13034
1.06896
0.89547
0.995404
0.604007
1.25606
0.680118
0.464
0.935626
1.34978
0.798297
1.29463
0.529186
0.584531
0.589192
0.974369
0.611578
0.710989
0.689435
0.795888
0.864784
1.10527
0.744672
1.17065
0.852222
0.915171
1.13982
0.951295
1.13849
1.00753
1.41854
0.966404
0.613288
1.44491
0.712383
0.702691
0.674118
1.09887
1.30755
0.79965
0.630632
1.03756
1.2677
0.998083
0.8361
0.74266
0.587259
0.662362
1.03693
0.868858
0.913255
0.574251
0.976938
0.849185
1.13852
1.36914
1.09592
1.34091
1.02867
1.01553
0.498124
0.389703
1.36582
1.14806
0.760345
1.02035
0.881221
0.960495
1.27963
1.04356
0.933943
1.42559
0.769753
0.980752
1.23984
0.537954
0.796264
1.05256
0.877473
1.26292
0.772051
0.728267
1.73062
1.01069
0.521627
0.57768
0.785231
0.751382
1.70114
0.594669
1.30663
0.755305
1.0142
1.37056
1.13489
0.684919
0.698423
0.766491
1.12925
0.854097
2.32067
1.48967
1.01563
0.726614
0.931172
1.20878
0.728218
0.795224
0.957707
0.796277
0.661947
0.476822
1.13368
0.900996
1.06492
1.2039
0.920304
0.500409
0.742589
0.774909
1.48229
0.54653
0.984483
0.655568
1.05213
0.916817
0.655561
0.699596
0.714632
1.07263
0.524517
1.86208
1.22538
0.840345
1.27591
0.696941
0.713877
1.03598
1.44425
1.28637
0.855532
1.10565
0.912292
1.08531
1.00993
0.71845
1.37579
1.59447
1.34771
0.973709
0.722277
0.756434
0.44704
0.523815
0.840889
0.75303
0.449046
1.43452
0.990458
0.958301
0.950804
1.60739
1.46582
2.02299
1.31629
1.04144
0.90391
0.88721
0.798725
1.32311
0.694371
0.921598
0.896374
1.22348
0.766798
0.684505
1.36694
0.931512
0.868379
0.754395
0.586958
0.874486
0.694463
1.13005
0.510665
0.710998
0.762587
1.26434
0.769403
1.72213
1.38311
1.14204
1.11166
2.43404
0.918812
0.636242
0.835463
0.69167
0.625243
1.05454
0.713876
0.921695
0.995307
1.03932
0.713189
0.833556
0.787941
0.862633
0.496964
0.743712
1.32189
0.970285
0.92341
0.835729
0.853949
0.77298
1.17193
0.483426
1.24764
0.802915
1.29348
0.679381
1.14839
0.894276
1.15576
0.918054
0.974451
1.39459
0.932778
1.11822
1.15185
1.18247
1.10535
0.644725
1.25572
1.43038
0.824351
0.710215
0.798623
0.667935
0.850162
1.00698
1.2184
0.718671
0.678521
1.84437
0.772661
1.162
1.24086
0.994847
0.86814
0.597242
1.22168
1.29799
0.995141
0.976112
1.07498
1.22742
0.881097
1.06408
1.96557
1.01028
0.962572
0.827646
1.75766
0.616183
0.61672
1.62742
0.618918
0.779198
1.17436
0.57006
1.01966
0.924894
1.52717
0.953929
1.82207
1.84715
0.852543
1.10561
1.34271
1.42589
0.759352
1.03025
0.942258
1.08224
0.993078
1.1374
1.02997
1.89063
0.629631
0.62457
0.847544
0.725133
0.904624
1.14921
0.949778
1.34685
0.551774
1.10175
0.601553
1.09193
0.929899
0.921062
1.16952
0.471651
0.863841
0.783206
0.825773
0.877879
0.837308
0.753999
0.716618
0.929888
1.01544
1.00594
1.30389
1.00224
0.8355
1.5574
1.38758
0.684139
1.42994
0.924829
1.5273
0.948393
0.652255
1.13514
1.7577
0.9124
0.598443
1.85873
0.631749
1.38171
1.10127
0.675008
0.738039
1.64316
0.675228
0.86039
1.1733
1.05069
0.935771
1.08916
1.0375
1.0649
0.669254
1.46951
1.12089
0.642732
0.992957
0.940347
1.77577
0.813847
1.03241
2.11752
1.01583
0.944819
0.804232
0.613886
0.804517
0.63373
1.27223
0.561406
1.68794
0.755349
0.897064
0.618049
1.11485
1.39751
1.44711
0.619179
0.769112
0.747232
0.752389
0.733425
0.867986
1.07691
1.54075
0.742085
1.34374
0.966023
1.26103
0.556556
0.859633
1.29858
1.34247
1.15862
0.793139
0.618952
0.739869
0.980446
1.08511
1.13711
0.757687
0.986381
0.846711
0.859795
1.1183
0.898873
1.32287
0.926882
0.987198
1.11398
1.12958
1.61735
0.706001
0.794466
0.511571
0.577973
1.174
1.38566
0.905995
0.588473
0.793207
1.19665
1.16138
0.833653
0.589326
1.06943
1.12591
1.2518
1.23193
0.974391
0.892784
0.746028
0.649932
1.02609
0.758822
0.790902
1.18503
1.32301
1.01809
1.28543
1.02129
0.674412
1.08736
1.1583
0.577541
0.956086
0.734948
1.43016
0.50641
1.23521
1.04375
1.04037
1.72703
0.772589
1.14254
1.23399
1.11662
1.35394
0.847078
1.73869
1.16263
0.582131
1.94194
0.81201
1.033
1.05085
1.13593
1.04144
0.925992
1.4252
0.927512
0.646551
1.70931
1.78242
0.871283
1.30048
1.26703
1.20184
1.44951
1.25855
0.890412
0.870635
0.842917
1.46479
1.32363
0.732563
1.21179
0.472615
1.03926
0.761189
1.14696
0.605504
1.52094
1.32377
0.911752
0.745174
1.22586
1.20917
0.890524
0.731832
0.957631
0.857142
0.633073
0.671714
0.904163
0.602773
0.724025
1.03939
0.63193
1.44536
0.818605
1.57206
1.00213
0.916891
0.918227
0.961215
0.360441
1.41731
1.27685
0.691956
0.345547
1.04116
0.870788
0.941374
0.867341
1.00435
1.56151
0.929663
0.909326
0.675295
0.44511
0.869477
0.808084
0.673047
1.08003
1.40472
1.04566
1.01844
0.8918
0.823529
0.498191
0.60255
0.771024
1.04325
1.16106
0.74023
0.905803
1.64192
1.27835
0.891347
1.48272
1.44605
1.30938
1.09942
0.689743
0.781293
0.715565
0.792799
0.852059
1.30551
1.20013
0.681695
0.799308
0.519906
0.842523
0.829056
0.85484
0.998455
1.20455
0.997765
1.94261
1.09205
1.3179
1.095
1.30601
1.01457
0.714515
0.968388
0.823118
1.05269
1.09692
1.13182
1.32099
0.696066
1.22227
0.86229
1.33462
0.836742
1.22061
1.3377
0.874116
1.29851
0.902054
0.727064
1.20298
1.088
0.85866
0.862849
0.701848
1.48119
0.830472
0.930298
1.54573
1.12219
0.651975
2.05711
0.873333
0.760619
0.385305
1.35878
1.31732
1.04787
1.36758
1.28829
1.27556
0.939929
0.599809
1.23149
0.954004
0.956904
0.843632
0.44088
0.947036
0.687425
0.749082
1.05886
0.970184
1.45091
0.795789
1.16157
0.831876
0.944323
1.23761
0.870213
0.898593
0.917542
0.963356
1.2363
1.18819
1.40337
0.977492
0.76391
0.906011
1.48698
0.954192
1.4222
0.631009
0.824638
0.435162
0.498561
1.5596
0.779308
1.36386
1.48017
0.681138
1.49677
0.778012
0.918239
1.73508
0.94029
0.952101
1.31607
0.769879
1.58447
0.765425
0.975157
1.70357
1.15007
1.38556
1.01775
1.39112
0.877713
1.31051
1.18324
1.4073
1.10628
1.02149
1.22486
1.16768
0.814412
0.863228
1.25831
0.732287
1.01976
0.932553
0.779259
0.663131
1.13646
0.916111
1.18017
0.770147
0.8506
0.60252
0.810586
1.16226
0.855836
1.34487
1.37278
1.54087
1.13339
0.995816
1.00354
0.938709
0.461538
0.581722
0.753368
0.878677
0.85963
0.652001
1.052
0.879612
1.0936
0.863781
1.15157
1.51499
1.14624
0.996374
0.544141
1.56396
0.357567
1.16008
1.06934
1.30982
0.623034
0.733441
1.07283
1.60803
0.615794
1.33111
0.704902
1.34923
0.975261
0.958597
0.865599
0.66173
1.21138
1.26796
1.69441
0.728033
0.807963
0.758339
0.84532
0.678616
0.613554
1.29113
0.469108
0.865212
0.842055
1.39365
0.600408
1.04802
0.46516
1.01163
1.18185
0.440996
1.16925
0.633828
0.343765
0.924691
0.764029
0.950769
1.14846
1.44291
0.777091
0.95562
1.9915
1.04684
0.566433
1.00424
0.692294
1.1257
0.869114
0.668992
0.950589
0.815002
0.771367
1.17556
1.66272
0.991771
0.839291
0.780805
1.07673
1.2335
0.775407
2.17749
0.7895
1.23635
0.710902
1.26786
0.578804
1.41295
0.72498
1.26232
1.69279
1.08175
0.919307
0.913463
0.634954
1.2564
1.01967
0.80438
0.963487
1.18696
1.1535
1.06366
0.911052
0.442084
0.810016
0.909851
1.1233
1.06113
0.804223
0.97514
1.03979
1.17445
0.469859
0.731355
1.40022
0.865348
0.887989
1.04584
1.04111
0.629941
1.15546
0.65687
0.961992
0.492974
1.09377
0.830795
1.14246
1.28909
1.04306
0.975432
1.10486
0.650382
0.919698
1.39347
0.899303
1.03096
0.789437
1.32446
0.669627
1.24306
0.820778
1.33583
1.01594
0.740342
0.615081
1.13219
0.774569
0.885242
0.823417
1.14741
0.755646
1.37925
0.670722
1.33128
0.935751
1.97117
0.765798
0.596307
1.44656
0.726957
1.27898
1.09092
0.77147
1.188
0.931266
0.931833
1.25233
0.417649
1.33496
0.687646
1.42082
0.777896
0.599914
0.846788
1.00815
0.899524
1.12701
1.22107
0.479424
1.04361
1.27313
0.764043
0.823422
1.06657
0.577895
0.638217
1.18405
1.33632
0.394512
1.1458
0.697304
1.26262
0.716979
0.813811
1.76249
1.26173
0.956327
1.60467
1.50323
0.789602
0.768395
1.13509
0.72979
0.949742
0.625972
0.841373
1.59427
1.25044
1.12094
0.540914
1.16349
0.895425
1.0737
0.840306
0.860181
0.699612
0.740359
1.21076
1.12927
1.21854
1.12794
1.64816
0.533232
0.964303
0.785863
1.59642
0.942742
0.447715
0.697055
1.15548
0.508159
0.370753
0.987556
1.15559
1.50946
0.996435
0.800664
0.961107
1.19369
0.847074
0.742678
0.707776
1.25932
0.620609
0.69887
0.671543
0.498325
1.5393
1.17748
0.862911
0.937341
1.70735
1.15846
1.16338
0.624093
1.2234
0.56269
0.962487
0.889859
1.3165
0.694696
0.81656
1.05242
0.381743
1.01128
0.588104
1.11954
0.655569
1.14636
0.778227
1.30165
1.31473
1.0872
0.937169
1.43724
1.05945
0.856829
1.20985
1.72893
1.09788
0.643896
0.825544
1.42973
1.13737
0.452479
0.857696
1.03284
0.891526
0.965556
1.0375
0.441595
1.08135
0.897605
0.587721
0.681569
0.657702
0.728151
0.666255
1.10339
0.831257
1.30548
0.735361
1.78935
1.3654
0.309723
1.45879
0.810093
1.964
1.17676
0.663916
1.08761
0.765434
0.829833
1.22353
0.740415
0.803604
0.575769
1.00742
1.15108
0.622363
0.807753
1.46452
0.692919
1.03569
1.76614
0.733383
1.53544
0.833759
0.712668
0.647766
0.680963
1.18873
1.02737
1.44827
0.869301
1.35327
0.872682
1.188
0.538731
0.638242
0.617016
1.48977
1.22079
1.16238
1.43102
1.02092
1.24308
0.836548
1.85609
0.857202
0.760695
0.489626
0.945604
1.77002
0.963128
1.36019
1.01555
1.51923
1.18738
0.720055
0.725694
0.947644
0.780436
1.34964
0.896365
0.738057
0.789918
0.78565
0.503249
0.704541
1.18683
0.593175
0.748772
0.766084
0.658557
0.694989
1.02694
0.893853
0.897009
1.41862
0.52949
1.19496
1.35329
1.05808
1.1055
0.716979
1.24964
0.555342
1.53631
1.34658
1.28815
1.25885
0.730114
0.955448
1.02117
0.955928
0.777228
1.16351
0.82571
1.1661
1.87642
0.915758
1.33542
0.529857
1.11156
1.41223
0.898902
1.08085
1.0756
0.938766
0.688094
0.544473
0.94527
1.33751
1.08146
0.641839
0.993885
1.27456
1.14997
1.30909
1.02489
0.42523
0.47511
1.40378
0.957297
0.790709
1.38879
0.881538
0.905195
0.776677
1.28239
1.03512
1.03685
1.18299
0.696878
1.39867
0.957997
0.690117
0.702003
0.834461
1.3106
1.14881
1.11456
0.804736
1.19949
0.731102
1.64305
0.680181
1.18167
1.51498
1.27789
0.809125
0.493842
1.39768
1.20825
0.681461
0.854354
0.914403
1.1621
1.29922
0.93992
1.11921
1.35824
0.7965
1.36492
1.139
1.36067
1.04591
1.30259
1.09618
1.31202
1.32775
0.830571
0.993454
0.633313
0.9889
0.671993
0.683816
1.18217
0.648149
1.00428
1.09946
0.959468
1.01682
1.1762
1.22615
1.26725
1.27013
0.855194
0.547756
0.824809
0.794152
0.983422
0.985216
1.28055
0.613097
0.767508
0.731721
0.724925
1.43077
0.91117
1.18679
0.594991
1.19622
0.536318
0.813113
1.16799
1.30098
0.863181
1.26979
0.753608
0.951248
1.21918
0.709981
0.605185
1.64524
1.32379
0.521362
0.818146
1.13048
0.841806
0.969355
0.735667
0.746091
1.2459
1.49451
1.6413
0.942376
0.701397
1.03734
0.829441
2.49143
1.09566
0.800683
0.844323
1.32591
1.13261
1.10311
0.777687
0.933443
0.859517
0.714953
0.910509
1.59518
1.05835
1.64889
0.968287
0.76521
1.11487
0.835394
0.670858
1.23812
1.05512
0.937821
1.1222
0.922322
1.40738
0.943655
0.894546
0.781844
0.886322
0.736389
0.704931
1.24359
1.31082
0.833399
1.14997
0.696515
0.624117
1.07293
1.22754
0.849409
1.06205
1.06845
0.75316
1.03873
0.693019
1.46984
0.737081
1.13809
0.825003
0.923459
1.04588
0.732215
0.998034
1.51783
1.1299
0.931524
0.983237
0.88939
0.864968
1.21301
1.04139
1.27422
0.568847
1.28539
1.63667
0.393862
1.12557
1.33806
1.38408
0.967906
1.31339
1.82503
0.96893
1.5914
0.416756
0.681654
0.872362
1.00028
1.04918
0.529028
1.44194
0.860233
0.722244
1.2456
0.965625
1.33747
0.54739
0.881152
0.625069
1.17788
1.01434
1.2932
1.10437
1.00461
0.547578
1.56632
1.08639
0.906895
0.980789
1.22781
1.0382
0.95555
1.2202
0.650624
0.736073
1.95448
0.899658
1.42214
0.927311
1.01775
1.21081
1.31446
1.02551
0.668255
0.785187
0.553287
1.41687
0.777861
0.845435
0.380151
0.666795
0.766053
0.929709
1.47439
1.14835
1.27657
1.2849
0.502358
0.520869
0.751251
1.3891
1.45369
0.553066
1.07694
0.93738
1.32604
1.21025
0.579474
1.01848
1.11224
1.84787
0.63135
0.70018
1.866
0.406287
0.818553
0.649883
1.4303
1.39498
0.671499
0.688599
1.04522
1.25274
0.628316
0.835904
1.48445
1.66267
1.4272
0.546594
1.02533
1.04503
1.07372
1.06604
1.02098
1.00815
1.09664
0.998187
0.713302
1.03919
0.839504
1.10215
1.41844
1.27767
1.05868
0.808832
0.910924
1.13366
0.8839
1.0991
1.10235
0.688273
1.27198
1.03305
0.806022
0.402635
0.563359
1.89065
0.629579
0.625727
0.669807
0.858561
0.63862
0.667742
1.66534
0.942466
0.745563
0.895457
1.17539
1.28078
1.30424
0.666677
1.64116
1.02645
0.955246
0.981598
1.77501
2.05426
1.9517
1.14572
1.58279
0.606061
1.03724
0.843004
0.336752
0.638597
0.983899
1.30978
1.06883
1.34759
0.973137
1.29236
1.31679
1.21395
1.59267
1.01353
0.955022
0.998948
1.01964
0.528288
0.712463
1.5831
0.729764
0.803538
1.6085
0.616644
0.661524
0.803313
1.19591
0.924705
1.43009
0.821916
1.0473
0.839734
1.1965
0.464034
0.690301
0.838472
0.991643
0.900103
0.926631
0.770296
0.974454
1.06974
0.970451
0.691797
1.64201
0.544632
0.764045
0.790271
0.833251
1.0804
1.58619
1.70462
0.563896
0.777393
1.32515
1.15682
1.10852
0.536446
1.24337
0.89499
1.23244
1.24716
0.87674
0.680882
1.30521
1.19688
0.594198
1.09193
0.828118
1.69267
0.701413
1.06576
0.410856
0.671064
1.80858
0.918561
0.940216
0.594346
0.427197
0.935371
0.674354
0.713263
0.825834
1.05269
1.05107
1.33461
0.701682
0.887943
0.604066
1.11554
0.841336
0.542954
0.907071
0.749938
1.0332
0.914575
0.967119
1.01164
0.436618
0.605682
0.923609
1.49122
1.45144
0.89374
0.683634
0.990203
0.828218
1.00718
0.992494
1.21003
0.97618
1.00165
1.30281
1.16875
1.00919
0.87233
0.727605
0.904303
0.817491
1.05664
0.823708
0.549355
1.40029
1.01438
0.960257
0.451719
0.8206
1.10351
0.913026
1.02112
0.942217
1.24692
0.852369
1.31683
1.13732
1.1614
0.667766
1.31963
0.931558
0.860879
0.313149
0.669447
0.861822
1.05515
1.65592
1.49103
1.0471
0.700942
1.0173
1.40812
1.35329
0.913302
1.15384
1.13137
0.992554
0.914382
0.801622
0.805168
1.24071
1.4194
0.784781
1.24588
1.1149
0.946789
1.06195
0.828889
0.874788
1.57191
0.944787
1.1293
0.575931
0.944472
1.27011
1.31048
0.953697
0.842836
1.12953
0.752989
1.34409
1.48084
1.10576
1.31025
0.847976
1.41201
0.678699
0.572381
0.979401
1.48107
1.1876
0.844771
0.829609
1.13769
0.940099
1.26902
1.0336
0.930425
0.616883
1.31249
0.700424
1.13333
0.731937
0.788757
0.962769
1.13436
1.28293
0.904783
1.4951
1.35531
0.761974
0.745148
1.17682
1.03551
1.26274
1.71229
0.858439
0.832759
1.0415
0.839529
0.781319
2.00322
1.5089
1.17025
1.09075
0.835666
1.1253
0.866569
1.10258
0.991166
1.32324
0.641275
1.51385
0.645572
0.937275
0.582405
0.596341
1.29121
0.457787
1.1048
0.921421
0.997934
1.31574
1.42673
1.1101
0.892498
0.840214
1.2979
0.747895
1.13941
1.04157
1.41644
1.30323
1.08371
1.09137
1.15576
0.85151
0.499804
0.892655
0.735882
0.803939
1.14861
0.422472
0.8124
1.30884
0.668372
0.887868
0.770333
0.73737
0.772679
1.23998
0.560247
1.14135
0.876741
0.905479
1.17978
0.915796
1.10214
0.5482
0.898633
0.813307
0.573754
1.05343
1.61051
0.47394
0.753885
0.721817
1.03916
0.738243
1.36855
1.56581
1.28221
0.702004
0.999716
0.822652
0.716594
0.892693
0.706021
1.05231
0.80964
1.09257
1.16926
1.04951
0.860519
0.990699
1.02838
1.72552
0.730064
0.689964
0.645887
0.626318
0.896619
0.838517
0.687893
0.631961
0.677733
0.384676
0.980687
0.929879
0.855121
0.736976
0.814337
0.751758
0.98301
0.97127
0.822649
1.63675
1.1345
1.03823
0.703265
1.03921
1.34532
1.0025
0.800386
1.78473
0.964143
1.47945
0.820107
1.66549
1.82561
1.45382
1.03746
0.617433
0.838295
0.737359
1.50269
0.650291
1.08497
1.28884
0.899644
1.02048
1.12105
0.531115
0.85831
1.1014
1.26181
0.929167
0.801273
0.806629
0.836938
1.22658
0.775204
0.959158
1.32433
1.14554
0.565782
1.08979
0.895258
0.908361
0.796854
0.783872
1.10877
0.585789
0.902262
0.74666
1.53631
1.42156
0.569273
1.18608
1.35382
1.02709
0.792148
0.438963
1.22744
1.84761
0.840496
1.0327
0.46452
0.687556
0.505441
1.13738
0.926405
0.898647
1.10971
0.875464
0.670793
2.18147
0.534933
1.20583
1.33133
1.20389
0.83333
1.15283
1.13912
1.63082
2.11874
0.833101
1.23496
1.43658
1.18147
1.30553
1.07227
1.33342
1.33737
0.647205
0.931914
0.909131
1.64446
0.97867
0.567335
1.6088
0.733804
0.944079
0.728657
0.964893
0.914752
1.37543
1.71775
0.975633
0.959591
0.850281
0.893116
0.756364
1.11963
1.15737
0.816685
1.18893
1.24722
0.724634
1.22629
0.698231
1.17423
0.813772
1.1077
1.64487
0.53392
0.629595
0.918591
0.958186
0.769982
0.86799
0.776528
0.995905
0.666137
0.768938
0.81578
0.579622
0.681102
1.1847
0.787209
0.627712
1.3697
0.9398
1.12672
0.911241
0.98398
1.22104
1.94644
0.93246
1.41384
0.857906
0.87433
0.947327
0.993475
1.20891
0.583276
0.88285
0.994286
0.729434
0.656525
0.797876
0.564399
1.80941
0.649082
1.04134
1.09367
1.40856
0.882542
1.43907
1.80231
1.21493
0.504272
1.15919
1.48209
0.833449
0.53625
2.1761
0.737763
1.44915
0.88063
0.852988
1.05354
1.0864
0.724467
1.26378
1.50938
0.681378
0.901988
0.813024
1.09198
0.735947
0.456372
0.861224
1.12647
0.884239
1.11668
1.32077
0.989633
1.02221
0.996972
0.686399
1.32749
1.54821
1.00321
0.59541
0.774142
0.426478
0.459659
1.03961
1.29514
0.842626
0.696335
0.819064
0.870606
1.35406
1.2962
0.675103
1.05228
2.35057
1.01376
0.884207
0.951586
0.608664
0.571989
0.43936
0.842256
0.952807
0.566126
0.64327
0.784756
0.680692
1.12918
0.971801
0.64815
1.45911
0.54831
1.24684
0.77518
0.753284
0.873472
1.10873
1.45742
1.07417
1.71347
1.13335
0.597842
0.923097
1.05123
0.794268
0.932534
1.12736
1.19656
1.13378
0.771432
0.88645
1.08211
0.770095
0.816489
1.06898
1.43897
1.1307
1.25208
0.587533
1.04461
0.88354
0.897012
0.467453
0.859277
0.847773
1.01691
0.659586
0.916807
0.998831
0.426766
1.17042
0.773883
0.91057
0.813434
0.999862
1.11482
0.919351
0.803085
1.65239
1.10651
1.03592
1.02182
0.910155
0.934963
0.972005
0.815268
1.03727
1.07927
0.772394
0.757489
0.882442
0.722064
0.984586
0.598414
0.715437
1.31802
1.11429
0.788343
1.17065
0.618148
1.55114
1.51829
0.845867
0.800151
1.60774
0.779892
0.625135
1.02748
0.393246
1.29385
1.07762
1.32212
0.750335
0.952008
0.605888
1.56458
0.809896
0.64974
1.58694
1.01563
1.05635
1.0868
0.776243
0.769968
0.92188
0.755112
0.768125
0.952537
1.05109
0.721768
0.647772
1.06125
1.45112
0.858068
1.26741
0.671947
0.649481
0.683141
1.02042
1.19439
1.35585
1.13317
1.20432
1.07146
1.05737
1.59608
1.05295
1.46093
1.19064
0.781829
1.33708
0.732206
1.08102
1.19665
0.943577
1.10995
1.17
1.67442
0.558102
1.47855
1.22561
0.968993
0.922115
0.942915
1.21213
0.915982
0.953098
1.05791
0.9744
1.06844
1.117
0.516691
0.616735
0.51886
0.924724
0.804029
1.09229
0.856318
0.840774
1.05785
1.04884
0.94147
0.980377
0.680914
0.701801
0.935672
1.40089
0.692559
0.876751
0.742335
0.707676
1.17344
1.03558
1.01829
0.940693
1.1788
0.620271
1.40341
1.76618
0.851248
0.803805
1.2031
0.877957
0.884604
1.10741
1.55883
1.04996
1.23614
0.83665
0.864861
1.11729
0.867432
0.893255
0.563513
0.826973
0.680482
1.09379
0.590866
1.31993
0.883141
1.26694
0.508658
0.711876
1.11601
1.23929
1.10932
0.55382
1.02025
0.92192
0.845318
1.28591
1.03786
1.03773
1.47038
1.20213
1.04536
0.877163
1.42923
1.11461
0.853282
0.725434
0.344035
1.08584
1.27709
0.935226
1.23784
1.00437
0.945843
1.09235
0.882274
1.10215
0.853163
0.909643
0.916993
1.19488
0.678528
0.727929
0.574842
1.33903
0.963916
0.336994
0.677669
0.694269
0.691909
1.16394
1.14224
1.14818
1.09948
0.542315
0.749682
0.721185
1.3108
0.725729
1.28568
1.27916
0.68134
1.17655
0.822448
0.682764
1.26096
0.783736
1.43411
1.41986
0.840819
0.669721
0.769043
0.578252
0.961687
1.08301
0.829489
1.13271
0.770664
0.657584
0.658277
1.1184
0.825334
1.16247
0.711309
1.13364
0.968145
0.737145
0.651366
1.15106
1.12672
0.737812
1.43994
1.30874
1.02318
1.26513
0.675909
1.41432
0.869927
1.0657
1.0072
1.14928
0.649888
0.62576
1.26157
0.388664
0.770064
1.13985
0.920141
0.845876
1.26887
0.567248
0.556481
1.33924
1.00415
0.801502
1.1607
0.655196
1.04026
1.03115
1.18526
0.946604
1.21601
1.21776
0.76749
0.630606
1.18769
0.804077
0.58098
1.39101
1.63002
1.37319
0.653077
1.27515
0.518993
1.10164
0.80343
0.674678
0.891202
0.947896
0.617671
1.23133
1.09749
1.41337
0.701718
0.957006
0.444283
1.35896
1.12666
1.06451
1.1139
0.911721
0.756736
0.811122
0.70434
0.937018
1.80177
1.1485
1.2574
0.905263
0.643082
1.02685
0.794904
1.02225
1.5311
0.841484
0.641301
1.08241
1.08859
1.15509
1.07284
2.12139
0.608492
0.684234
0.965995
0.983103
0.899126
1.28186
1.07054
1.47463
0.632917
1.07862
0.440875
2.02432
1.66484
1.24511
0.895571
1.67499
1.04591
1.13476
1.33742
0.5474
0.543291
0.960211
0.679958
1.22472
0.326799
1.07522
0.995286
1.06589
0.852101
0.505512
1.05099
1.17465
1.60169
1.49667
1.23093
0.770878
0.734291
0.62333
0.769184
0.925998
1.237
1.26895
0.966736
1.10426
0.852822
0.947837
0.778001
0.905828
1.00871
1.0902
1.51896
0.394902
1.3144
1.47573
0.690334
1.04449
1.01066
0.886732
1.04791
1.15376
1.09003
1.06463
0.972525
0.684704
0.606854
1.01819
0.827418
0.565773
0.960493
1.28009
0.900103
1.13198
1.17342
1.00795
0.525747
0.577329
1.16005
1.41448
1.09041
0.638886
1.28451
0.985634
0.854169
0.658595
1.23082
0.537479
0.77969
1.06528
1.03187
1.35507
1.89458
1.12331
0.523757
0.621381
0.990003
1.28928
0.912189
0.872954
1.67535
0.661541
1.54456
0.855257
1.21885
1.52107
1.73029
1.47657
0.955302
1.39175
0.724466
0.768495
0.98101
1.58178
1.12541
1.41242
0.832629
1.89835
0.984843
1.04032
0.77576
0.785591
1.15613
0.781133
0.750015
0.885451
1.15113
1.47887
0.607432
0.93307
0.997693
0.697206
1.12588
1.19781
1.02773
0.87855
0.997685
1.40318
0.754453
1.13164
0.851432
0.70561
0.770581
0.561053
0.937023
1.38209
1.67591
0.918225
1.01394
1.41837
1.6307
2.08704
1.19719
0.636381
1.1984
0.927644
0.779707
1.28095
0.703253
0.725965
0.997902
0.508753
0.908665
0.926611
1.16153
0.484644
0.952014
1.20379
0.821869
0.782534
0.909677
1.23516
1.02336
0.847739
0.95704
0.573065
1.07274
0.769692
1.055
0.769392
1.03548
1.18299
1.91085
1.41448
0.944982
0.985374
0.982758
1.1346
1.17804
0.895931
1.16016
1.14865
0.843898
1.5537
0.805566
0.879715
0.523016
1.63852
1.52054
1.10252
0.562834
0.82025
1.81638
0.737898
1.03584
0.895706
0.53484
1.09969
1.13125
0.671434
0.609983
0.772404
0.809326
1.49105
1.33269
1.68257
0.920604
0.819771
0.814764
1.02747
0.77571
1.11722
1.3623
1.32467
1.01034
0.629832
0.860066
1.06102
1.21697
0.895585
1.04958
0.440326
0.957279
1.04159
0.712785
1.14961
0.44315
0.884469
0.901246
0.989419
1.03055
1.74831
1.3867
0.474726
0.722284
0.879998
0.753291
0.970263
0.817016
1.35523
1.15926
2.04585
1.2099
1.03485
0.501547
0.333731
0.856196
1.30597
0.649991
0.688844
1.10277
1.52262
1.14055
1.24961
1.07159
0.581201
1.22607
1.16019
0.73624
0.852649
1.1504
0.7525
1.03198
0.48305
1.24195
0.670569
0.749342
0.913702
0.904143
1.06765
1.03844
1.55833
1.07693
1.02179
1.10039
0.839594
0.787371
0.724732
0.619374
0.952711
0.795621
0.972001
0.524672
0.800446
0.74549
1.0354
1.09272
0.643261
0.864841
0.758963
0.693974
0.849213
0.511436
0.366182
0.682241
1.47194
0.773599
0.966735
0.871215
0.979119
1.13478
2.40255
0.617387
1.07058
0.920509
0.766736
0.686824
0.982551
0.824482
0.421667
1.15096
1.09537
0.836508
0.841986
0.991472
1.011
1.42976
0.815978
1.5421
1.69268
0.937398
1.06657
0.722323
1.19886
2.08911
1.37895
0.810599
0.673909
1.3529
0.95338
0.770788
0.779894
1.44216
1.1877
1.03148
0.399937
1.03262
1.4849
1.08838
1.70439
0.520793
0.940131
1.04014
1.12937
2.16411
1.38709
1.24396
0.939088
0.702944
0.921591
0.78642
0.968303
0.576012
1.22372
1.22316
1.02238
1.21049
0.844642
1.18533
1.11376
0.818039
0.506346
0.548884
0.906342
0.92933
0.73343
1.32181
1.09824
1.23905
0.675656
0.822714
1.35607
1.45041
0.998008
0.869957
0.377784
0.933953
1.08431
1.32328
0.826626
0.472437
0.952725
0.940163
0.599407
0.980575
1.27479
1.61151
0.931049
1.55671
0.548198
0.599322
1.78794
1.02436
1.10834
0.676886
0.916202
1.07629
0.580118
0.760869
0.535598
1.00304
1.02544
1.05051
0.919389
1.23
0.601425
0.852193
1.28789
1.28867
0.967369
0.847925
1.27492
0.729336
1.04134
1.08628
1.05132
0.862759
0.998805
0.967631
0.696557
0.743806
1.86914
0.920656
0.92279
0.849015
0.887153
0.729309
0.38573
0.831751
0.830844
0.801815
1.1559
0.735737
1.20461
0.428401
1.1994
1.08146
0.579745
1.14507
1.03942
1.08873
0.852322
1.19855
0.838586
1.11203
1.12323
1.01608
0.928917
1.19628
0.903586
1.26164
0.939605
0.649889
1.45531
1.91465
0.562377
1.09649
1.03062
1.69243
1.19519
0.968029
1.40915
0.866872
0.853898
0.929442
1.29223
0.920633
1.16943
0.977016
1.15029
0.691354
0.897463
0.952995
0.810309
1.57375
0.725501
1.09186
0.738736
0.860316
1.4067
0.822305
1.09147
1.04359
0.828379
1.06397
0.888084
1.29558
0.389058
0.758035
1.43282
1.34078
0.644162
1.22387
1.33689
1.39456
1.19632
1.72439
0.961906
1.15205
0.995687
1.34049
1.24491
0.87015
0.445214
0.576413
1.24118
1.23309
1.04167
0.598226
0.577832
1.25531
1.37919
1.77499
0.601879
1.24228
1.0306
1.19832
1.43693
1.40408
1.05989
0.717339
1.03317
0.968997
1.12603
1.32581
1.07749
1.52178
0.775522
0.989615
0.759773
1.54065
1.04038
1.7543
0.828319
1.41929
1.20419
1.06502
1.35042
2.24494
1.80331
1.22833
1.00971
0.780922
1.20675
0.742227
1.07648
0.656055
1.08817
0.867551
0.670663
1.42984
1.57847
0.985647
0.677199
0.950568
1.02236
0.907667
0.881919
0.803212
0.970171
1.37085
0.97066
1.08956
1.07886
0.900993
1.46249
0.700011
0.563642
1.02278
1.06477
1.19256
1.09351
0.893952
0.758677
2.0536
0.874601
1.08177
0.730046
1.60506
0.846164
1.04706
0.790369
1.00047
1.05631
0.792333
0.721652
0.71313
0.528952
1.00483
1.08351
0.730493
0.692143
0.972383
0.592675
0.680045
0.61556
0.966692
1.01324
0.933377
1.48864
1.72554
1.11896
0.817155
1.22816
0.760301
1.38808
0.873949
1.33558
0.502404
0.933804
1.04824
1.0836
1.02143
0.484834
0.696152
1.11828
0.657252
0.788799
1.22994
1.41302
0.821772
1.35809
1.58718
0.97239
1.26292
0.955451
1.14323
0.898725
0.722261
1.18327
0.822258
1.35653
0.602561
0.714247
1.34679
0.794016
0.797602
1.02026
1.04509
0.978603
1.49219
1.14772
0.713932
0.904677
1.21764
1.35875
0.891137
0.382593
1.56521
0.716341
0.706535
0.391553
1.28654
0.781649
0.792277
0.437901
0.949731
1.46737
0.620989
1.57909
1.60459
1.3357
0.957133
0.979756
1.19253
1.46716
1.31
1.29284
1.80167
1.67487
0.996879
0.905835
0.945812
0.766227
1.11292
0.895255
0.487021
1.41782
1.4291
1.11476
0.685324
1.62904
0.923533
1.185
0.250492
0.646982
1.12267
0.661292
1.17193
0.432108
0.741758
0.760412
1.25819
1.01358
1.14326
1.15259
0.738127
1.05747
0.648318
0.764427
1.27438
0.718112
1.73662
0.677656
0.573417
0.567739
0.753614
1.24221
0.846893
0.819938
1.29441
0.843743
1.30408
0.722897
0.910603
1.5682
0.476199
0.665377
1.7582
1.01947
1.31348
0.824065
0.334834
1.13558
1.05997
0.889607
1.01591
0.858133
1.1531
0.637284
0.977385
0.818052
1.3443
1.15327
0.754023
0.474958
0.714008
1.31193
0.74972
0.750645
0.781078
1.15669
0.939425
1.14734
0.828692
0.928494
0.820879
1.10179
1.55405
0.683367
0.953666
0.867426
1.62635
0.94155
0.890147
0.531369
1.19099
1.06082
1.13694
1.09745
1.37936
1.25533
1.03727
0.780551
0.922462
1.34225
0.865774
1.07368
0.685458
1.11384
0.704937
1.33373
2.06877
1.07118
1.09358
0.73175
1.68526
1.00349
1.20746
0.936839
1.76235
0.408518
0.802724
1.17296
1.02451
0.891651
0.880126
1.19657
1.18162
1.16275
0.703213
0.73223
1.69683
0.932245
1.5632
1.28404
1.49693
0.924465
0.655201
0.62122
1.0552
0.858501
1.29096
1.28134
1.12443
0.977054
0.886191
1.33273
0.78653
1.02779
1.57472
0.700116
0.939296
0.619676
1.21133
1.80921
0.966078
0.565787
0.828161
0.944753
1.79624
1.4451
1.0755
0.729359
0.990537
1.14454
1.81163
0.9198
1.23621
1.3642
1.07254
1.02106
0.850189
0.62031
0.674093
0.824661
0.93267
0.436679
0.635687
0.848795
0.734801
1.13271
1.07911
0.88034
0.819659
0.893683
0.787621
1.57319
1.0748
0.991802
0.829475
1.60758
1.07029
1.11442
0.941847
0.960314
0.832903
0.805863
1.70718
1.02843
0.589681
0.768921
0.649919
0.997603
0.975023
1.7736
0.570514
0.831481
0.781744
1.05675
0.565836
0.949679
0.867275
1.21959
1.18379
0.715937
0.665601
0.803849
1.20067
1.11851
0.535765
1.17687
1.69483
0.906156
1.10143
1.04273
0.719421
0.708779
1.02621
0.893159
0.863655
1.27054
0.447338
1.04248
1.11734
1.08461
1.17411
1.82201
1.04024
1.32644
1.13521
1.39241
1.60901
0.925065
1.49949
0.9593
0.633883
0.782165
1.01183
0.819189
1.35445
0.871434
0.960153
0.942328
0.711402
0.904023
0.917972
0.716065
1.16862
0.810643
0.977677
1.14198
0.911022
1.04024
0.947227
0.963191
1.5452
0.529286
0.811597
0.620978
0.905153
2.0523
1.118
0.95455
0.72544
1.21379
0.970221
0.741918
1.12681
0.893962
0.94273
0.797499
1.58792
0.456284
1.38336
1.26611
1.29079
1.17414
0.561931
1.33531
0.669057
0.995739
1.58847
0.506406
0.871491
0.551848
1.10874
1.11991
0.416047
1.06557
0.647307
0.9668
1.19999
0.793201
0.50595
0.995905
0.59723
0.97621
0.915636
0.818574
0.976338
1.1657
1.09029
1.18212
0.874379
0.67739
1.16726
1.68252
0.937436
1.50759
0.780476
1.23852
0.95013
1.15248
1.92726
1.34289
1.75805
0.645049
0.972171
1.18668
0.887053
0.516684
0.60331
1.62498
0.81351
1.69633
0.73192
0.861562
1.22789
1.33039
1.06587
1.03066
0.714773
1.18038
1.16258
1.17412
1.46572
0.529121
1.00718
1.35808
0.718235
1.04229
1.16619
1.08193
0.738983
0.842963
1.14278
0.813047
0.599801
0.934347
0.72895
0.824042
1.14555
0.886613
0.638306
0.71821
0.696509
1.6174
1.14365
0.681994
0.779448
0.993829
1.14655
1.00644
1.8674
0.740676
1.13585
0.462509
0.716686
0.56372
0.519729
0.972329
1.37585
1.02064
1.01853
1.366
1.53403
1.00442
1.16656
0.695444
0.732795
0.401303
0.827736
0.774993
1.4662
1.35498
1.24538
0.663065
0.579293
1.06231
0.595823
1.12325
1.18264
1.2048
0.518639
0.711123
0.931156
1.08672
0.882229
1.00029
0.995206
0.875281
0.832038
0.917976
1.03565
1.39977
0.890329
1.56555
1.04699
1.0947
0.990248
1.34489
1.13313
0.892885
1.34426
1.01869
0.586486
0.799777
0.909839
0.83522
1.17732
1.31873
0.573904
1.27603
0.829181
1.27558
0.773336
1.06056
0.721371
1.11846
0.912238
1.19348
0.669894
0.77598
0.64107
0.801857
1.39479
1.46337
0.85419
0.966621
0.856126
0.946406
0.925971
0.83929
0.910697
0.908732
1.7951
1.41242
1.24965
1.23071
0.967732
0.814289
1.62554
0.518145
1.05946
0.551134
1.64344
0.53422
0.489312
0.61227
1.46241
0.66412
1.01321
0.68315
1.55954
0.931329
0.82401
0.810729
1.00592
0.871772
0.830485
1.49887
1.1271
0.647336
1.68292
0.982053
1.49445
1.46281
0.921518
0.933397
0.65027
1.04099
1.25819
0.822575
0.831471
1.14756
1.26771
1.57799
0.735869
1.40189
0.941183
1.26913
1.13777
1.08925
1.1807
2.13399
1.0107
1.12828
1.12046
0.71471
1.38149
0.970478
0.937838
0.690637
0.718584
1.14019
1.41488
0.692564
0.862072
0.994863
0.738856
1.48888
1.77381
1.06438
1.50908
0.659679
0.807823
0.966148
0.876821
0.921956
0.947536
1.09244
1.10819
0.955429
1.05178
1.21949
1.30317
0.881958
0.670451
0.97498
1.22995
0.952647
0.584141
0.720334
1.04154
0.498615
1.24497
0.812546
1.06053
0.566251
0.908783
1.21016
0.555605
1.06138
1.09138
0.722182
0.648315
1.5697
1.22926
1.42177
0.578427
0.996302
0.945291
1.01296
0.99592
0.727325
0.520427
1.13182
0.515628
0.848647
0.846556
1.03795
1.12422
1.31615
0.969767
0.655902
1.5703
0.67957
0.994335
0.854076
1.66319
0.896534
0.932976
0.879911
1.14431
1.1796
1.13647
0.665311
0.709422
0.962516
0.794929
2.01556
0.731127
1.30472
0.791751
0.927755
0.75118
1.02363
0.728056
1.22352
1.32237
0.666002
0.707063
0.57025
1.6906
0.907583
0.989125
0.307294
0.955337
1.05025
1.58429
1.02699
0.649449
0.842055
1.0747
1.12376
1.16312
1.17031
0.696679
0.669076
0.839929
1.05612
1.00681
1.197
0.822962
1.14862
1.18736
1.0413
0.862703
0.963665
1.63088
1.21534
0.533575
0.960351
1.3596
1.07858
1.20052
0.810847
0.869711
0.900253
1.28861
0.701216
1.09075
0.940017
0.494248
0.692011
0.764674
0.422656
0.542762
0.772431
1.33676
1.21554
1.0055
1.28704
1.06661
1.13115
0.821403
0.735435
1.40019
1.61025
1.06214
0.931579
1.27399
0.970546
0.835668
0.634957
1.28585
0.713846
0.852949
1.13183
0.988094
1.36039
0.795305
0.994724
0.70776
0.780728
1.02599
0.605251
1.34683
0.486317
1.09762
1.00651
1.28102
0.98734
0.616843
0.794327
0.716115
0.793383
0.893526
0.634189
0.855729
0.997628
1.46794
0.8921
1.08029
0.599714
1.13407
0.911378
0.675629
1.00306
0.96049
0.723808
0.49223
1.27867
1.44262
1.2957
0.929047
0.801537
0.409012
1.0905
2.11555
1.0159
1.09039
0.822241
0.860203
0.877202
0.841316
0.616147
0.749251
0.762099
1.62031
1.64878
0.719776
0.971558
1.15063
0.831387
1.43332
0.863
0.884211
1.66758
1.21391
1.33077
1.26615
1.16778
1.18981
1.37793
0.770578
0.483024
1.6823
1.24574
1.21994
1.16324
0.794864
0.758648
0.587752
1.43351
0.8211
0.661286
1.06701
0.492481
0.719646
0.905448
0.954424
1.35114
0.792704
0.958824
0.896224
1.05179
1.00716
0.742711
1.18099
0.86456
0.624434
0.669183
0.943065
0.503323
0.975454
0.548142
1.31636
0.996939
1.36883
0.898902
0.682837
0.672425
1.0381
0.848081
0.405722
0.752397
1.6022
1.21314
0.878081
1.1006
0.684557
1.27147
0.88227
1.26808
1.52768
1.31963
1.17034
0.55896
1.2799
0.667588
0.964416
0.898829
0.443701
1.53762
0.859267
0.740147
1.30936
1.01241
0.985592
1.28857
0.725948
0.705235
1.01264
1.3047
0.971993
1.61384
1.10249
1.44197
0.554547
1.1036
1.13311
1.15827
1.45702
1.033
1.65799
1.1674
0.459529
0.446902
0.491683
0.784415
1.58607
0.816934
0.951983
0.878243
0.909443
0.665234
1.23779
1.54435
0.935756
1.0822
1.2179
1.01165
0.555929
0.814087
1.1107
0.46048
1.05717
1.71278
0.839868
1.92008
0.928641
0.922614
0.560771
1.26208
1.4907
0.626381
1.08255
1.06645
0.702057
1.01125
0.719955
0.767685
0.897992
1.01941
1.01775
1.63244
1.51157
1.96941
0.84542
1.20953
0.543276
2.03818
0.448249
1.10476
0.777268
1.37722
0.676699
1.21986
0.77936
1.01121
0.849269
1.00238
1.31139
1.19574
1.22319
1.12499
1.00345
1.09884
1.45591
1.09711
0.916007
1.27344
1.30023
0.755221
0.879138
1.51067
0.701746
0.774767
0.578587
0.783796
1.39343
0.886385
0.950207
1.49728
1.0918
0.69024
1.26439
1.11217
0.679091
0.794733
0.788194
0.796045
1.30195
1.15705
0.980973
1.19761
1.02546
0.982813
0.707159
0.669718
0.79205
1.0888
0.84054
0.817971
0.856236
0.683141
0.590499
0.96628
0.844982
0.813664
0.903894
1.13573
0.73488
0.463441
0.956028
1.44657
0.829908
0.666461
1.02199
0.765284
1.27396
1.15511
0.438229
1.26426
0.474904
1.17047
0.85981
0.791842
0.591932
0.806461
0.715261
1.08656
0.699093
0.832236
0.935181
1.24357
0.741421
0.820015
2.11606
1.18974
1.09234
0.878134
1.06563
1.22725
0.81942
1.37223
0.991282
0.816881
1.23067
1.26876
0.823679
0.835658
0.846876
0.747184
0.590212
1.01266
0.891272
0.834406
1.03813
0.663438
1.08486
0.593973
0.86721
0.993882
1.17708
1.02301
0.717624
1.00321
0.464473
0.827381
1.25358
0.589938
1.08414
0.488721
0.856774
1.24833
0.818724
1.17071
0.742316
1.0008
1.26113
1.44035
1.52938
1.76706
1.01756
0.806039
0.684105
0.745839
1.61924
0.683227
1.24259
0.861152
2.03799
0.976898
1.50223
1.27327
1.18294
1.01207
1.0954
0.984051
0.843516
0.853773
1.35439
0.934083
1.17828
0.816959
0.768801
0.929853
0.665206
0.562155
0.675472
1.30449
1.02966
1.24627
0.898835
0.645477
0.588722
1.41495
1.31511
1.24859
1.34563
1.5695
0.99116
0.845516
0.844699
0.933466
0.499352
1.36882
1.90232
1.41021
1.604
0.892862
0.931898
0.838797
0.675597
0.851929
1.00093
1.23286
0.781722
0.453797
0.583036
1.67058
0.886065
0.896995
0.786227
1.09501
1.20142
1.02289
0.890503
1.0406
1.52917
0.65575
1.07218
1.26827
0.513384
0.403968
0.805231
1.06035
0.994264
1.03772
0.772801
1.10765
1.09857
0.840122
0.704706
0.877553
1.89507
0.797954
0.739433
1.0711
0.868454
0.861485
1.20342
0.979466
0.810475
0.43176
0.718732
1.45137
1.16704
1.42336
1.29338
1.14608
0.839142
0.849087
0.544316
1.33218
1.17907
0.962326
1.43041
1.13706
1.23384
0.88749
0.631225
0.895553
1.48443
0.698699
0.679081
1.37271
1.49407
1.39284
1.09576
0.702114
1.1995
0.854111
1.10743
1.50707
1.10776
0.499043
1.57051
1.31579
0.342931
0.79634
1.07753
1.48182
0.646989
2.13192
0.934318
0.649997
0.603567
0.924734
0.673085
0.823966
1.00987
0.708224
0.883669
0.70506
0.722553
0.426775
1.1674
1.21402
1.24024
1.38831
1.11016
0.899164
0.988121
1.02371
0.782561
0.482253
1.34825
1.06278
0.993041
0.920884
1.23003
0.738822
1.27736
0.998081
1.46444
0.867365
1.04127
0.965657
0.883364
0.862376
1.16097
1.23045
0.618453
0.783022
1.0207
1.38747
0.661516
0.787146
1.4519
1.42833
0.72362
0.856616
1.30658
0.877342
1.40242
1.16599
1.43571
1.33009
0.561734
0.794284
0.700464
1.47988
0.596506
1.6364
1.14619
0.892334
0.955962
0.904954
0.946714
1.39896
0.701955
1.18207
0.924428
0.766573
1.93721
1.15754
0.950263
1.10968
0.576318
0.712726
0.953219
1.17614
1.31828
0.505653
1.18239
1.59193
1.05662
1.14312
0.871119
1.17908
0.628826
0.944668
1.3347
0.566674
0.925751
0.869152
0.783851
0.726955
1.47732
1.09144
1.42507
0.824616
0.755576
0.749301
1.33692
1.5688
0.63801
1.28839
0.823706
0.535723
0.6013
0.913241
0.960201
1.03909
1.0905
0.743223
1.46085
0.507854
0.502951
0.839575
1.28215
0.769173
0.970006
0.994873
0.640032
0.853691
0.59062
1.7819
0.913775
1.05047
0.64759
1.40421
1.54908
1.12109
1.08924
1.0333
0.987637
1.08165
1.24227
1.11807
0.920769
1.65749
0.90612
0.832926
0.901708
1.09465
1.40563
0.762059
1.17903
1.49199
0.512157
0.726103
0.823723
1.05
0.83181
1.06846
0.601605
1.29158
1.42449
1.11384
1.15929
0.701531
1.24012
0.572741
0.529527
0.563247
0.848251
0.822582
0.39183
1.06443
1.65515
1.66899
0.679508
0.638676
1.08816
0.686824
1.14734
1.45957
0.922036
0.635613
0.895395
0.600819
0.913924
1.39026
0.843716
0.790067
0.865363
0.694875
0.503437
0.7191
1.05152
0.92298
0.822118
0.660152
1.3543
0.816906
1.38949
0.674782
1.614
0.820777
1.19619
0.474709
0.588904
0.74126
0.768523
1.33351
0.752636
0.721845
1.00128
0.835135
0.735567
1.22463
1.29415
0.814457
1.52982
0.930349
1.11015
0.720443
0.823068
1.05913
0.899862
1.01471
0.655076
1.64496
1.72812
1.1646
1.16398
1.0365
1.2589
1.42039
1.57937
0.921412
1.49665
1.15523
1.26637
1.3242
0.814158
0.716211
1.245
1.34177
0.847815
1.00309
1.49266
1.5902
0.790472
0.748991
0.726751
0.830696
1.38878
0.849056
0.895839
0.879785
0.704478
0.913104
0.967603
1.12288
1.20531
1.06466
1.22182
1.41443
1.87574
0.944653
0.853219
1.01751
0.690384
0.579078
0.432654
0.974085
0.636337
0.72152
1.58311
0.737825
0.711143
0.836495
0.682856
1.13327
1.96079
0.856394
0.619266
1.55124
1.00801
1.51906
1.37014
1.11086
1.06551
0.981466
0.745486
0.884686
1.00964
1.17133
1.11671
0.859834
0.703892
1.07139
0.727635
0.74502
1.11594
0.93298
0.731388
1.34568
0.880085
1.12956
1.66137
0.967718
1.00886
0.987708
0.800028
1.3168
1.09042
0.8159
0.583485
0.925385
1.03109
0.673026
0.822813
0.904972
0.783601
0.596518
1.08296
1.23696
0.919637
0.783855
1.77648
1.5239
1.10547
1.35724
0.503708
0.522789
1.3386
1.13861
0.987381
0.928806
0.636852
1.04553
1.37459
1.35704
0.66725
0.921447
0.68088
1.17689
1.37925
0.484388
0.757529
0.972292
1.04718
1.15097
0.462003
0.927584
1.36612
0.791937
0.826145
1.36302
1.36217
1.63616
1.97167
1.25036
1.50116
0.728829
1.18296
0.860149
1.4506
0.892415
0.953701
0.720224
0.829068
0.810384
1.33788
1.17264
0.841704
0.835536
0.983877
1.42168
0.686224
0.916658
0.938575
0.991444
0.587505
0.761191
0.888586
1.47707
0.863373
1.00597
0.424621
0.587537
0.913663
1.23773
0.786344
1.30541
0.938394
1.30913
0.652673
1.06357
1.12734
1.20917
1.04954
0.857556
1.16668
1.33487
1.28442
0.295679
1.40397
1.06585
1.1149
0.690381
1.13311
1.30684
1.20643
1.22237
0.94979
1.40835
1.05432
1.17377
1.20065
1.09192
0.494662
0.641648
1.1518
0.819119
0.645022
0.836903
0.69322
1.00781
0.806859
0.995454
1.332
1.05989
0.901111
0.896613
1.17778
1.3822
1.4913
1.15214
0.973982
1.12387
0.889761
1.02881
1.18024
1.00153
1.30791
0.876405
0.970116
0.933956
0.406258
0.72592
0.577898
1.40644
2.24747
1.67917
1.27171
1.02252
0.530753
0.766855
1.04491
1.30683
1.05466
0.947124
0.820844
1.24271
0.619687
1.83469
0.766037
0.867865
1.22279
1.2195
0.690606
0.942342
0.911254
0.726124
0.730329
1.10025
0.587638
1.04926
0.874819
0.699927
0.741737
0.689958
0.93371
0.972132
1.53623
1.09715
0.826252
0.858319
0.568624
0.577613
1.35933
0.643158
0.476744
1.14591
0.842707
0.705711
0.678099
0.835049
1.00285
0.62927
1.15937
0.571751
0.644826
1.1425
0.988041
0.920876
0.936635
1.01907
1.2536
0.765624
1.12686
1.00664
0.609969
0.433928
0.698199
0.965065
0.760638
0.870922
0.739642
1.1743
1.26604
1.09614
0.626759
1.2767
0.563663
0.838961
1.14317
0.720654
1.16529
1.87593
0.823472
1.28369
0.699623
1.47729
1.07849
0.790285
1.34612
1.20984
0.790422
1.058
1.18574
1.24314
1.00496
1.1403
0.787755
0.662019
0.586773
1.20414
1.41381
0.794553
1.0542
1.0085
0.612261
0.992904
0.679444
1.13822
0.624369
0.489841
0.361828
1.26859
1.35803
1.03914
0.478877
0.581599
0.650773
0.451371
1.16802
1.37994
0.649506
1.25616
0.926321
0.991198
1.21192
0.666982
1.35969
0.748119
1.47179
0.675399
1.04561
0.914822
0.802523
0.889193
0.816619
1.05578
0.569173
1.51625
0.866886
0.488981
0.962176
1.16832
1.55786
0.759486
0.866517
2.19655
0.68249
0.940376
1.5617
0.921486
0.793611
0.897069
0.594705
0.482895
1.24362
0.569656
0.613666
0.858165
0.657236
1.00389
0.899625
1.08902
0.642786
0.91252
1.09313
0.480788
0.838365
1.21135
1.18112
0.747378
0.769907
0.870484
1.71208
0.812268
0.814366
1.03873
0.689339
1.01817
0.873981
0.956996
1.12892
1.20224
1.30075
0.898476
1.14995
0.718571
0.839313
1.34948
0.767753
1.27129
0.741995
1.15711
0.618894
1.12653
1.01201
0.628217
1.18631
0.804617
0.509866
1.08868
1.60932
1.18217
1.11016
1.58292
0.734115
0.825682
0.82159
1.19857
1.05795
0.641479
0.797282
0.982534
1.70866
1.15982
1.12014
1.11205
1.41601
0.741636
0.638985
1.24084
1.14313
0.860162
1.07312
1.29748
0.536338
0.793006
0.751479
1.37688
1.43394
1.41749
1.12329
1.15413
1.21955
0.740177
1.26852
1.08725
1.26259
0.994898
1.01357
0.949026
1.21366
1.29005
1.28586
0.727016
0.643504
1.11995
0.840083
1.10937
0.585829
1.48136
0.955044
0.853744
0.784217
0.758795
1.06317
1.25677
0.787576
1.29008
1.07295
0.619203
0.913641
0.839791
1.13407
0.850791
0.562467
1.75636
1.24836
1.58042
1.27294
0.842649
1.24167
1.25321
1.19651
0.71309
0.673102
0.956371
0.717906
0.803625
1.21901
1.41941
0.994343
1.16887
0.947837
1.40513
0.680237
0.900511
0.955823
0.898262
0.934611
0.894128
0.999638
1.01404
0.461077
0.768304
1.0247
0.636031
0.964529
0.977878
0.588089
1.19599
0.838492
1.44246
1.14662
0.997108
0.447573
0.772286
0.892109
1.00557
0.745102
0.65466
1.11961
1.18549
0.488741
1.05556
1.33922
1.2472
0.823626
0.996098
0.677587
0.709082
0.898221
0.93315
0.643636
1.16173
0.823628
1.20078
1.36904
0.930873
2.43331
0.960641
1.09495
0.993041
1.04437
1.26107
1.1272
0.942153
1.21309
0.73905
0.815564
1.24031
1.24064
1.3889
0.752679
0.833941
1.25358
0.615678
0.766851
0.638362
1.87973
0.932605
0.873416
1.13251
1.01844
0.942619
0.884404
0.722504
1.05175
0.75222
1.61832
0.561877
1.05212
0.942898
0.801812
1.2246
0.786052
0.93719
0.927059
1.1251
1.55443
1.16307
0.630985
0.784014
0.650559
2.10826
0.739975
1.22072
0.71907
1.14452
0.821321
0.863682
1.10301
0.612955
0.809502
1.38952
1.24268
1.45901
1.17582
1.0719
1.04243
1.59747
1.00854
0.561194
1.21253
1.17734
1.23853
0.831967
0.880321
0.871036
0.399018
0.749841
0.894137
0.945426
0.946164
1.05344
0.87362
0.78795
0.948504
0.543403
1.166
0.982803
0.815087
0.893898
1.63465
0.870531
1.1173
0.86837
0.679024
1.11675
0.909809
1.11508
0.4973
1.10157
1.19351
1.03622
1.55118
0.761136
1.18938
0.846918
0.876645
1.01183
1.24603
0.616873
0.98313
1.94399
1.0166
1.23702
1.6029
0.935974
0.933256
0.821392
1.23172
0.660771
1.91049
1.05135
1.17241
1.27304
0.833799
0.776132
0.634437
1.21807
0.620589
0.929985
1.01116
1.23672
0.872737
1.19303
0.88862
0.862706
0.640444
1.52678
1.09268
0.643348
1.56039
1.08533
1.50847
0.974767
0.812263
0.93658
1.34953
1.89813
0.588455
0.810477
0.887783
1.04946
1.01827
0.687381
1.54328
0.37756
1.02027
1.34514
0.889104
1.11091
0.932261
0.823884
0.45625
1.01311
0.686956
0.569679
1.19628
0.620566
0.854151
1.52595
1.13251
1.24636
1.39393
1.05368
0.65803
0.837805
0.724513
0.878399
1.19517
1.12162
1.4358
1.23948
0.770758
0.982744
1.12076
1.22293
0.901292
0.719271
0.872081
0.957413
1.02521
0.990372
0.842745
0.702667
1.431
1.01923
1.05271
0.69241
0.916865
0.777538
1.03078
1.55735
0.969512
0.972353
1.18078
1.08628
0.8015
1.34529
0.795664
0.639513
0.827858
0.828789
0.768138
1.12382
1.10316
0.94719
1.5763
0.62783
1.43703
1.31851
0.736422
0.975414
1.1903
0.397132
0.974582
0.861296
0.704653
1.04449
0.855018
0.746587
0.419577
1.0994
1.54237
1.11191
1.21872
1.15656
0.668298
0.753707
1.47436
1.46201
1.60828
0.944675
0.778509
1.34553
0.409115
1.0673
1.05659
1.11415
1.07964
1.25451
1.28764
0.874498
0.919639
1.07582
0.769509
0.850136
0.839142
1.28648
0.752274
1.81725
1.03314
0.723112
0.966976
1.21926
1.02306
0.846134
0.820739
0.873491
0.958755
1.35104
2.2193
1.2523
0.91695
0.985569
1.3907
0.858479
0.671207
1.37354
0.822457
1.0521
1.07144
1.85461
1.80975
0.983712
1.1146
0.898409
0.712609
0.893145
0.447036
0.990674
1.0563
1.17573
0.54347
0.863048
0.952014
1.45328
0.685809
1.34903
1.2767
0.707068
0.887749
0.522578
1.46561
1.39457
0.867277
1.31172
1.12538
0.861637
0.610257
1.17404
0.646971
0.91548
0.976957
0.935984
0.918397
0.869227
1.68405
1.05106
0.859605
1.71999
1.06155
0.657364
1.08788
0.963159
0.476843
0.989758
0.701704
1.29393
0.521827
0.418861
1.01777
1.03893
0.930738
0.504094
1.05509
0.835278
0.615786
0.81156
1.44295
0.857596
0.689938
1.09751
0.988534
0.810351
0.811513
0.728884
0.857246
1.09902
0.262043
0.776043
1.03383
0.79251
0.977236
1.07337
0.822011
0.833077
0.77985
0.599656
1.19
0.585457
0.395893
0.458749
1.02438
0.875806
0.926566
0.880949
0.896345
1.0199
1.71372
1.33624
1.2395
0.50797
0.377156
1.03508
0.97748
1.2096
0.839867
1.05001
0.895615
0.830949
0.838663
0.948324
0.995764
1.60453
0.93212
0.958544
0.858478
1.05693
0.735812
0.924533
0.954345
1.23512
1.48585
1.75297
0.709754
1.36713
1.08001
0.739243
1.91759
0.606919
0.458039
0.920597
1.09133
0.978056
0.815573
1.10675
1.07392
1.12454
1.05278
1.55869
1.20893
0.876197
0.658101
1.29183
0.579387
0.917754
0.962676
0.650886
1.12146
2.16381
1.41625
0.826846
0.775968
1.10752
1.13533
1.06013
1.49327
1.27535
1.3165
1.16958
0.723394
1.17402
0.96816
1.0664
1.00346
1.43576
1.45194
0.503729
0.953903
0.886573
0.731353
0.998595
0.925264
0.746703
1.12209
0.918676
0.57993
1.48337
1.35923
0.685665
1.59786
1.21998
1.33819
1.00938
0.378247
1.516
1.44219
0.827049
1.22176
1.05673
1.42804
1.18324
0.982392
0.816309
0.699307
1.08655
0.499377
0.73356
1.02431
1.12745
0.638213
1.43778
0.8541
1.14762
0.965665
1.21595
0.569041
1.44735
1.12346
1.31593
1.19938
1.22384
1.23078
0.71064
0.574472
0.744731
1.67456
1.50129
1.31023
1.48341
0.837261
1.09932
0.85161
1.26881
0.899969
0.741528
0.77094
1.22851
0.755228
0.893096
1.10788
1.12315
1.32486
1.06939
1.02307
1.03586
0.839993
0.930127
1.13455
0.726092
1.02014
0.664949
1.00821
1.10888
1.82375
0.73114
1.23951
1.33453
1.88515
0.700889
1.17573
1.00037
1.21889
1.76321
0.619719
0.703493
1.01456
1.01599
0.896139
1.25914
0.998554
1.38166
0.615893
1.34179
0.492225
0.729328
1.11603
0.986797
1.24354
0.768542
1.35225
0.826266
0.729671
0.845182
0.866994
1.12597
1.3662
1.12446
0.89557
0.937532
0.728971
1.11587
0.62285
0.584892
0.6559
0.934955
0.957367
0.973844
0.665831
1.14813
0.953673
0.626122
0.606783
0.905536
1.63093
0.951452
1.14998
1.67939
0.954529
1.0875
0.77774
0.506694
0.669255
1.35781
1.03692
1.02221
0.681833
1.66835
1.04661
0.961557
1.67853
0.974751
0.448096
0.803379
0.726792
1.48912
1.21249
1.14259
1.13912
0.583529
1.46017
1.01783
0.742024
0.979081
0.60946
0.809352
1.27661
1.25973
0.76744
1.23271
0.740105
0.859448
1.0085
1.26767
0.966657
1.02878
1.27167
1.26233
0.581486
1.08828
1.01227
1.11057
0.793693
0.953098
1.29088
0.53119
0.768079
0.878432
0.760484
1.12713
0.73479
0.859321
0.59377
1.47213
1.17788
0.782388
0.420323
1.36184
1.16042
0.612896
1.07909
0.789395
1.07214
0.629731
0.864039
1.29198
1.1573
0.808308
1.36529
0.446069
1.15949
1.18301
0.623341
1.17487
0.958997
0.799211
0.768184
1.00939
0.945594
1.00788
1.08682
1.32349
0.887631
0.899743
0.645756
0.909031
0.970914
1.03647
1.35299
0.423352
1.24619
1.08092
1.38541
1.01601
0.846757
1.15703
0.859904
0.620244
1.42549
0.608113
0.938876
1.01616
0.84405
1.00679
0.764349
0.648077
0.738726
1.0413
1.26873
0.585234
1.02834
0.877111
0.52375
0.631185
0.847457
1.14546
1.1529
1.82056
1.32941
1.3411
0.96827
0.555771
1.30106
1.0436
1.51053
0.790064
1.48551
1.64093
1.07748
0.483467
1.20427
0.715738
1.3821
0.445709
1.06164
0.6273
0.900476
0.833439
0.654062
1.20795
0.586278
0.766721
0.961421
1.21903
0.650488
0.479191
0.854512
1.23706
1.1672
1.08162
0.99879
0.958829
1.28247
0.649627
0.89019
1.52197
1.05526
0.643054
1.01526
0.952337
0.44844
1.02927
1.07273
1.35486
0.881221
1.61588
0.666995
0.553446
1.12124
1.34319
0.865993
0.524807
0.858913
1.20253
0.639312
0.696863
0.891561
1.18797
1.28602
0.853913
0.671992
0.709927
1.48934
0.969391
1.72893
0.992555
0.850737
2.04873
1.21551
0.656724
0.943741
0.582438
0.63039
1.03401
0.872451
1.18806
0.898601
1.2257
0.731002
0.952868
0.953956
1.22574
1.02161
1.10336
0.953452
0.580462
1.41005
0.632114
0.923645
1.01393
1.03807
0.967861
0.808283
1.65006
1.03645
1.0183
0.836163
0.690693
1.05021
0.863124
0.73649
0.719575
1.16968
0.751464
1.07482
0.772449
0.992547
0.81765
0.660787
0.35413
1.29638
0.797209
0.946245
1.15894
0.64098
1.06661
1.29348
0.989588
0.702572
0.912838
1.4081
0.753371
1.12847
1.55054
1.10908
0.900487
1.77312
1.41485
0.937305
0.628564
0.72144
1.07135
0.693035
0.985337
0.846909
0.598004
0.610273
0.948098
1.5319
1.1047
0.633956
0.609293
1.60122
0.913175
0.79282
0.41802
0.952197
1.47123
1.01875
0.750372
1.39796
0.750568
1.2703
0.664739
1.02029
0.432166
0.814263
0.775535
0.64254
0.770499
1.00349
0.637148
1.78733
1.54387
0.76523
0.921814
0.631242
1.01303
0.682647
0.769559
0.698115
1.09075
0.771762
0.828831
0.611328
1.24491
1.08935
1.35721
1.34406
1.00684
0.890202
0.902094
0.484863
0.693814
1.23251
1.03932
1.54389
0.647754
0.938032
0.445446
0.484116
1.25388
0.755482
1.24112
1.26727
1.0031
0.649322
1.36411
1.02388
0.817227
1.27883
0.970432
1.05846
0.913972
0.551721
1.14517
0.683137
0.82379
0.919983
0.855601
1.13143
1.59607
1.26795
0.570582
1.0025
1.69735
0.723836
0.842867
1.2234
1.26983
0.683524
1.06281
1.40898
0.968179
0.735638
1.12951
1.11023
0.64858
1.04078
1.14311
1.03429
1.64863
1.14209
0.788151
0.61395
0.825868
2.27714
0.533732
0.724492
1.29572
0.909152
0.563816
1.03143
0.451632
0.768803
0.660624
0.35961
1.27673
0.730387
1.06785
1.28386
1.02929
0.669393
0.6215
0.773936
1.45206
1.88887
1.27341
0.724504
0.805183
0.954294
1.08558
0.851079
1.02252
0.713117
0.85108
0.720738
1.5711
1.78213
0.989403
0.628918
1.1059
1.24387
0.616855
0.864119
0.889416
0.885956
1.04567
0.74562
1.47286
1.14061
0.950334
0.763489
1.6844
0.609577
0.562691
0.964037
0.617294
0.865635
1.2504
0.694148
0.606896
1.12688
0.521822
1.03158
0.848982
0.923196
0.89878
0.917439
1.70075
1.5085
0.875288
0.616323
0.795803
1.25533
1.37613
1.61548
0.648888
0.859797
1.08896
1.15833
0.963602
1.66811
0.896169
1.01128
1.43691
0.82533
0.971968
0.889706
0.885345
1.50492
0.749778
1.51054
1.1245
