1.31443
0.412575
0.282052
0.769803
0.544158
0.110185
0.232027
0.397316
3.26361
0.211983
0.843966
0.873727
1.41404
0.746895
0.719989
0.293301
0.452765
1.28932
0.491179
1.18931
0.381085
0.343939
0.164906
2.07923
0.250203
0.901099
1.21732
0.666865
0.714197
0.809943
0.627906
1.73891
1.16182
1.21439
0.56713
0.925818
2.09086
1.05106
2.20472
0.592443
1.25754
0.553318
0.709655
0.168536
0.523008
1.34284
1.89499
0.820121
0.604712
1.02753
0.84461
0.94484
1.33497
0.577611
1.17413
2.01458
1.25433
2.79217
1.71453
1.84562
0.392219
0.347375
0.556002
0.494438
0.92075
0.480742
0.294252
1.16954
0.598078
0.519962
0.536959
0.746088
0.688684
0.521779
0.594279
0.830952
0.817572
0.796814
1.6547
1.1252
2.73348
1.1912
0.235168
0.853581
0.381351
0.824313
0.546594
0.533102
1.26499
2.49718
0.557956
0.606877
0.711094
0.534376
2.25051
1.0038
0.895871
1.29124
1.5699
0.511806
0.420698
1.69749
0.547536
0.229038
1.74497
1.58354
0.917398
0.591662
0.707132
0.48882
0.470504
0.698981
1.38623
0.725757
1.35246
1.10737
0.236994
0.8638
0.462675
0.386094
2.94988
1.28804
1.26963
1.66886
0.422339
0.584547
0.243029
0.7239
0.497454
0.552197
1.24405
0.755838
0.761313
1.39604
0.795122
0.37998
0.335398
2.40342
0.830519
0.895123
0.785032
0.424693
0.229289
0.43438
0.643583
1.02696
0.534344
0.0821478
0.170676
0.25721
1.16991
1.37791
0.368766
1.50708
0.779185
0.301484
0.18918
1.07697
0.977339
0.7042
0.588499
0.381169
0.641711
0.266924
0.928022
3.16986
0.310659
0.940708
0.641718
2.57494
2.06159
1.62087
0.0892926
0.208344
1.30715
0.678609
0.292788
1.18469
1.70881
1.4021
0.972701
0.746398
0.338048
0.210299
1.21235
0.178202
0.685684
2.09667
0.851769
0.934206
2.63326
0.341139
0.44514
1.57936
0.997526
0.443835
0.858858
2.13604
0.648107
1.31686
1.92537
2.73148
0.53181
0.294516
0.692284
0.936895
2.7395
1.23147
2.88184
1.83855
1.44694
0.563052
0.247941
0.304121
1.88707
2.16325
1.01481
1.24548
0.363781
0.56907
0.534347
0.573136
0.472367
0.664044
1.01474
2.51007
0.595086
0.25262
1.65844
3.24961
0.257731
1.69183
0.783401
0.0793944
0.368804
0.590265
0.159122
0.275449
0.485285
0.312943
2.00018
0.3141
1.16666
0.807392
0.274758
0.635257
0.0437398
0.493142
1.28479
1.13777
1.5721
0.481548
0.70712
1.01762
0.673643
0.441638
0.665393
0.533714
1.22021
0.367356
1.20528
1.04689
0.604379
0.328695
1.75861
0.800323
0.872297
0.360739
1.042
0.324269
1.3976
1.09231
0.978796
0.110794
1.80585
0.265026
1.941
2.44017
0.52133
2.03512
0.184018
0.186535
1.78186
3.50075
0.704236
0.886644
0.581198
1.69871
2.53641
0.471147
0.295865
0.797866
0.754538
0.716867
0.614548
0.527421
1.09767
1.61983
1.14017
0.693255
1.63675
1.13976
1.16902
0.415938
0.181482
0.291495
0.995286
0.895779
0.120037
1.51869
2.62049
0.905688
0.793262
0.46111
0.357105
0.57523
0.983465
0.811629
1.53044
0.591
1.57635
1.65186
2.28406
2.38694
1.19918
0.632073
0.0627348
1.21488
0.931626
1.68311
1.16598
1.93451
0.324442
0.696357
1.44504
0.135121
1.51099
1.6076
0.520264
0.461449
1.78408
0.816385
0.508387
0.645817
3.09098
1.47888
0.558343
0.93969
0.541473
0.877144
1.62774
0.551153
0.475845
0.860993
0.654482
1.05215
0.126338
1.51171
1.05726
0.601557
0.127073
1.73459
1.87295
0.149699
0.336144
1.85962
0.812603
0.231666
1.6025
2.13615
0.546774
0.956812
0.622469
1.33176
1.78912
0.374136
2.2952
0.823001
1.70641
3.5389
0.0213571
0.196191
1.21144
0.561827
0.969605
0.264906
0.424001
0.762301
0.80621
1.29492
1.39921
0.601137
1.9173
1.5127
1.0435
0.831233
0.826392
0.640643
1.35399
0.676996
0.685094
1.48282
1.19239
0.306986
2.35323
0.811583
1.69887
0.242628
0.940173
1.68663
0.654791
0.655173
0.882254
1.35167
0.509547
0.88888
0.697189
0.133977
1.32494
0.846542
1.67297
0.643909
2.21964
1.46656
0.68928
0.37734
0.526953
1.16842
0.359796
1.15348
1.84206
2.468
0.330919
0.48019
1.08407
1.30226
1.84844
0.134314
1.34552
0.121254
1.10494
0.297862
0.626108
0.723618
0.194201
2.30905
0.381423
1.86641
0.6228
0.677531
0.519833
0.703048
1.22779
0.402937
1.28479
0.615498
0.733375
1.08088
0.684199
0.749298
0.34161
1.69837
0.17517
1.37066
1.88763
1.09687
0.926339
1.03055
0.795913
1.10937
1.07623
1.52339
1.77358
1.25972
1.13173
0.445728
0.259987
1.31092
0.800848
1.56976
0.996059
0.948416
0.155057
0.829589
0.488103
0.704578
0.82497
0.605336
1.28819
1.49967
0.139661
1.10603
0.310967
0.981279
0.584919
2.41688
0.192518
1.12283
1.32786
0.912011
1.86597
0.567527
2.64309
1.17034
0.978885
2.04187
0.721905
0.396713
1.63739
0.744863
0.427368
0.344206
1.85817
0.361212
1.88364
0.358293
1.36245
0.148496
0.775489
0.588075
2.00817
1.39027
0.64477
0.0980876
1.46061
0.894671
0.371625
1.2704
1.79002
1.59463
0.22917
1.63733
0.615447
0.444472
1.43872
0.164863
0.687878
0.434688
0.579037
0.525904
2.09919
1.6124
0.0828981
1.41362
0.827182
0.22663
0.307746
0.136116
2.4832
0.49288
0.377083
0.560137
0.542577
1.32269
0.328095
0.289342
0.761272
2.1959
0.675678
2.95915
0.534161
1.94092
0.415027
0.649041
0.359096
1.6458
0.94174
0.849794
0.440735
0.44644
1.12825
1.07814
0.900131
0.786622
4.03637
0.435038
0.489382
0.199551
1.17524
0.622895
0.820339
1.23186
1.20146
1.22415
0.385134
1.47573
0.83673
0.350679
0.204084
0.517718
0.284542
1.45965
0.592472
1.90415
0.535179
3.35888
0.474458
0.307434
0.262385
0.22181
1.36773
0.655594
0.992463
0.835689
2.13654
0.769157
0.392213
1.28014
0.326812
1.31845
1.1435
0.23161
0.837411
1.44233
1.0496
0.885055
0.354132
0.658588
1.36075
0.216963
1.1016
0.713681
0.859022
0.0897155
1.52605
2.23169
1.73145
1.80725
1.27542
0.18114
0.288144
2.73205
0.383861
1.76349
1.23899
0.782352
1.13828
1.34424
0.638462
2.26424
0.86517
1.47472
1.08799
1.18756
1.91844
2.36464
0.0948511
0.716852
0.847723
0.862558
0.430987
0.422375
0.835103
0.181299
1.03794
0.0567788
0.620534
0.832486
1.70067
0.323234
0.484449
0.692138
0.331834
1.54084
0.665153
0.300519
0.889582
0.304632
0.381521
1.65333
0.490035
0.388689
0.766894
0.467503
0.99561
2.32135
0.677377
1.685
0.339747
0.843293
2.42236
2.57608
1.14786
0.548817
0.182895
3.19091
1.50246
1.45547
1.18835
1.07718
1.01807
1.00162
0.201835
1.70008
0.357079
0.410504
1.20424
0.457444
1.46373
0.842871
1.2226
0.884884
0.843097
0.638479
1.48392
0.633004
1.32785
1.1002
2.70413
0.657099
0.897603
0.342015
1.02861
0.419376
1.20184
1.95785
0.95643
1.38817
1.40687
1.0568
0.327909
0.473816
1.20863
0.658017
0.419998
0.916033
1.37263
0.0358147
0.628944
1.5905
1.14021
0.467574
0.997327
0.862739
0.612955
0.621619
2.37413
1.88551
1.84621
0.593689
2.03867
1.20479
0.863889
0.635407
1.55041
1.38117
0.659555
0.997277
0.743893
0.779286
0.925544
0.191371
0.418408
0.535357
0.28412
1.98536
0.559716
0.914974
0.181127
1.1431
1.50475
2.94783
1.44087
1.09276
0.778903
1.25164
0.250208
0.79333
0.831765
1.3771
1.60122
0.862026
0.919974
0.247776
0.988855
0.816963
1.39526
0.420948
0.203522
1.40129
0.167333
0.159724
0.617082
1.50775
0.399322
2.98997
2.09355
0.666148
1.08957
0.374071
0.389589
0.823937
0.636341
1.96851
1.89617
0.558115
0.488583
0.658747
0.7476
0.305845
2.20742
1.11359
1.16029
2.46144
1.38873
0.430631
0.789876
1.54918
1.42068
2.6159
0.309455
0.103691
0.995799
0.898471
0.630448
0.339782
1.40037
0.46988
0.851838
1.93526
1.44101
0.890025
0.182138
1.55074
0.667811
0.933643
0.592291
1.65778
0.358815
1.41188
0.907562
1.66339
0.575001
1.03685
1.0804
1.43422
0.423023
0.692468
0.80089
1.19027
0.889287
0.267131
1.22965
1.35071
0.787783
1.73098
0.120984
1.13205
0.46738
1.22666
0.135463
0.346305
0.800077
0.767408
0.826299
1.64616
0.544539
1.26686
1.57963
0.0981391
0.535287
1.67851
0.445009
1.51343
1.12069
0.623945
1.32165
0.246541
0.685131
0.182215
0.184494
0.795542
1.90084
0.0378933
0.358238
0.784337
0.865735
0.52189
0.270261
1.45413
0.509089
0.536976
1.03019
0.70117
0.691974
0.285591
0.482121
1.34271
0.33371
1.63987
0.662436
1.16003
1.82429
1.33188
0.467861
0.532891
1.15476
0.337398
0.31137
1.03323
0.451581
0.715647
1.96867
0.424103
0.944048
1.34327
0.404662
0.528056
0.674295
1.07021
1.6219
0.458487
0.448435
1.20293
2.08552
0.709747
0.362951
1.03915
2.63415
0.479549
1.15571
0.20994
0.25028
0.93297
0.261778
0.324143
0.79316
1.82142
0.126721
0.312535
1.76209
1.19617
0.907273
1.33486
0.378899
2.56514
1.14398
1.58332
2.33513
1.69572
1.14179
0.264278
0.179208
3.54673
0.495585
1.29854
0.698977
0.897241
0.332204
0.194216
0.567674
0.4011
1.32503
2.8294
0.62043
0.6005
0.523084
2.47618
1.09421
2.46558
2.33462
0.271051
0.791933
0.62636
0.862353
0.652227
1.07673
0.0859967
0.50894
1.26151
1.15302
1.69963
0.719727
0.994595
1.22592
0.614672
1.46386
0.462499
0.607818
0.623163
1.43574
0.145967
1.08272
2.059
1.3592
2.11858
0.287386
0.292138
0.984784
1.22288
0.850673
1.19097
1.52144
1.26909
0.887428
0.709492
0.640582
0.353749
0.333479
3.11322
0.918312
1.87101
0.690354
0.272605
0.603266
0.724135
0.50035
1.61383
1.15117
2.20791
1.37743
1.14977
1.33818
0.603073
0.425274
1.63711
0.401689
0.244581
1.19201
0.41628
1.00922
0.22716
0.976394
0.593207
0.216905
0.555845
0.989626
0.764731
0.994296
1.4299
1.85333
0.56131
0.986137
1.09655
0.158701
0.881281
3.17132
0.664719
1.62847
1.37833
1.24494
0.991409
1.11126
1.44703
1.90645
3.93098
0.730187
1.24772
1.14463
0.618268
1.98193
1.16672
1.14768
2.04552
0.664295
1.24337
0.53076
0.399982
1.00308
1.51415
1.16461
0.210952
0.89256
1.30428
1.26073
0.192882
0.476824
0.733475
1.7026
0.335994
1.92333
0.411276
0.84777
0.268282
0.982043
0.819237
1.07811
1.02764
1.8718
0.821378
1.15988
0.0872141
2.10044
0.334629
1.37484
2.88264
0.692752
1.2754
1.94117
0.469756
1.97616
0.132108
2.32409
2.00497
1.20558
0.708954
0.487068
0.609541
1.13611
0.832836
0.133309
0.437303
0.0994011
1.14229
0.599455
0.528903
0.426528
0.296821
0.947418
0.731252
0.120537
2.02482
1.80974
0.186388
1.64011
0.875544
0.0403939
0.890763
0.38517
0.511639
1.59054
0.766454
2.42771
0.184615
0.345481
0.275418
0.623276
1.11927
0.610386
0.734733
0.925023
0.947631
0.453168
1.56419
0.36043
2.07971
1.47272
0.25531
0.80467
0.233868
0.482001
1.5974
1.75035
1.25358
1.53882
0.364523
1.02267
1.55944
1.46384
0.145124
2.2949
0.92988
1.28753
0.377813
0.746464
1.02445
0.377736
0.89769
0.0903517
2.03804
0.154512
0.574849
0.131023
0.705347
0.58873
0.379024
1.91092
0.311574
1.82462
0.596329
2.38454
1.00736
0.563619
0.637441
0.507737
1.87885
0.727889
1.06125
1.47398
1.58654
1.87658
0.554485
0.977975
1.51435
0.64201
1.03447
0.265267
0.380505
1.09487
0.420998
0.938422
0.691898
0.530132
0.830336
2.56746
0.63734
1.70785
0.955703
1.6194
0.341843
0.810779
0.938675
0.916013
0.729528
1.00691
0.908102
0.566439
2.4478
0.503777
1.95492
0.175615
0.637499
0.29532
0.445071
2.46645
0.841304
0.328284
0.424726
0.970039
1.99754
0.350489
0.715275
0.0919365
1.41657
1.04429
0.823918
0.49334
0.108394
1.84278
0.191323
0.780075
1.28226
1.06724
0.800947
1.84436
1.27265
0.296847
0.3216
0.485866
0.577046
1.22135
1.06895
0.364009
0.359054
0.720126
2.34047
0.518316
0.914065
0.155693
0.325807
0.0542181
0.932231
0.875184
1.92802
0.929381
0.254595
0.842052
0.853435
1.01056
0.768096
1.4526
1.70413
1.29287
1.14561
0.741012
0.844212
0.695326
0.780222
0.66633
1.06182
0.461061
1.93273
2.8552
0.771907
0.574346
0.37619
0.74937
0.563477
0.721479
0.397388
0.527041
0.481503
2.09353
1.03751
0.651374
1.53212
0.493142
0.180339
1.42734
0.893576
0.572886
0.369656
0.467829
1.68117
0.264311
0.396413
0.402837
1.86512
0.617573
0.248963
0.639737
1.70087
1.53275
1.33076
0.290933
0.635306
1.02937
0.502519
1.70947
2.71122
2.88667
1.40186
0.714917
0.689101
0.40392
0.700273
0.888643
0.552496
1.75225
0.341901
1.98172
0.948401
3.29435
0.810747
0.0590515
0.145616
1.71541
0.22463
1.35811
1.26026
0.260829
1.20052
1.10891
1.37862
1.53241
1.42647
0.798396
0.91026
0.798172
0.736159
0.651029
0.452079
0.998741
1.02494
1.96519
0.861407
3.40809
0.758533
0.657977
0.613536
1.02566
0.793262
0.139494
0.636479
0.965045
0.954649
0.969358
0.191725
0.693862
0.63031
0.417144
0.338291
0.543475
1.93888
0.368765
0.548081
0.653449
1.67115
1.22679
2.73605
1.36291
0.342896
0.807334
1.72093
1.22441
1.38434
0.812983
0.903211
0.393871
0.759874
0.796428
1.56135
2.21397
0.530463
0.834655
1.52298
0.461436
0.990348
0.703013
0.55676
0.672749
0.152244
1.30294
1.25723
0.636861
0.707593
0.557522
0.0697917
0.0296917
0.286216
2.76032
0.516456
0.87861
0.649498
0.0518604
1.38335
1.30331
0.915909
2.54008
1.28667
2.35657
1.28958
0.719511
1.23422
0.327345
1.47087
0.247435
0.638677
1.31421
1.65621
0.831913
1.481
0.496924
0.314543
0.403358
0.777637
0.521652
1.51248
0.741027
1.02781
0.815783
0.203664
0.255715
1.55605
1.22901
0.281168
0.844353
1.80286
0.833642
3.95768
1.01924
3.88705
0.978278
0.556706
0.547242
0.46658
0.694597
1.06669
1.04087
0.605962
1.75218
1.22017
1.22146
0.751715
0.951348
0.627911
0.238892
1.46677
0.981068
1.04584
2.70897
1.09954
0.312818
0.194584
0.754746
1.30539
1.40788
3.3933
1.71846
0.495991
2.00626
0.203625
1.42407
0.219291
0.585445
0.554867
0.294046
0.457214
0.729256
0.347453
0.5172
1.65719
0.286643
0.667123
1.75319
1.38161
1.42604
0.686447
0.284265
0.198357
0.473647
2.12599
1.04213
0.446919
2.91867
3.05709
0.170263
0.530269
1.13012
1.09187
2.74995
1.32459
0.216684
0.942513
0.969587
0.839163
2.70918
2.0655
1.13465
0.551054
0.497113
0.539949
1.08412
1.95759
0.759243
0.63177
1.41349
1.15116
1.03064
1.25831
0.734388
1.07273
0.887514
0.527707
0.354488
0.731822
0.604955
0.555619
0.0740251
2.26604
0.85141
0.832177
0.533357
0.755213
0.347874
0.717048
3.22431
0.257935
0.914504
0.313136
1.78668
0.474348
0.822946
0.901472
1.39128
1.26938
0.453565
2.5065
0.838704
0.725739
0.349557
0.970896
0.321697
0.72073
2.24726
0.315978
1.10353
0.734466
2.63022
1.07956
0.517111
1.24991
1.66554
0.864664
0.0263998
2.19081
3.75145
0.85241
0.675042
3.06533
1.6379
2.78572
0.90943
0.296305
0.932581
0.470116
1.31504
0.565991
0.940966
2.10608
2.76709
0.356021
2.12307
2.85905
2.92589
0.865253
0.924062
0.654509
0.489598
2.33841
0.819437
1.88127
2.61735
2.03132
1.76423
0.713832
0.971189
0.333788
2.11347
0.194391
1.1906
0.523631
0.395471
1.51426
1.00326
0.436027
1.10147
1.46127
0.420145
1.18515
0.110764
0.353099
1.09363
0.749912
1.92094
0.368822
0.869679
0.75565
0.395919
0.724162
0.452612
1.91607
0.378703
1.37281
2.16867
1.01932
0.0827321
0.26352
0.304099
0.391145
2.02744
0.350353
2.61273
0.395262
0.384656
0.170706
0.5354
1.45796
0.613355
0.0467715
2.08538
0.933203
1.25546
0.574152
0.636552
1.75988
0.286637
0.394287
0.662195
0.545521
1.3929
0.363656
2.88562
0.320887
0.318246
1.39189
0.428121
0.40627
0.560514
2.48146
0.757148
1.11151
1.92315
2.17701
0.420366
0.747802
2.36965
0.0560657
0.598046
0.428241
0.205412
2.8949
1.01439
0.350264
0.642174
0.639921
0.772744
0.47817
1.13454
1.64167
1.10691
1.00591
0.595221
0.244273
0.40184
1.80314
0.223686
1.04631
1.05631
0.457775
0.875552
0.304478
0.619617
0.346504
0.675772
0.40618
0.872656
1.16582
1.63889
0.321395
1.1018
0.965974
0.443873
0.854838
0.767112
0.660876
1.12751
1.854
1.28604
0.754136
1.92819
0.463222
0.95328
3.19213
0.809746
1.04107
1.12558
1.50439
1.55487
2.82854
0.722482
1.56387
0.477378
0.227092
0.175946
0.120546
0.298021
0.464056
0.691577
1.41177
1.01445
1.68441
0.886917
0.526103
0.928617
1.17601
0.363268
1.90179
0.872454
0.318441
0.84867
0.569086
3.72255
1.31447
2.02742
2.35382
2.3643
2.76931
0.585184
0.36327
0.138233
0.811099
0.869145
0.734885
1.40489
0.454609
1.10202
2.18078
0.154477
1.22239
0.934975
0.426704
1.73572
0.449337
0.967297
1.92328
2.34418
1.18239
1.45598
0.979766
0.290822
1.13023
1.51568
2.5534
0.37659
0.940668
0.538697
0.465004
0.301542
0.795057
1.35867
0.993868
0.870185
0.33397
0.762527
1.2003
3.09871
0.246339
1.3011
0.967938
0.418456
1.85986
0.246054
2.97825
0.90802
1.75698
1.41032
1.0775
0.911959
0.329329
1.46606
0.80621
2.7596
0.685993
1.2574
1.09838
0.955533
0.336562
0.322657
1.25186
0.0320257
0.358899
0.967771
2.23559
0.191915
0.601446
3.88831
1.07923
1.41572
1.4672
1.76113
1.33165
1.46866
0.455704
1.52278
0.351881
0.700338
1.39854
1.37337
0.670404
0.126257
0.748806
0.511572
1.00061
0.978662
0.722835
0.528276
0.712236
1.16825
0.907945
0.0399945
0.855079
0.43641
1.89497
0.00569376
0.942299
1.10512
0.386231
0.613527
1.06384
0.441493
0.116082
0.85102
0.375082
0.712969
0.978337
0.485001
0.620646
0.756478
1.53205
0.923821
0.341122
0.403518
0.114139
0.0599463
1.18866
0.166006
0.201813
0.423967
0.140658
0.439011
1.20879
1.01188
1.00062
0.570061
2.65106
0.179343
0.31689
0.851606
0.653585
1.13841
0.134397
2.08677
1.29
1.06061
0.566757
1.5929
2.57298
0.933885
0.46733
0.5018
0.536809
0.106015
0.810022
0.225296
0.595778
0.384908
0.750733
1.9987
0.82773
0.988247
0.878639
0.49449
0.235495
0.528104
0.724953
0.92591
0.995307
1.26114
0.882949
0.357987
0.860451
0.802595
0.851526
1.15426
1.58745
0.64772
0.180732
1.30066
1.6137
0.278019
2.13937
1.50156
1.8473
0.852977
0.402224
0.891959
0.0120289
1.46888
0.437438
0.176216
1.92434
0.840878
2.70934
1.50738
0.532889
1.27888
1.36722
1.41328
0.53781
0.614036
0.58833
1.09699
0.707012
1.05905
0.837657
0.379369
0.691754
1.28771
0.676858
0.300977
0.10674
0.210919
1.91248
1.23059
1.00037
0.276282
0.765971
1.59274
2.5534
0.785141
3.41375
0.673316
0.288806
0.982079
0.760291
1.14051
0.263839
1.30428
0.94046
1.21604
4.98335
0.968155
1.31182
0.7817
0.363417
0.400666
0.756588
0.380326
0.328636
0.250752
0.564774
2.58126
0.753232
1.23445
0.85577
1.18007
1.25643
0.423914
0.422945
0.820054
0.359768
0.449631
1.81722
1.8613
0.44994
0.901963
0.992411
2.46239
1.17003
0.831932
1.13665
2.10245
1.31151
1.77615
0.552618
1.56482
0.557334
2.13833
0.254494
1.55895
0.154544
0.351274
1.3492
0.942181
1.14794
0.675017
0.217988
0.830215
1.22721
1.25151
1.84778
0.409793
1.29602
0.650157
0.362929
3.65728
0.311914
0.549873
0.983146
1.59284
0.265997
0.7627
1.05151
0.901242
1.0681
1.9791
1.63253
1.31208
1.21477
1.10179
0.369726
1.77147
1.53336
0.268281
1.22575
1.53981
0.548447
1.9843
0.520055
0.557809
1.59544
0.0492121
1.09443
0.0702465
0.985928
1.28399
0.694071
0.903882
0.149694
2.17768
2.18353
0.241884
1.65331
1.73828
0.895797
0.761964
0.130729
0.235355
1.03327
0.0857016
2.95096
0.944142
0.740739
2.34574
1.3186
1.09739
1.00685
0.812837
0.475039
2.07078
0.684419
0.587195
1.16665
1.68985
1.54315
0.162636
0.537478
0.510767
0.565955
1.30816
0.915733
0.177254
1.73033
1.49547
0.0488984
0.320075
0.113148
1.08675
0.550111
1.95259
0.746242
0.957861
0.802259
0.789139
0.973186
0.387374
0.532351
1.56679
1.11298
1.75629
0.525164
0.0345603
1.4441
1.07866
0.967429
0.739494
0.551861
0.849748
0.766004
1.9035
1.44308
1.10609
1.3622
0.201852
1.25275
1.40592
0.626296
1.184
2.05726
0.703898
0.743029
0.785884
0.314246
1.2233
1.19738
1.18607
0.846464
1.551
0.809113
1.02665
1.1615
0.98453
0.645345
1.68471
2.45654
1.08474
1.01334
0.405689
0.390055
2.1279
0.135456
1.83915
1.48677
0.481611
0.410184
1.18281
0.646316
1.30026
1.99873
0.952611
0.728863
1.12528
2.08112
0.730456
1.92673
0.357993
0.278919
1.67304
1.05509
1.20179
0.777871
2.46742
0.84818
0.21924
0.844557
1.33344
0.0822082
1.08703
0.438554
0.477353
1.06807
0.0709754
1.19996
0.730801
0.647339
1.50853
1.46057
0.457279
0.529907
0.863274
1.01077
0.142056
0.775915
1.29123
1.87299
1.43587
0.511161
0.346168
0.305213
1.29628
0.187319
0.657301
1.78096
0.478827
0.514016
0.748368
0.724911
0.85122
1.03105
0.30909
0.480983
0.840187
0.652794
0.765278
0.708891
0.82183
4.38929
0.282157
1.66693
0.702192
0.674382
0.493328
0.236417
0.850113
0.336527
0.110186
0.862389
0.606706
0.761421
2.82588
0.47206
0.946813
1.04615
1.47401
0.105921
0.64002
1.42488
0.414914
0.890001
0.0963215
1.38664
2.72221
0.0946786
0.872006
0.764508
0.0204583
0.641242
0.775139
1.29382
0.842896
0.434266
0.424678
2.26365
2.8988
0.669325
1.64974
0.844277
1.28256
0.837176
1.04423
0.668894
0.576682
0.556305
0.641919
1.07512
0.659
0.583857
0.431087
0.872321
1.1992
1.72132
1.35823
1.55291
1.23438
0.319416
0.703773
0.828318
0.416741
0.660129
0.765625
0.78727
1.2724
2.45562
0.425125
0.318766
0.936129
1.51443
0.115163
0.408412
0.881252
0.943002
1.22767
1.76945
2.03431
0.982912
0.741618
2.50279
0.98463
0.745874
0.74858
1.66156
0.67925
1.9812
3.86884
0.591225
1.87254
0.303652
1.03112
0.940091
0.420562
2.8907
0.870795
0.599027
0.981249
1.42869
0.359908
1.20722
0.692254
0.785651
1.37969
1.16403
1.00766
0.693559
0.24916
0.937986
2.89207
1.43864
0.327756
0.266639
2.26318
0.64954
1.34628
0.660727
1.35632
0.344743
0.096573
0.65301
0.736779
1.07379
1.60654
1.4721
0.38665
1.11006
1.32487
0.7954
0.119769
2.6962
0.545691
1.78826
1.47903
1.64771
0.318158
0.632888
1.09311
1.36689
0.85171
0.165536
1.16766
0.298262
0.553901
0.817211
0.63322
1.74591
2.49852
0.79878
1.18766
0.399391
1.59267
0.311486
0.842193
2.15772
0.895587
0.791455
2.03457
0.57696
0.793925
0.947588
0.690411
0.418393
2.0244
0.376234
0.336872
0.626356
0.776823
0.335965
0.399431
0.341332
0.381144
0.529018
2.11343
0.305169
0.759466
0.13013
0.559395
2.51877
1.06996
1.13547
1.39621
0.763617
0.597593
0.412775
0.686615
2.56365
0.226715
1.93044
0.185593
0.716686
0.280471
1.49136
0.287077
1.08788
0.693385
2.06738
0.224173
1.38946
0.578235
1.29842
0.317878
0.453797
3.83652
1.81283
0.60618
1.10098
0.527517
1.03676
0.72647
1.73378
2.14484
0.491874
2.10663
0.294934
0.475059
1.21958
0.568935
0.169142
0.44782
0.470516
1.92955
0.724665
0.411598
0.99293
0.380331
2.10956
1.23808
2.33306
0.0798079
0.827269
0.200937
1.45994
0.684714
1.72161
0.864557
0.355211
1.48224
0.224444
1.05679
0.551917
1.49426
0.216074
0.788292
0.292619
0.681349
1.17144
1.38019
1.68608
0.475501
1.83113
0.402185
0.586445
0.228167
1.58507
1.60566
0.269679
1.54139
0.615669
0.786011
0.547886
0.302492
0.571111
2.28252
1.13439
1.83418
1.18919
0.406726
2.78464
2.08027
0.293141
0.187095
0.194511
0.203486
0.670393
1.38862
0.352314
0.530548
2.71125
1.3696
0.728635
0.534495
0.664616
2.61629
1.94673
2.62408
0.503887
3.99614
0.89436
0.662322
0.541905
0.3742
0.333607
0.464282
0.414532
1.06388
0.38493
2.41103
1.77256
0.691412
2.69425
0.282813
0.947081
0.283079
2.72893
0.772186
1.63167
1.24187
0.813157
1.29841
1.00271
1.31395
1.41585
0.38313
1.70442
3.03507
0.123932
1.04352
3.22698
1.11796
0.983308
0.388419
1.66631
0.624748
0.163484
0.376301
1.31495
0.267041
0.701216
2.28831
1.30088
1.57157
0.242672
0.635709
0.738636
0.509089
2.89986
1.78977
0.716033
1.26736
0.56468
0.929517
2.11917
0.750957
0.495456
0.320467
1.15968
1.15641
1.27539
0.469195
0.108975
0.36829
0.550451
1.07938
1.31008
1.07905
1.59176
2.56866
1.57082
1.64663
2.02744
1.35311
0.979712
0.940678
0.78914
0.459367
1.68267
0.218892
2.28594
0.979055
0.315821
0.348654
1.63805
0.39691
1.30675
0.192967
1.06422
2.3946
2.04675
1.99938
0.880953
0.179969
0.674708
1.53531
0.585001
0.365574
0.110631
2.42357
0.28726
0.636937
1.64123
1.16643
0.829263
1.09554
1.25082
0.944251
0.574199
1.38192
0.884021
1.20003
0.425572
0.62012
0.97452
0.616107
1.23589
0.291248
0.435577
3.18404
2.43706
2.14655
0.794925
2.24992
0.878248
0.43968
0.681622
0.502627
1.30499
0.787779
1.88936
0.0582075
0.873929
1.63951
0.485576
2.41829
1.0342
1.00238
0.890807
0.158508
0.947082
1.48407
0.730705
1.45389
0.30708
0.361906
1.11911
3.2395
0.80214
0.635496
1.48568
0.959914
0.221889
0.841844
1.43939
3.6462
0.448228
0.887961
1.37639
1.01925
1.2664
1.55687
2.00112
1.59709
1.65338
0.368184
0.450391
1.56589
1.45514
0.527203
1.50267
2.83498
0.58016
1.14515
2.26215
0.535874
0.550439
1.42389
0.306565
0.969264
1.39522
1.50271
0.586707
0.330477
0.607931
0.455214
0.44343
1.13135
0.615039
0.545663
1.10333
0.317422
0.548485
0.0904265
0.981442
1.36746
0.726702
0.968273
1.85152
1.51165
1.27715
1.51158
0.21946
0.851388
0.670388
0.536649
1.75754
0.544353
0.184412
0.953346
0.270817
0.320617
2.17017
0.305544
0.40648
1.31012
1.67796
1.62479
0.423895
0.335457
2.56973
0.463465
0.575403
0.778126
0.520062
0.712159
3.91091
0.578056
0.447926
0.166189
0.574482
0.807481
0.898582
1.61821
0.507628
0.449817
0.642327
1.8611
0.972156
0.097089
1.75669
1.82742
3.78286
0.481323
0.781552
1.88877
0.995499
0.282792
0.738472
0.533566
1.01974
0.100237
1.37752
0.820104
1.71429
1.31304
0.424592
0.217955
0.645084
1.70796
0.533976
1.00881
0.450002
0.445867
0.381632
1.43366
1.85935
1.32187
0.134656
1.65707
0.45316
1.99985
0.752396
1.17837
3.32615
1.33821
1.8352
0.0488983
1.33908
0.340959
0.655369
0.27239
1.1987
0.582044
0.967467
1.24106
0.478587
1.6255
0.205512
1.69974
0.362777
0.529609
0.216636
0.120858
3.17551
0.208805
0.450301
0.387845
0.0335656
0.258728
0.653235
1.90716
1.40857
0.391134
0.812542
0.441947
0.664258
0.43934
2.06088
1.19163
1.34421
0.258742
0.798252
2.52867
0.593419
0.343271
0.832321
0.269195
0.516316
1.06661
0.702971
3.42403
0.570283
0.813374
1.6225
0.344108
0.685348
0.486114
1.24294
1.00026
1.30268
1.10803
3.78823
2.39947
0.819881
0.756777
1.37971
0.587946
0.377864
3.52536
1.19853
0.993453
1.47283
1.24898
0.840516
0.724769
1.41842
0.160496
0.695418
1.37447
1.80019
0.363594
0.47258
0.862499
0.31596
0.838543
0.862326
1.67583
0.47841
0.944172
0.463058
0.385068
1.65214
1.37119
1.93809
0.8823
2.39073
0.740679
0.322696
1.08619
0.21579
0.420457
1.35848
0.869716
1.21509
2.23154
0.833502
1.10427
0.950001
0.449848
1.51273
1.16824
0.695332
2.65701
0.797056
0.635101
0.454303
0.434534
1.21886
0.746246
0.679619
0.445091
0.1356
1.2583
0.302872
0.340366
1.28862
1.85417
0.341479
2.11635
1.44751
0.771657
2.41898
1.15419
0.404928
0.534737
0.630095
2.77349
1.7987
0.666005
1.70415
0.581989
0.825694
0.661521
1.82214
2.22923
0.341297
1.80598
1.53276
0.679899
0.0610172
1.39216
0.915873
0.665029
0.46985
0.832804
2.23438
1.87467
0.469954
0.711576
0.547604
0.751039
1.55641
1.08628
1.7143
1.09587
0.317725
0.335089
0.993974
0.943198
0.326172
0.549643
1.12846
0.135149
2.28321
1.74437
1.04698
0.400948
1.33434
1.30719
1.41851
1.34661
0.0278033
0.741602
2.19446
0.927886
1.51973
1.77896
0.593274
2.28031
0.693677
2.65601
0.874739
0.141511
3.49278
0.549466
1.42045
0.617515
0.391434
0.486163
0.292401
0.164756
0.31961
0.703847
0.721334
1.11208
0.498054
0.664393
1.36497
1.71082
0.771965
1.95296
1.32596
0.963994
0.241988
0.530437
0.285893
1.14021
1.80034
0.307387
0.272982
0.709087
0.123522
0.716108
0.687367
1.05827
1.69104
1.02948
2.06063
0.725419
0.3748
1.98115
0.435441
1.29006
0.392425
1.93253
0.898849
1.17753
2.19131
0.960227
0.432756
1.62716
0.286262
0.354266
1.31815
1.11918
0.259068
0.588765
0.579231
0.651547
0.711359
1.01845
0.332511
0.734911
0.832529
0.523046
0.0796812
1.0231
0.819254
0.382022
1.37957
3.00555
1.24002
0.658131
1.14093
0.0646387
0.574694
0.176946
1.77584
1.26498
0.493441
3.84557
0.574331
0.791574
2.11047
2.06196
0.72416
0.601959
0.932384
0.19549
0.775818
0.355986
1.77363
1.76127
0.440284
0.265615
0.676986
1.87435
0.418605
0.0551235
1.52455
0.0802634
0.109176
3.42263
0.179862
0.881409
1.18917
0.510247
0.465708
1.46453
0.741218
0.534544
2.64863
0.563612
1.21053
2.32583
0.593691
0.458888
0.407777
0.498874
1.33129
0.477182
0.502548
0.992835
0.659644
0.510647
0.917883
0.733389
0.615452
1.58762
0.358949
0.267365
0.208332
0.406191
0.445878
0.887733
0.763937
0.630449
0.43953
1.37362
0.877888
1.95787
1.73147
0.629908
1.51104
0.661365
0.805321
1.04849
0.113686
1.27155
1.87086
2.24761
0.484196
2.36698
0.909462
1.02404
1.69748
1.04677
1.00925
0.497443
0.593751
0.534272
0.757676
0.700862
0.31173
1.2941
0.632555
1.74079
3.13333
0.919181
0.177878
1.15211
1.30345
1.53492
1.93542
1.17739
0.974511
0.520265
2.09166
0.33734
1.31236
0.333028
0.176931
1.28363
1.39162
0.761808
0.499208
0.403762
0.710176
0.779661
1.35053
1.76164
0.585229
0.784524
1.35746
0.366765
2.1771
1.32935
1.13785
0.662913
0.616447
0.941145
0.933939
1.37688
1.16426
0.587678
0.151812
0.207003
1.06945
0.202458
0.201753
1.66052
0.544027
1.05893
1.18806
1.87411
1.33768
1.77761
0.566621
2.03106
2.22511
0.158548
0.111745
0.787564
1.18525
2.24977
1.40278
0.412651
2.42147
0.646371
1.5206
1.78904
0.766084
0.827986
0.341004
0.771336
2.05286
0.924582
0.441306
0.829852
0.349919
0.70049
0.571765
0.654062
1.92769
0.997
1.10326
0.690843
0.563551
0.706169
0.616699
0.196101
1.05473
1.05346
0.260792
0.86016
0.914848
0.716414
0.476779
0.475944
1.98828
0.219791
0.826059
1.89201
1.32267
0.449592
0.0827887
0.0420888
0.524066
0.7698
1.41095
1.27585
2.47286
1.07999
0.547331
1.53487
0.362791
0.946276
1.96558
0.255707
1.89018
0.979177
0.315612
1.85815
1.96671
1.01907
0.945729
0.323546
1.65115
0.255985
1.39482
0.483911
0.10069
0.597718
2.06424
0.534482
0.756345
0.386903
0.509386
0.0637571
0.317413
0.627155
1.19717
2.52494
0.524836
1.04249
0.916162
1.24824
0.607546
1.34238
0.860873
0.10801
1.17618
0.563956
0.61014
0.751253
0.31847
0.575735
0.350079
0.195606
0.109792
1.19269
0.957811
0.670274
0.914885
1.43169
1.55399
1.15362
0.460485
1.42101
0.693026
0.271891
1.3752
0.200265
0.577743
0.32621
0.183168
0.536995
0.987433
0.401983
1.41568
1.73237
0.624916
0.797969
1.09089
1.31509
0.472796
0.228757
1.84708
0.366398
1.28405
0.71175
1.4907
0.178704
1.28112
0.495389
1.42277
0.547669
0.32186
0.240424
0.821449
0.638157
2.46863
0.695725
1.02828
0.815068
0.430953
0.890817
1.8979
1.06184
1.45218
0.684228
0.262881
0.775915
0.931538
1.15413
0.76983
0.505768
0.238953
0.660084
1.58709
0.866602
4.18779
1.11046
0.304612
1.38611
1.01336
0.166977
0.565204
1.08569
0.711664
1.20073
0.281989
0.44337
1.00714
1.25587
0.754833
1.39646
0.84789
0.79852
1.28261
1.68393
0.0897099
1.93681
2.11725
1.73122
1.74114
2.27413
0.0200025
2.16025
1.05588
1.15297
0.571014
1.30276
1.03809
0.6946
0.91864
0.589774
0.717117
0.722444
1.13619
0.653422
0.471042
0.591344
2.66223
0.622505
2.07783
1.26457
0.789114
0.365399
4.08078
1.33592
1.35545
1.19216
1.8839
0.164386
1.66002
0.732109
0.611645
0.518166
2.40114
2.73009
1.28034
1.01401
1.67604
2.69077
0.538488
1.75537
0.702671
0.305822
1.83018
1.82672
1.48292
0.070825
0.282952
0.463228
0.495715
0.464994
1.51805
2.51734
1.43009
1.20337
0.873738
0.447433
0.383475
1.80515
0.762288
1.95641
1.50112
0.813497
0.50257
0.222271
0.322254
2.67829
0.716396
0.736312
1.19731
1.45192
0.780437
0.924578
0.556731
0.316351
0.505217
0.289777
0.789252
0.304912
0.767126
0.45073
0.342277
0.947599
1.31083
0.264009
1.00056
0.439071
0.687911
1.92911
0.325263
1.16069
0.355229
1.48649
0.201668
1.83876
0.380716
0.517159
1.21699
1.20354
0.218041
0.0270533
0.307983
0.282875
0.264655
0.80241
0.229461
1.95269
1.1031
1.08996
1.3134
2.40657
1.16925
0.689763
0.683985
0.7348
0.867891
0.409114
0.248235
0.276587
0.407355
1.60856
0.727712
0.165702
1.6151
0.962506
0.415607
0.770119
0.930165
0.346429
0.754008
1.5712
0.475062
0.447032
0.0777921
1.21903
1.13161
1.04697
2.52063
0.444303
1.21589
0.227949
0.630949
1.275
0.900183
0.230845
2.00667
0.0447865
1.46122
1.22128
0.220053
1.36253
0.382337
0.219994
0.938894
0.12877
0.608996
1.43374
0.851403
1.0717
0.573629
1.66967
0.809924
0.47215
0.204306
3.93952
0.632488
1.64798
0.669799
0.680984
0.355671
0.281359
0.451952
2.36369
0.502257
0.580271
0.677524
3.51609
1.83729
0.710865
2.07079
0.936512
1.46379
2.49606
1.25839
3.45057
1.20676
0.764182
1.07428
1.11589
0.465741
0.761528
0.901081
0.895517
0.601403
0.416459
1.36324
1.08477
1.49682
1.56035
0.863602
1.10103
0.505194
1.05983
0.818134
1.19341
0.367727
0.774761
0.547822
0.233121
2.44279
1.77741
1.45494
2.04284
0.766737
0.459633
1.27786
0.975556
0.635181
0.836155
1.17947
0.570929
1.17922
1.72483
0.545347
0.31606
0.56713
0.653444
1.45623
0.976177
2.50222
0.920958
1.5306
1.01898
0.418154
1.46517
0.929145
1.65803
0.404308
0.145581
1.06674
0.357867
2.13134
1.03915
0.726773
1.40476
1.27189
1.07678
1.06442
1.46358
0.254459
0.740058
1.69313
1.17932
0.798482
1.20309
0.944969
0.576595
0.345391
1.07073
0.499906
0.556575
0.282678
1.17441
1.37339
2.50329
0.752825
3.06276
0.253881
1.28923
2.69783
2.40627
0.255132
0.549557
1.67847
2.67704
0.772872
0.35636
0.263259
0.206135
2.39368
2.19102
0.350179
0.401114
2.17406
1.12755
0.743001
0.817601
1.82993
1.39269
0.939402
1.95662
2.3049
0.834008
0.892525
2.29399
1.38438
1.37718
0.692427
1.36292
0.66334
0.421872
0.550707
2.33059
0.837646
1.12538
0.446243
1.54873
0.253102
1.07231
0.544129
0.763384
1.12496
1.37562
0.737858
2.02592
1.47095
0.873493
0.330027
0.71914
0.987933
0.526482
0.360483
1.49252
0.103668
0.152546
0.678613
0.829801
0.62968
0.445321
0.516442
0.510138
1.00621
0.524209
1.62324
0.848538
2.85919
0.587054
0.114114
0.513967
0.303914
1.29593
0.321958
0.466788
1.60359
0.463149
0.302129
1.21987
1.20057
1.12265
3.01939
1.33549
3.03634
0.435705
1.58989
0.353631
0.233137
1.02042
0.908831
0.600667
1.11466
1.03964
0.944167
0.650599
1.03033
0.781627
4.09063
0.893731
1.15782
0.332162
0.201394
0.380634
0.585813
0.769524
0.635665
1.50273
0.160704
0.703918
0.377475
0.645498
0.693104
0.690846
0.586279
2.26888
0.984977
0.0630736
1.96553
0.497731
2.36015
0.524561
0.838893
0.115563
0.730139
1.23675
1.21297
0.200744
0.332071
0.441339
1.92324
2.875
1.00812
0.588329
2.17977
0.50373
0.707275
1.66616
0.692172
0.637136
1.55947
1.16894
1.05089
2.40176
0.47621
0.77894
0.364951
0.989683
1.52371
0.471684
0.483281
1.82464
0.501642
0.993235
0.486917
1.02759
0.32372
1.60962
0.654599
0.822611
0.422045
1.21979
0.899894
0.846966
2.47662
0.685886
0.352724
1.70857
1.10662
0.85981
1.02775
0.458686
0.74063
0.465047
1.19388
0.551013
1.4939
0.67751
1.54689
0.324633
1.38317
0.552866
1.52678
1.30375
1.1065
0.229791
0.446895
1.2882
0.829792
1.88592
1.54746
1.14088
0.43055
1.0011
0.356112
1.22106
0.187865
1.23189
1.23976
0.148298
1.48884
2.41567
1.30654
1.0636
0.840778
0.533048
1.29412
0.913832
0.795224
0.815628
0.872386
0.464777
0.0465186
0.987989
0.451387
1.65706
1.18435
0.973888
0.198725
1.49165
2.40145
2.62499
1.05986
0.437234
1.39973
0.199125
0.443314
1.17234
0.656164
0.523467
0.425575
0.279958
1.57387
0.201743
4.10379
1.33188
0.621713
0.598822
1.74112
2.16558
0.909716
0.119125
0.567101
0.412975
2.64959
0.182867
0.500502
2.44475
0.897939
0.507277
0.510053
1.29673
0.667601
0.627089
0.262219
0.399263
0.353633
0.860479
0.471665
0.409853
1.55433
1.21398
2.61607
0.476582
0.301773
0.217938
0.250852
0.875379
0.499731
2.06484
1.16561
1.26618
0.883924
1.4376
0.582977
0.246056
0.979531
1.25542
0.485084
1.45682
0.796578
0.259064
0.498018
1.18695
0.609739
0.684546
0.898088
1.8322
0.0969318
0.843807
0.274178
1.78159
0.769033
1.36613
1.29657
0.512137
0.867699
1.53632
1.59774
1.00805
1.3842
2.33348
0.985275
1.47284
2.3847
1.52748
0.620211
0.387979
0.832522
1.61048
2.44158
1.79554
1.38417
2.39415
0.776672
0.359592
0.96309
1.48031
1.30706
0.958008
1.60216
0.494693
1.26717
1.48224
0.728199
0.46108
0.373072
0.954751
0.363731
1.14247
0.614523
2.38513
1.23549
0.700111
1.05436
0.587504
0.366475
1.86662
0.533353
1.33452
0.725772
1.52727
0.616745
0.434065
0.272034
0.579862
0.436038
0.438543
0.932853
0.915392
0.235124
1.01845
1.32314
1.18569
0.570464
1.1497
0.922756
0.293724
1.16037
0.933186
1.14751
3.29871
0.844866
2.00011
1.19261
0.585475
0.275241
0.485624
1.07139
0.903403
0.396747
3.20813
3.70857
0.847869
0.358221
1.84333
1.21817
0.35569
0.482681
0.480754
1.48653
0.466946
0.724148
0.643519
0.245145
0.22525
1.32188
1.25599
3.52609
0.0149926
1.37708
0.997374
1.90227
0.60146
0.344315
1.22468
0.358042
0.234319
1.08694
0.712595
0.580935
2.13874
1.13813
1.80215
0.79618
1.6785
2.74385
2.22674
1.74625
1.43731
0.197925
1.07168
1.50718
0.875064
0.536913
0.410822
2.26886
1.03617
0.364417
2.02804
0.988285
1.29348
1.82121
1.33715
0.301133
0.613514
0.933688
3.50009
1.11138
0.204854
0.509089
0.232916
1.49505
1.05309
2.25999
0.685532
1.1097
1.30454
4.59792
0.369387
1.73824
0.706698
0.786691
1.00145
1.49025
0.390902
0.203463
0.646219
0.899862
0.497258
0.628818
0.795308
0.750027
0.42002
0.402832
0.917387
0.761953
0.682635
0.952682
0.191172
0.452064
2.23195
0.550242
1.43525
1.84646
0.755341
0.823743
1.45333
0.747127
0.434748
1.04042
0.164071
0.791978
1.90851
0.445292
0.583242
0.788894
0.340338
1.18915
1.06549
0.67849
1.22399
0.285174
1.38248
0.438262
0.952946
0.707949
0.462804
0.260162
0.444952
0.919426
2.76182
2.9109
0.285447
2.40867
1.34035
1.14066
0.779741
0.524948
0.821051
0.445236
0.640865
0.504565
0.447397
0.965123
0.695124
0.589615
0.579754
1.41302
1.52736
1.46859
0.25214
0.634683
1.25479
1.27358
1.97899
0.109602
1.82785
0.214737
0.798235
0.0873981
0.869861
0.588104
1.45477
0.535653
0.697619
1.47516
0.861946
2.57365
0.745936
0.0480458
0.49041
0.541421
0.337654
0.252188
2.27124
2.50073
1.66563
1.08242
0.857759
1.30752
0.394046
0.289742
1.88346
0.988793
3.58718
0.302874
0.962287
0.267085
2.06993
1.42706
1.35186
0.792127
0.596217
1.06199
1.90582
0.10523
0.0310166
1.67308
0.269112
0.27883
1.83166
0.933733
0.707232
0.978596
0.804878
0.277467
0.852399
1.77842
0.618846
1.38834
2.22712
1.74611
0.828555
1.08238
0.373262
1.33778
1.16205
0.554884
0.233312
1.40903
0.836807
0.973216
0.785806
2.69602
1.02568
0.524562
1.31017
2.04523
0.950785
1.77697
0.861181
0.528746
0.310006
0.546326
0.805034
2.38107
0.446306
1.39181
4.01411
0.741698
0.245346
0.390686
0.790603
2.10215
0.895087
2.52151
1.67845
0.738146
0.570855
1.49052
2.3154
0.834855
1.63532
0.216061
0.545265
2.43092
1.50928
1.72521
0.706197
1.55109
2.55044
0.204753
0.368906
1.7685
2.10318
1.32095
0.166947
1.25725
1.03955
1.71904
0.893938
0.590143
0.698731
1.51308
0.307983
0.248067
0.688533
1.66982
2.02609
0.764239
0.963574
0.883212
0.242183
0.71434
0.643322
3.06032
0.454184
0.54467
0.636575
0.986232
0.291253
2.1236
1.4614
0.486739
2.99284
0.910786
1.26493
1.30484
1.49191
0.203593
1.23185
0.427159
0.722583
1.40442
0.476755
0.878464
0.176467
0.250739
0.641346
0.304421
0.0958859
1.22975
0.678204
0.337227
0.943005
0.231871
2.51522
1.95486
0.919947
0.735541
1.81479
1.6703
1.08481
1.77752
0.803274
0.966438
0.933814
0.433693
0.673861
1.22555
2.74216
1.47355
0.78753
1.65987
1.25853
0.326824
0.325712
0.115252
0.355438
0.374522
0.269639
0.698915
1.01561
1.13192
1.72401
2.1663
2.50456
2.11186
2.06697
1.08814
0.793862
0.579576
2.41773
0.423754
1.0737
0.802733
0.331332
0.183379
0.42599
0.82739
1.28985
0.750245
0.698172
0.570434
2.0463
1.33572
2.29389
2.79435
0.708929
1.19088
0.716628
0.813456
1.18117
0.953002
0.411707
1.20535
1.57951
0.400816
1.16646
2.19497
0.693874
0.462106
0.275651
0.62647
1.27864
0.402612
0.787985
0.53795
1.44397
2.24266
0.21685
1.24737
1.24155
0.501068
0.857535
0.303716
0.720191
0.609325
0.687063
1.08192
1.31132
0.739491
0.42332
0.395509
1.60515
0.287911
0.327453
1.68617
0.392439
0.957388
0.437204
1.61396
1.69951
0.513136
0.255444
1.4698
2.23528
1.52767
0.778255
1.57157
1.06826
1.49444
1.09082
0.551005
2.24899
0.518414
1.53442
0.739636
0.965689
0.619592
0.837807
0.189031
0.547554
0.131468
0.0919662
0.752544
1.44208
2.53066
0.361935
2.4062
0.565166
2.01293
2.26703
0.072866
0.916747
0.636606
0.237648
0.827754
0.967908
1.24519
0.865896
0.889473
1.2091
0.432964
0.496893
0.476301
0.923643
0.942764
2.68998
1.77387
0.862763
1.01061
0.339732
0.342498
1.02554
0.297331
0.134097
1.99697
0.922588
0.171522
0.596811
1.2983
1.77631
0.631095
0.657265
0.367907
0.373623
1.36661
0.720402
0.257874
0.192036
1.22698
0.277802
0.744678
1.14955
0.0173344
0.759443
2.30411
1.91755
0.392231
0.661512
1.55096
0.586286
0.502373
1.52444
1.28445
0.554758
0.612459
2.15048
0.996698
0.634285
2.36543
0.680543
0.380512
1.20565
2.09435
0.90088
0.183959
0.905729
1.66909
0.84022
1.9501
0.276293
2.42381
1.80093
0.231778
1.81184
0.672801
0.320159
1.35353
0.289089
0.417157
0.762734
2.1386
1.10179
0.230089
0.312285
2.15792
0.987961
0.303805
2.41171
0.744218
0.595411
0.620634
0.319126
2.23274
0.819102
1.59229
1.38291
0.41798
1.01879
1.39512
0.666355
0.482852
0.591468
0.497603
0.973569
2.36676
0.780053
0.230039
0.292764
0.82812
0.549214
0.68804
1.93294
0.796231
0.651406
1.0015
0.508794
4.4803
1.88211
0.859926
0.936926
1.23771
0.581597
0.373051
0.826401
1.88028
1.8317
1.37267
0.782026
0.706228
0.492123
1.88311
0.884288
0.858919
0.833731
2.16207
1.17568
0.143449
0.972321
0.306893
0.199018
0.0622235
2.30998
0.365966
1.8571
1.15281
0.394848
1.93106
0.840429
0.7078
0.196719
0.678248
0.00867615
1.27577
0.764245
2.27354
1.82584
1.3526
0.181013
1.48345
1.03111
1.66169
1.11328
0.739599
0.475194
0.543816
0.762597
0.816502
0.327475
1.56259
1.998
0.877903
1.83774
2.37333
2.10386
0.403081
0.682814
0.786075
0.551117
1.38804
1.5423
0.714908
0.686682
1.13202
0.381338
0.120671
0.251421
0.386491
0.555441
0.297507
3.07756
0.395352
2.36177
0.897028
0.569678
0.27958
1.2312
0.783131
0.708023
0.276685
2.03234
0.455707
0.828606
0.856065
3.07637
0.444447
0.663579
0.344582
1.2882
0.552206
2.78635
0.557606
1.15103
0.240389
2.68219
0.811179
0.374841
0.132431
1.82092
0.3368
0.765267
1.20137
0.76706
0.468281
0.994703
1.94031
0.417803
1.11261
1.87466
0.822017
2.92318
0.264818
0.329905
0.858608
2.22667
0.964019
0.5033
0.603162
1.12042
0.738484
1.38716
1.77246
1.14068
0.883068
0.360573
0.686929
0.0575295
1.44368
1.50965
0.463273
2.65871
0.737953
2.82225
0.466212
0.500856
0.168547
1.00187
0.206806
0.682782
0.921454
0.200198
0.941469
1.03858
1.26375
1.04763
0.806872
0.129621
0.48251
2.00492
1.29408
1.13515
2.55583
0.151637
1.07121
0.509153
0.725129
2.13231
0.945534
1.81717
0.923541
0.897864
0.270125
0.422469
1.44005
0.427022
1.77809
0.251648
0.470929
0.987293
2.19633
0.834471
0.416038
1.62414
0.664891
1.47954
0.962928
0.610972
0.348853
0.793026
0.829749
0.682615
1.34866
1.89714
0.615864
0.120458
0.884148
1.88657
1.1211
1.65506
0.743899
0.176696
1.41976
0.53005
0.824018
2.52021
0.865238
0.743197
0.373822
0.739666
0.97594
0.26696
0.351714
0.231634
0.031116
2.46121
2.04348
0.326206
0.312747
1.05498
0.463481
0.503204
0.546399
0.458822
0.441509
0.332713
0.940338
1.05223
1.55888
1.17439
0.203941
0.981409
1.1996
1.55231
0.203691
1.7975
0.353725
0.746815
2.03627
1.64128
2.12136
1.94285
0.21469
0.36492
0.246954
0.285459
2.51385
0.561712
0.0909969
0.413466
0.535674
0.34445
1.60046
0.843019
0.594935
0.661584
1.10076
0.55859
0.921671
1.06689
0.487194
0.276274
0.906183
0.159729
0.850871
1.27638
1.33596
2.20955
1.1329
2.00004
1.74144
1.40165
1.46735
1.18372
0.560909
0.528186
0.561371
1.12539
0.421134
0.310253
0.342507
1.22357
0.756882
0.505994
1.82924
1.04014
0.174727
0.735485
0.568526
0.774172
1.07479
0.193761
1.2574
0.866077
0.512984
0.592279
0.403005
0.660739
0.419048
0.0268282
0.601677
1.68703
0.0317134
0.708444
0.689662
0.384819
0.981342
0.697035
1.60539
1.65923
1.93626
0.997885
1.63148
0.315777
1.17548
0.809617
0.74384
2.40675
0.820268
0.529737
2.02017
0.286479
0.569407
1.36339
0.553425
1.13332
1.19964
0.284119
0.469775
0.432826
1.38288
0.365076
0.458291
1.4406
0.914253
0.94386
0.511818
1.68496
0.46596
0.480483
0.672424
0.490792
0.568411
1.24177
0.216624
0.331379
0.216567
0.0972923
0.32725
0.998892
1.18593
2.48538
0.570109
1.50345
3.81861
1.22938
0.516742
1.72311
0.529282
0.917539
1.00765
0.825782
0.751213
0.317765
3.55323
1.23834
1.21121
0.948574
0.473579
0.737856
0.332222
1.34157
0.239111
0.189274
0.622197
2.72357
0.88431
1.19932
0.96417
1.78981
1.36635
0.790643
0.162817
1.86904
0.913358
1.13521
1.59182
0.429207
0.775744
1.47641
0.103875
1.05655
1.07284
1.1346
0.237971
1.02042
2.26188
2.70606
0.424781
1.14038
1.33427
0.403721
1.47956
1.94103
0.146533
1.64626
0.526064
1.40146
1.08814
0.878501
0.193345
0.745767
0.193205
1.54493
0.857249
0.154851
3.21113
0.522493
0.57956
0.783846
2.8243
0.369288
0.853564
0.365541
1.80206
0.337091
0.657003
2.19367
0.254252
0.809457
0.907123
0.161692
0.989216
1.5553
2.13766
0.795419
0.122844
1.17231
1.63085
0.883142
2.14396
0.933785
0.492509
0.469631
1.31265
0.396808
2.1783
0.58806
0.121418
1.02618
0.547094
1.3409
0.570429
1.36748
1.43364
0.671154
0.677761
1.44823
0.373844
0.66383
0.253066
1.59556
0.806194
1.33581
0.962713
1.51069
0.30653
0.638375
2.05102
0.701232
0.191081
0.328239
0.804252
2.05783
0.667939
1.25104
1.57178
0.346827
0.226753
0.700451
0.115533
0.888683
1.02982
0.842291
0.294014
1.5945
0.319984
0.561353
1.15605
1.9053
0.182633
1.54009
0.679238
0.209686
0.849937
0.74411
1.70212
0.427444
1.06062
1.73998
1.69481
0.130765
0.71978
1.65563
0.512107
0.247087
1.06696
0.462348
0.978126
1.07013
1.95392
0.57254
0.66197
0.289235
0.126184
1.33115
0.412575
0.985094
0.975657
0.716717
0.3862
0.833818
0.784728
0.185496
0.781205
0.919184
1.43059
0.0885032
1.09226
3.29788
0.854424
1.07123
0.401087
0.737213
0.169311
1.61237
0.17181
0.542066
1.3312
0.774558
1.12857
3.34532
1.22337
0.553575
1.56327
1.08589
0.40693
1.02152
2.34466
0.431784
0.318399
0.59986
0.187833
0.657309
0.113601
0.188717
1.84569
1.39137
1.84569
1.77611
0.978331
0.852075
1.13395
1.53183
0.855776
2.18765
0.705692
0.152995
1.57198
1.69669
0.359532
0.658663
0.364757
0.264476
0.478643
2.57306
0.481276
0.668687
0.0950087
0.326646
0.610525
1.10295
0.260373
0.413726
0.768419
0.218376
0.956396
0.55353
0.660221
1.39252
0.541904
0.615605
2.4146
2.00202
4.31327
0.238453
0.905121
0.225637
1.62643
0.533081
0.325347
1.18572
1.13117
0.695313
0.236376
0.611959
1.24129
0.166106
0.617131
1.69343
0.417818
0.999669
1.01099
0.457926
0.294428
0.916061
2.84791
0.993477
0.381611
0.590685
1.48714
0.768996
0.308404
1.58175
0.277374
0.196555
1.81651
0.477909
0.413068
0.737299
1.21419
0.415468
0.529775
1.04197
1.27329
1.63404
0.408756
0.833599
0.521735
0.984083
3.31346
1.58819
1.90528
1.31763
0.647373
0.773441
0.608567
0.954331
1.1193
0.156083
0.231127
0.246533
1.51533
1.11749
0.155886
4.24798
0.635551
0.189302
0.343005
1.66301
0.731973
2.53189
1.14825
0.853781
0.388211
0.920929
0.56129
1.62068
0.106438
1.04044
0.59518
0.361842
0.649053
0.36478
1.39861
0.995224
1.81651
0.367863
1.27453
2.39429
0.838274
1.92784
2.43165
1.41733
0.580292
1.0716
1.83832
1.40615
0.891132
0.818015
0.333934
0.346745
1.27834
0.451553
1.45865
0.360534
0.323153
0.350121
1.59511
0.324609
1.21562
3.86903
0.36852
1.6898
2.29694
0.635506
0.568982
0.745123
1.42677
1.57105
0.329326
1.2549
0.651482
0.330673
0.973612
0.334452
0.815346
0.485547
0.216617
0.771417
0.809227
0.377265
2.49979
0.1267
1.706
0.474016
1.00761
0.327856
0.795134
2.02793
1.44558
0.881336
0.509338
0.266456
0.824234
1.07648
1.62821
0.380275
0.483273
0.479279
0.423135
0.398085
1.35005
0.401622
1.39077
0.562514
1.74454
0.273697
0.0835808
0.516837
0.695242
0.891629
0.607179
1.97148
0.654667
0.127967
2.02217
0.675189
0.382352
1.01118
0.542496
0.0179263
0.980085
1.1539
0.219248
0.0108569
1.00009
0.627081
1.48092
1.95911
1.30578
0.857518
0.406881
0.185177
1.41126
2.34643
1.38081
1.43029
0.484719
1.52144
4.2577
3.73165
1.17762
0.948665
0.421772
0.983415
0.70046
0.135306
0.500548
2.82432
0.764519
1.71033
0.52051
2.76453
1.76334
0.711194
0.4766
0.682177
1.91157
0.64474
1.93997
0.907936
0.732548
0.447228
0.614507
0.382887
1.45386
0.674195
0.502397
0.448917
0.708106
1.20547
1.482
0.269215
0.611904
1.8365
1.32526
0.25907
0.155778
1.16827
1.99831
0.799519
0.99937
0.993218
0.26723
3.89192
1.20084
1.5855
0.612606
2.37829
1.08103
1.35564
1.36689
0.5977
2.24696
1.63983
2.04087
0.727388
1.53264
0.295044
1.12971
1.36662
1.07523
0.187969
0.988988
0.377559
0.724878
1.29442
1.39308
1.07334
1.64165
0.223795
1.51706
1.04482
0.959846
0.890369
0.929588
3.37973
1.71573
0.723838
0.466264
2.16982
3.3753
3.16631
0.830969
0.226969
0.50994
0.989536
1.32281
1.97242
0.243399
1.67351
1.55484
0.850835
1.42556
1.56151
0.840875
1.30748
0.0682488
2.7713
0.313218
1.39099
0.981309
1.95818
0.40979
0.66133
1.77637
0.109549
0.264807
2.3467
0.880692
0.154042
0.608221
0.948768
0.33285
1.38202
0.913194
0.342362
1.58258
1.07251
0.793944
0.777178
1.04095
0.439331
0.477115
0.404682
2.87986
0.667272
0.668964
0.110401
1.40005
1.2643
0.0665842
0.323847
0.595184
0.471955
0.198124
1.47033
0.935206
1.81165
0.293982
0.442353
1.12201
0.131553
0.261218
0.753192
0.647377
0.671637
0.335504
0.460349
2.32836
0.885573
0.300058
1.7053
0.787255
1.00641
1.10693
2.04955
0.818939
0.91118
1.67236
0.978867
0.658493
0.598225
1.98555
1.63307
1.42877
0.917072
0.416694
2.12495
0.918862
0.434407
2.1976
1.3194
1.11962
0.925059
0.958052
0.689581
4.13722
0.914298
1.11657
1.99336
0.910362
0.245219
0.733148
0.262228
2.29439
0.613102
0.878131
1.34244
0.430499
0.165298
0.947596
1.68222
1.13654
1.67704
0.946777
0.668787
0.192347
1.97487
0.352183
0.525329
1.75697
0.235198
0.72658
0.675006
1.34121
1.47703
2.17758
0.396081
1.93256
0.692227
0.204902
0.489258
1.05882
1.69065
1.37758
0.932328
2.00833
1.22198
1.28397
0.276323
0.137616
0.930005
0.779351
0.902809
0.557607
1.23573
0.591058
0.392963
0.738546
0.603299
2.09154
1.63506
0.457274
1.0673
1.17995
1.38757
0.334916
0.593656
0.71878
0.596993
2.18447
1.36389
0.0922771
1.6017
0.904958
2.23317
1.46139
0.994762
0.52523
0.22485
1.52657
0.875799
1.38279
0.231519
1.99983
1.67989
0.430565
0.544432
0.43007
0.766256
0.940785
1.66129
0.363232
1.37554
0.379525
0.595899
0.597565
1.07025
1.43133
0.977562
1.41734
0.796239
0.665957
0.598375
0.460542
2.82755
0.816767
0.836077
1.34817
1.6712
3.77046
0.926421
0.733467
0.433631
0.754938
0.485699
0.642333
1.07128
0.161749
1.21291
0.73653
0.571725
0.195434
0.327633
0.418282
0.58895
0.419146
0.585286
3.97333
0.774587
3.74191
1.19021
1.55061
0.297181
1.08591
1.13457
1.52325
2.98116
3.8195
0.0708336
0.974343
0.955925
0.829929
0.146083
1.3929
0.201414
0.547784
0.774797
0.884035
0.592113
2.15216
0.868042
3.86369
0.100148
1.19751
1.95918
1.82335
0.639103
1.00486
0.866911
0.557035
0.996707
1.47969
1.25845
0.27767
1.1408
0.207871
1.69474
2.22768
0.556382
2.01174
1.21991
3.60727
1.44865
1.65096
0.340941
0.872198
0.343278
0.636261
0.823556
2.34843
0.79769
4.28847
0.791722
0.572717
0.450753
1.42654
1.13954
0.496905
0.943008
0.394686
1.02473
2.77991
0.709118
0.728369
1.17084
0.937835
1.87248
1.28006
1.88698
0.95063
1.06474
0.321883
0.662237
0.674167
0.260607
1.03392
1.25891
0.372637
0.60045
0.974465
0.498459
0.594607
0.318996
0.835801
0.0290923
0.945894
0.608523
0.723579
0.699738
1.0585
1.19125
0.153532
0.494742
0.961831
1.27502
1.10656
0.717589
0.818041
0.881802
0.82195
3.13171
0.429831
1.63757
0.873007
0.768126
0.571508
2.63417
1.11578
1.50069
1.49693
0.900831
1.88913
0.516048
0.446524
0.632376
0.154166
1.48676
0.770079
1.44399
2.0221
0.429022
1.08302
0.401114
0.226139
0.76039
0.240398
1.83182
0.293371
1.54305
0.322678
1.55957
0.351056
0.194194
0.479678
1.18165
0.679358
1.36909
1.10456
1.16927
0.742073
1.06273
0.136535
1.75885
0.945157
2.10843
1.70183
1.67306
1.4525
2.93981
1.92316
1.31611
0.71249
1.74331
2.84218
0.674649
1.22499
0.565794
0.560588
0.453893
1.19262
0.706119
0.974093
0.752538
0.555532
0.085059
0.83919
0.94036
2.70777
1.26812
1.28015
1.44222
0.390723
1.4446
1.47003
0.618239
1.59846
0.746938
1.24328
0.661515
1.38493
1.49907
2.23664
0.84132
0.566302
0.12812
0.261962
1.6868
2.32279
0.293906
1.94496
1.85613
0.945183
0.672778
0.436439
0.84869
0.103332
2.39407
1.16775
1.01434
0.506003
1.52227
1.20322
2.63279
1.12769
0.441605
0.921466
0.865219
1.85103
0.738887
1.24159
0.642971
0.821245
0.603436
0.975322
1.53255
0.88404
1.1666
0.299694
1.51869
0.437256
0.184773
0.146139
0.373474
0.882836
0.483427
0.742793
0.634935
0.869599
0.143677
2.17607
0.750525
0.767015
0.441962
1.30573
0.953865
1.6311
2.38537
0.470853
0.72048
0.305201
0.172113
1.09948
0.502698
1.24152
0.547401
0.787262
1.79851
0.529227
2.96738
0.773424
1.69889
0.594789
0.333304
0.593915
1.82082
0.429534
0.294876
0.888093
0.228322
1.66078
0.307455
4.16918
0.584798
0.951795
0.075193
1.02408
0.985168
0.298619
1.36397
0.73011
0.416826
1.18367
0.472599
2.15251
1.06639
1.00567
2.74382
1.79193
1.0188
1.38574
0.551854
0.900583
1.56702
0.974362
0.777852
0.230257
1.63785
0.93752
0.298749
0.407037
0.619407
1.39796
0.845551
0.499267
0.822672
1.51064
0.273867
1.44493
0.799095
1.14098
2.17942
0.958631
0.316966
1.45325
1.18216
0.463633
0.5461
0.250523
0.447011
0.797131
1.34262
0.284871
2.14402
0.243384
0.485209
0.287546
1.40488
1.76862
0.561677
1.04693
0.192335
0.726071
0.671803
1.69841
1.11884
0.6445
2.056
0.573295
0.16106
0.212265
0.517313
0.500736
1.01853
1.8329
1.39433
0.121742
1.87526
1.30891
0.562198
0.371152
0.198091
0.819624
0.497016
0.0361284
0.39473
1.37929
0.6379
1.21274
2.20649
0.676852
1.25758
0.927469
0.747753
0.718229
1.46653
0.83093
2.09989
0.575249
1.6502
0.619013
0.794874
0.962278
0.00719171
1.55693
0.792564
1.44689
0.576434
0.500754
2.5478
3.36507
1.99526
0.636581
1.2122
0.465361
2.45371
0.203251
1.00547
0.80946
1.53194
1.76819
0.30349
1.07266
1.48199
0.297899
1.37791
0.579611
0.258399
1.25324
2.06261
0.177609
0.777972
2.57147
0.359458
0.55559
0.233317
0.213845
0.388363
0.688073
1.68336
0.881714
0.521713
0.285489
2.17881
1.29591
0.938918
0.253209
0.932065
1.39721
1.07513
1.11473
0.58229
1.15547
0.877452
1.42675
1.1714
0.549203
0.919142
0.563485
0.47959
0.704953
0.802639
1.10813
0.240526
0.38548
1.68649
0.391006
0.618837
1.067
0.464935
1.26408
0.491847
1.28672
0.765959
1.38786
0.590751
1.22913
0.601907
1.15289
1.44042
0.393144
0.388791
0.297575
1.07552
0.545072
0.851499
0.998614
0.148352
1.13512
0.984323
0.0282186
1.31324
0.981642
1.56936
0.185217
0.679885
2.16312
0.417425
0.944184
1.191
0.705807
1.07829
0.477155
0.804439
0.970436
0.848973
0.268197
0.606889
0.162693
0.676695
0.249777
0.44262
0.175217
1.29533
1.6406
1.06432
0.787935
0.593962
0.808806
0.950093
0.294658
1.19897
1.60343
0.222037
0.498115
1.33802
0.305596
0.142463
0.36854
1.91965
1.92948
1.91376
0.663195
2.66024
0.751993
2.26748
1.76831
0.361266
1.13218
0.337365
2.22263
0.345172
0.457383
0.682793
1.42766
0.779393
0.768439
0.562217
0.44672
1.46588
1.04714
1.79814
1.16373
0.797569
0.892675
0.0673318
0.57542
0.330976
0.727095
0.782488
0.668146
0.884152
2.49713
0.81672
0.223183
0.202382
0.75656
0.875375
0.698911
1.76051
0.861277
1.42351
1.55586
1.53094
1.00994
0.0774983
2.21666
2.61088
0.911161
0.169819
0.468344
0.799564
1.05825
1.40688
0.900648
1.11002
0.716249
0.329669
0.334809
0.580656
0.553381
1.97857
0.74666
0.212289
0.302138
0.399311
0.774214
1.59899
0.741398
1.7057
1.2438
3.55845
0.28309
1.97065
1.79534
0.617953
1.1278
0.26934
1.41858
1.6626
0.576225
0.554916
0.710214
0.161743
1.5234
0.778604
0.709785
2.59865
0.31904
1.6894
0.722855
2.5232
3.025
1.88891
1.05645
0.797922
0.26872
1.33454
1.44061
1.10862
0.440306
2.01043
1.2681
0.651301
1.88281
0.359063
0.715553
0.418191
1.10128
0.341697
1.41021
0.775789
0.27317
0.936707
1.21378
0.980451
2.10014
1.45599
0.57017
0.639563
0.393909
1.37399
4.1336
1.85011
0.482793
0.617669
1.84652
0.70612
0.291484
0.375468
0.503337
0.716678
0.236835
1.13572
0.33537
0.325823
1.48603
1.77237
4.47198
0.365151
1.29767
0.486906
0.433753
0.49045
0.512069
0.221654
0.128116
1.3552
1.82099
2.07353
0.383452
0.0959332
2.24814
1.4601
0.610014
0.321837
0.40645
1.4467
1.4592
0.392775
0.680975
0.846629
0.047438
1.08448
1.61702
1.87674
0.375517
0.566926
0.582742
2.29387
0.433061
1.65755
2.11754
0.378821
0.0250676
1.25112
0.788725
1.63758
1.01284
1.11986
1.5903
1.44673
0.479774
0.468963
0.572287
1.26752
0.703309
0.871716
0.568502
0.27928
3.40363
0.799218
1.76655
0.296397
0.641213
0.859667
0.871074
1.28961
0.833454
1.51561
0.715624
0.166458
0.805903
2.54418
0.964863
0.720667
0.834648
1.73878
0.233543
0.998439
0.424805
1.99843
1.06223
0.812007
1.26316
3.86331
0.626422
0.320957
0.825094
1.32093
1.0472
1.04479
0.593647
0.714379
1.68531
0.145
1.5878
1.96408
2.12914
1.66445
1.8092
0.388324
0.328533
0.0355888
0.410661
1.08699
1.12932
0.779028
0.872626
0.552314
0.572776
1.45543
0.475448
0.587637
0.795107
0.605564
0.713375
0.293481
0.602421
1.84575
0.752966
0.771973
0.696779
0.518471
1.43694
0.755235
1.03137
0.595811
0.53864
1.22493
0.892339
0.709035
1.40943
1.53632
0.850723
0.583192
0.552219
2.14098
0.840574
0.709244
1.42131
2.97378
1.60265
0.599738
1.07692
0.562881
1.18054
0.608704
2.1244
0.257433
1.79618
1.16232
0.357793
0.423683
0.469558
0.367669
0.350817
2.6768
0.75713
1.0149
1.53689
0.329376
2.19694
0.572434
0.299278
0.182052
0.154559
0.671817
0.590877
0.516545
0.341691
0.33534
0.0552374
0.816115
1.25084
0.102823
1.38877
1.70445
0.833403
0.821353
0.632
0.464514
0.852045
0.475803
0.659528
0.724994
1.72954
0.28403
0.462875
0.486474
0.326908
0.529791
0.864197
1.1597
0.513107
1.48839
0.546272
0.191759
0.178724
2.11266
0.553855
0.031274
1.78634
0.819426
1.55749
1.13668
0.580187
0.653297
0.776425
0.872836
0.251648
0.876671
0.453456
1.96816
0.7631
1.42361
0.47693
0.49209
2.26546
2.17831
1.36645
1.94058
0.640988
0.646774
0.637177
0.229179
1.22014
0.445632
0.358533
1.19854
0.316842
2.7067
1.30866
1.3558
0.848572
0.260025
0.362936
1.52612
2.57381
0.722576
1.29345
1.18902
0.586694
0.753945
0.389365
0.424752
0.633388
2.56046
0.858884
0.718919
0.389871
0.878579
0.742004
0.45553
0.837179
0.135656
0.633806
0.161573
0.132716
0.858698
0.716382
0.609273
1.29861
1.06411
0.268249
0.929192
0.36988
0.304437
0.930127
0.388979
0.599762
0.52254
0.53964
0.173108
0.942932
2.53855
0.969709
0.501724
0.853
0.848555
0.15626
0.639714
0.725234
1.6148
0.0595881
0.577677
0.146315
3.31969
1.23361
0.00660372
1.51877
1.92847
1.56515
0.367816
0.256305
0.138249
0.553933
0.288671
0.294787
0.688487
0.597904
1.30268
1.30849
0.519885
1.49844
0.671815
2.1749
1.48517
1.21646
0.126504
0.0779434
0.692016
0.423191
1.48866
2.64226
0.812493
0.723623
1.08593
1.46768
0.240513
0.0654454
0.478252
0.791486
0.190527
1.06879
2.24102
1.07395
0.362372
0.186162
1.61416
0.945817
1.23578
0.484219
0.498823
0.51478
0.669243
0.962834
0.587258
0.624652
0.829964
1.06131
2.23848
1.18747
0.656121
0.588927
0.356592
0.60809
0.779358
1.09235
1.07136
1.02544
0.149322
2.08706
1.7891
0.474983
0.211738
1.82389
1.61276
0.875586
1.53051
0.430475
0.650617
1.78536
0.145095
0.668826
0.42147
2.35585
0.512746
0.901623
0.296767
1.40465
1.18582
0.134619
1.20202
0.153028
0.558217
0.484019
0.327138
0.957313
1.88327
0.266481
0.425177
0.11936
1.02386
1.4145
0.550146
0.335773
0.18956
0.90618
4.16314
1.5722
1.12945
1.54646
0.295978
2.15465
0.116463
0.411187
1.48614
0.650925
0.534197
1.27013
1.12978
0.122292
1.04664
0.515714
0.308169
1.2404
0.610904
0.864453
1.67409
0.423894
1.09371
0.718973
0.12039
0.603631
1.20575
0.671008
1.97887
0.584987
2.9673
1.05742
0.929959
1.39822
0.14388
0.600405
0.498731
0.989027
0.832904
0.186459
0.316414
0.933526
0.320474
0.920178
0.852467
1.6596
0.667867
0.80272
0.917583
2.41165
1.14747
1.15108
1.02971
2.83763
1.72664
0.456198
0.333089
0.593452
0.758555
0.619486
2.33476
0.381638
1.80943
0.417856
2.2619
0.96775
0.421719
1.06705
2.00889
0.69892
0.829036
0.704257
1.18231
0.44518
0.621878
2.07316
1.22487
0.897829
1.48658
0.423481
0.996037
0.69656
0.284309
0.896095
0.954042
0.596431
1.8346
1.97565
1.26057
0.162855
2.26309
0.642612
1.06865
1.21326
1.41511
1.00172
1.4103
0.907379
0.314686
0.897737
1.56835
3.20181
0.381716
0.200259
0.724647
0.303169
1.00902
0.163533
0.528866
1.22279
0.113472
2.39628
1.29798
1.0329
0.38847
1.2015
0.17083
0.689256
1.19354
0.200621
0.952114
0.679849
0.785324
0.25373
0.423875
2.15977
1.55145
1.93118
0.331124
0.22964
1.00433
1.13407
0.538125
1.0678
2.575
0.955853
0.446441
0.20045
0.271833
0.621938
1.17486
1.24141
1.16678
0.408276
1.5304
3.50496
1.79229
0.200676
0.240178
0.269594
0.727032
0.717125
0.46808
0.954066
1.13827
0.507444
1.3481
0.972492
0.396625
1.58749
1.35467
0.834334
0.366289
0.446488
1.06214
1.02967
0.8006
1.53109
1.52373
0.260372
0.374842
1.76673
0.679271
0.365456
0.64545
2.73512
1.17715
0.507124
0.29307
0.284563
1.54574
1.40937
1.13958
0.693675
2.27922
0.569412
0.782613
0.170173
0.796154
1.1199
0.445592
0.181903
1.70474
1.0156
2.36169
1.63793
0.536438
0.541654
1.23578
1.63365
0.643029
0.842746
1.03581
1.99391
1.12122
1.06338
1.30316
0.614491
0.602313
0.105232
0.414182
1.50741
0.419978
0.172739
0.830213
1.21266
1.55718
2.23549
1.03169
1.02991
1.25828
0.736028
0.979678
1.09921
1.17888
1.03259
0.721917
2.01403
0.493094
2.2099
0.302262
0.183409
0.968703
1.02546
1.59498
0.0301205
0.732538
2.39543
0.46939
1.41741
0.175919
0.64064
1.05956
1.71972
2.28257
1.3134
1.68189
2.26261
1.21628
1.05118
2.54729
1.10858
1.1941
0.34311
1.80008
0.748449
1.64048
1.60965
0.456282
0.802739
3.71562
0.396953
2.93237
1.64389
0.876116
0.38155
0.383746
2.9201
1.12379
1.20213
0.402165
0.488989
0.826827
0.532992
0.344811
0.166607
3.20045
0.249805
0.998847
0.201841
0.886951
0.724233
1.9297
1.00384
1.11203
0.967268
0.792429
0.349933
2.9755
0.678485
0.882019
3.9623
0.257746
0.565628
1.4095
1.539
0.939461
1.25149
0.408552
0.481055
0.359871
0.562878
0.672543
1.74389
0.655123
1.45351
1.27259
1.02172
1.08966
0.78955
0.683733
0.807227
1.18333
1.23901
0.940237
0.116845
1.35635
0.613411
1.97506
3.05201
0.349683
0.212514
1.31906
1.50213
0.518849
0.128111
0.611596
2.17352
2.32431
1.10507
0.810897
0.63637
0.726691
2.72558
0.28008
2.70688
1.54964
0.146687
0.148087
1.2009
1.04407
1.255
0.738097
1.36247
0.789999
1.18064
0.822247
1.05794
0.406944
0.780515
0.718673
0.703822
0.612456
0.195518
1.30134
0.751027
0.667693
0.548829
0.784231
2.70632
0.319649
0.84056
0.00893505
0.663382
0.532215
1.46213
0.180966
1.25169
1.68855
0.622139
1.59315
1.34896
1.66311
0.626323
1.08571
0.726845
0.886629
1.45879
0.463896
0.435633
0.372816
0.404618
0.460732
0.709642
0.24252
0.578211
2.68014
0.0981372
2.80699
0.228275
1.43938
0.0904565
3.08679
0.138127
0.214655
1.41964
0.216346
0.783368
0.198197
1.39013
0.605955
0.568236
0.758272
1.86401
1.98655
1.01935
0.875633
0.283343
1.33291
0.70907
1.41024
0.791861
1.58378
1.7716
1.07494
1.46887
0.450901
0.943314
1.92644
0.62217
0.748367
0.269001
1.37268
0.978502
0.357505
0.638721
0.94676
0.576816
0.839994
0.442719
0.931259
0.644987
1.12859
0.412166
0.942134
0.768279
5.81827
0.211668
0.423949
1.27875
1.10186
1.49247
1.51654
0.588453
2.76881
0.76699
0.424601
1.49383
2.05268
0.81863
0.924107
0.607487
1.86311
0.854743
2.63762
1.69231
1.44109
0.754733
2.9793
1.49089
0.196736
1.30777
0.766574
1.30497
1.91446
0.254045
0.987538
0.558765
0.990268
0.166365
0.58461
0.736967
0.833759
0.347124
0.534778
2.51751
0.710766
0.487083
2.36053
0.908407
1.3334
1.04599
1.73805
0.544145
0.113686
0.573345
0.480818
0.454211
1.15894
0.551499
0.618456
0.827213
1.94504
1.39807
0.601504
0.31574
0.579863
1.56246
4.0304
2.1522
0.898646
0.798806
1.77681
1.13929
0.473071
2.60307
1.15673
0.858997
0.830702
0.510343
0.342227
1.20857
0.97111
0.901377
1.74807
2.64098
2.55869
0.244534
0.0534826
0.612639
0.213981
0.168813
1.63089
1.02659
0.37596
0.762792
0.843765
0.465947
0.593319
1.54079
0.197969
0.880349
0.821328
1.39557
0.619436
0.219174
0.707124
0.0992989
0.833375
1.32252
0.962998
0.766699
2.38171
2.26193
0.971216
1.03544
1.9186
0.567029
1.94979
0.379624
0.304121
0.422447
1.29994
0.641807
0.336965
0.68194
0.627852
0.131604
2.49656
0.146977
0.2125
0.982668
0.605469
0.0918227
0.777751
0.162704
0.096248
2.03408
0.710143
0.305444
1.88099
0.604143
0.758085
0.795105
1.30262
0.948428
1.10404
0.373686
0.428575
0.448777
1.41538
1.91338
0.376201
1.24783
0.373374
1.15295
0.861276
1.37339
0.779436
0.900716
0.371005
1.63916
1.73341
2.61298
1.36593
0.753414
0.543118
1.63431
1.05944
1.82367
0.291361
1.25965
1.47714
1.88806
0.635314
0.643491
0.996988
0.860807
0.881622
0.840847
0.240251
1.39114
2.76226
2.84562
2.89252
1.8393
1.21603
1.63037
0.51871
1.02958
0.810459
0.351946
0.974627
0.565075
0.90361
0.431376
1.86565
2.80906
0.263237
1.00123
0.793504
0.831336
0.55496
0.761021
0.0840321
0.415202
0.379695
0.408849
1.54055
1.76972
0.895776
0.420185
0.523238
0.650333
0.23244
0.527093
0.645737
0.631865
0.669952
0.853423
1.30771
1.6723
1.9045
0.36151
0.588604
1.21208
1.46691
2.91959
1.31374
0.202242
2.02187
0.720593
1.70382
0.650545
0.36812
0.52012
1.08516
0.486413
0.682547
0.378127
0.872442
0.948907
1.17455
1.78029
0.871835
0.254661
2.4651
1.15855
0.619014
0.737661
0.608251
1.97134
0.809937
1.25765
1.53427
1.83356
1.58452
0.329133
0.462088
1.81622
1.33877
1.34754
1.91932
0.42166
0.834842
1.3492
0.757595
1.97837
0.135467
2.71014
1.08659
0.554512
0.798071
0.669601
0.248486
0.756964
0.168431
0.611036
0.585816
0.591231
1.02494
0.682983
1.66065
0.331602
0.643882
2.22239
0.284701
0.649833
1.64953
0.685454
2.28606
1.35344
0.986879
0.722076
1.08277
0.21749
1.02593
1.03334
1.74076
0.363618
0.205701
0.496298
2.88418
0.594749
0.840732
2.38061
1.54226
1.71009
1.32835
1.21032
3.20061
0.985488
0.257389
0.512836
1.68366
0.209319
0.906809
0.267452
0.881166
3.72978
0.569231
0.640309
2.37549
1.18193
0.375065
0.354258
0.563008
0.834212
2.74567
1.10655
0.171703
0.616623
0.95646
2.29148
0.548921
0.309418
1.52116
1.43312
0.170426
0.59004
1.7547
1.25056
0.872127
0.879927
0.69165
0.672443
1.44794
0.930574
0.115687
1.62217
0.84999
1.95439
0.5889
2.1143
0.731727
0.475242
0.108809
1.20405
0.862952
0.888652
0.335029
0.606686
0.118524
0.739776
1.61504
4.51343
0.168852
1.67861
0.553504
0.523262
1.34235
0.784975
0.132325
1.14643
0.18812
1.13263
1.01595
0.733471
1.45775
1.29298
1.39851
1.48562
0.323062
0.457534
1.35312
0.241501
0.510709
0.222921
2.29574
0.753656
0.287417
1.36146
0.623996
0.594272
2.38612
0.847869
0.293714
0.326472
0.249781
0.251967
0.825427
0.1056
0.320754
1.2842
0.378259
0.13856
0.325748
0.743958
1.01384
2.66314
0.899279
0.356549
0.922189
1.20562
1.88353
0.399942
1.70567
0.594965
0.636669
1.30137
0.347637
2.04739
1.57645
1.19362
1.63212
0.947016
1.30278
0.824645
1.17736
0.581805
0.387109
0.955035
0.877076
0.645872
4.25209
0.243092
0.630603
0.961639
1.72536
1.8998
1.36901
1.73306
1.47243
0.491582
1.56587
0.781746
0.52134
0.298605
3.1135
0.249957
1.3536
0.516379
0.973879
1.96868
0.60446
0.880355
0.398347
0.34231
0.83953
1.10524
0.713385
1.39809
1.35997
1.81294
1.43958
0.784524
0.46068
2.37864
0.279639
0.509989
1.05294
0.238734
0.440559
0.625532
0.481111
0.207184
0.257331
0.73961
0.772504
2.58924
1.05903
1.72104
0.889662
1.256
1.17124
1.64058
1.39725
2.04147
0.861468
1.52934
0.70089
1.59049
1.44095
0.421578
0.367484
1.59188
0.119805
1.22139
0.773147
1.92803
1.59273
0.796077
0.735131
0.312509
2.88061
0.167778
0.597062
1.91135
0.555584
0.757943
0.615366
0.734755
0.637601
0.537979
1.48965
0.558638
0.552369
0.609525
0.728211
0.948994
1.0212
0.650081
3.10785
0.501351
1.62484
2.77969
0.733371
0.291485
0.986311
1.53676
1.30611
1.37048
1.2365
0.141434
0.137176
0.429506
0.494543
2.24269
1.15665
0.119742
1.00247
0.781342
1.81568
0.455222
0.0632414
1.17001
1.11866
0.419627
1.24015
1.92384
0.908566
1.09404
0.18823
1.16724
0.0380034
1.34959
0.874382
0.38615
0.785747
2.61276
0.257789
0.885096
0.919446
1.71266
0.969466
0.919184
0.237789
1.295
1.82555
0.720653
0.997629
0.135506
0.878826
0.28975
1.59265
3.31286
1.78739
2.03635
0.536464
0.728384
0.219129
0.240069
0.0908519
0.538494
0.319261
2.21413
1.63072
0.575098
0.637034
0.498002
0.345999
0.381349
1.41474
2.02754
1.07889
0.689209
0.828376
0.535371
2.08712
0.728321
1.33341
0.829591
0.613108
1.56794
1.82519
0.395171
0.30421
3.0231
0.0448271
0.722395
0.329375
0.269062
1.01838
0.254579
0.763902
0.403686
1.25334
1.99764
2.17969
0.374291
0.773438
0.308963
1.45784
1.03999
0.916794
0.589874
1.24811
0.715925
0.506178
1.23879
1.3769
0.863949
2.30044
0.208569
0.31494
0.353996
0.182678
0.480202
0.586111
0.394769
0.356293
1.11265
0.793256
0.915541
0.331421
1.51058
1.52077
1.21486
0.438026
0.322722
1.12958
1.18538
1.89741
2.33721
1.48659
0.917893
2.05218
0.234567
0.299816
0.335927
0.882304
0.763625
0.986245
2.19098
1.82965
0.561574
0.376354
1.70453
1.18977
0.550364
0.691305
0.190606
0.542354
0.396941
0.45721
2.00542
0.613042
0.666527
0.120532
0.2415
2.20054
0.481502
0.310756
1.44944
2.82451
2.85713
0.558321
1.76829
0.954353
1.27802
0.304607
1.84375
1.63931
0.18116
1.04296
1.74711
0.587979
0.854529
0.279919
1.60308
1.0465
0.293913
2.09431
1.33322
1.14409
0.740293
2.24005
4.01363
0.798244
0.719993
1.74259
0.280475
0.49586
0.686753
2.14064
0.41032
0.567943
1.57086
1.48313
1.12375
1.06446
0.810769
0.96879
1.39304
0.728797
0.0725809
2.2856
0.602542
0.819454
0.72317
1.93435
0.821993
0.762076
0.388163
0.134191
1.76926
0.49552
1.20305
0.793765
1.12491
0.506723
2.44543
0.728474
1.56029
0.0930656
2.17888
2.07787
0.44265
0.298386
1.85945
0.475805
2.40379
1.20165
0.683226
0.977512
0.667725
0.728302
0.389412
0.804791
1.46391
0.673112
1.35348
0.961051
0.722238
0.937875
0.37362
0.770805
1.65625
0.678085
0.582272
0.613104
1.16831
1.8617
0.259863
0.346122
0.982337
1.09689
1.92998
0.827883
0.66869
0.577536
0.437518
0.400446
0.42942
0.914791
1.63321
0.943063
1.05138
0.387711
0.544172
1.72275
0.573318
1.33309
0.863353
0.749405
0.920177
0.898778
1.24718
0.458498
0.745842
1.62874
0.685748
0.23699
0.245706
0.631323
0.261367
2.19111
0.674995
1.97034
1.16559
3.30334
0.564883
0.72236
2.22509
1.31632
1.01163
1.50023
0.877389
1.00036
0.458229
0.873505
0.282185
0.249029
0.524394
0.251467
0.150779
0.50662
0.514768
2.19838
1.22382
2.31305
1.18916
0.886551
0.159507
0.467177
0.197692
0.771015
1.05761
1.36285
2.7427
0.216905
1.24727
0.593321
0.859827
1.08365
1.28178
0.552127
1.38931
0.943991
1.0043
1.62892
2.84846
0.237229
0.609833
2.29689
1.27474
0.437163
1.5446
0.728193
0.977183
0.514904
0.323642
0.184117
0.449764
0.558565
1.44607
0.36882
1.10435
0.341079
1.53345
3.50812
0.686359
0.467888
1.72535
0.169206
0.473136
2.43799
0.683708
1.57244
0.901292
0.419147
0.753654
0.392636
0.641539
2.93129
0.685947
1.61564
3.62616
0.740928
1.45514
1.87949
0.474786
0.842169
1.364
0.752849
0.739796
0.555086
0.687074
0.264394
1.04564
0.86363
0.473815
0.393657
2.36738
0.51335
1.13372
0.338938
0.446003
0.195183
0.432478
0.957934
1.26096
1.61137
1.1262
1.70746
1.6083
0.148009
1.12007
0.74071
0.819321
0.332462
0.317302
0.489838
1.04051
0.62506
0.554607
1.00806
0.305493
0.76394
1.51262
0.20069
0.259254
0.488837
0.24235
1.06716
0.588226
1.13774
0.419142
2.08135
1.69193
0.467532
0.427548
0.669705
0.144468
0.565149
0.457124
1.03128
0.858839
0.301121
0.715687
0.721966
1.69045
0.0344054
1.03877
1.36973
0.483888
0.545211
0.69951
1.17099
0.140604
0.282654
1.36317
0.76441
1.0076
0.277866
0.740914
0.388699
2.16697
1.96808
0.796818
1.27297
0.278515
0.524522
1.84882
2.18496
1.57964
1.50926
1.78892
0.60984
2.11168
1.18634
1.42609
1.36529
0.711098
0.204954
3.33516
2.13209
1.0232
3.23341
0.346768
0.834423
0.724359
1.86446
0.853975
0.722005
0.282467
0.425057
0.682659
1.50998
2.8478
0.670615
1.18113
2.39741
1.9587
1.26485
0.261512
1.09925
0.408392
0.0690383
0.963389
0.692722
1.22175
1.98085
0.860977
0.294136
0.804877
0.59024
1.68282
1.04595
0.733933
0.52628
1.04735
0.357929
1.26544
0.744814
0.427586
0.732848
1.34876
1.24415
0.873849
1.12784
0.750592
0.855913
3.18693
0.309858
1.0437
1.26548
0.913234
1.76702
0.860198
0.49271
0.467672
0.935457
0.353883
0.784398
0.71572
0.428882
2.15331
1.28339
1.33113
1.1694
0.62537
0.331983
0.951284
1.09064
1.35346
1.10228
1.87202
0.236327
0.227783
0.0533889
0.983876
0.305485
1.3702
1.02306
0.470083
0.402174
0.654914
1.22114
1.18962
0.493897
0.198064
0.373824
0.719306
1.4564
0.585182
0.337806
0.51649
2.73312
1.10901
0.321808
0.659352
1.34137
1.27076
0.241694
0.817616
1.05386
1.496
0.657096
1.11439
3.78327
0.735001
0.564318
1.20273
1.95737
1.49054
1.02058
0.843514
0.855043
0.292548
0.764625
1.19291
0.128031
1.15837
1.02646
0.736306
2.89363
1.20894
0.794538
1.11422
0.244359
0.64852
0.153336
1.05046
0.557412
0.752655
0.274072
0.20855
2.50792
1.24483
0.774101
0.877827
0.88349
0.615474
0.325336
1.24918
0.684844
0.185813
0.162553
1.35109
1.27437
0.0341974
0.159684
0.114304
0.223837
0.2635
0.890794
0.990402
0.133885
0.740518
1.06871
2.15286
0.52448
0.229824
0.332202
0.104524
0.833345
1.58083
0.704596
0.135835
0.61961
0.539134
0.219814
1.37111
0.536053
0.330675
1.05194
1.49224
1.23318
0.417462
0.326163
0.964122
0.671656
2.28087
1.05904
0.448571
0.182507
0.493088
1.91009
0.579379
0.615718
1.62818
0.773328
1.05481
0.679414
0.47899
0.318909
0.420154
0.354571
0.587824
1.70222
1.40082
2.70036
1.4368
0.405003
1.81039
1.77003
0.581562
1.05012
0.946375
0.7672
0.161113
0.447111
0.430966
1.62916
0.165922
0.568126
0.661458
0.340836
0.805432
0.705415
1.80372
0.724672
0.670942
0.180612
1.04671
1.31607
1.77191
0.277006
2.32985
1.5328
0.535806
0.287253
0.15238
0.496507
0.441025
0.509663
1.16814
0.738449
0.6214
0.310909
2.38246
2.71978
0.32878
1.01289
0.460105
2.61463
0.620032
0.270953
0.521517
0.682752
0.454143
0.266115
0.0984464
2.12336
1.74591
2.22245
0.598599
0.162866
0.690316
1.64052
0.431463
0.376823
0.83385
3.12889
1.68086
1.58755
2.62369
1.77574
0.933932
0.171353
1.73714
0.269703
0.409643
0.259822
1.37944
1.27365
0.112183
0.625606
1.64753
1.20571
1.81554
0.241048
1.64903
2.11082
0.587888
1.13708
0.609533
2.86716
1.57268
1.50009
0.69232
0.874746
0.813993
1.06498
0.27301
1.26173
0.260374
0.603222
0.706708
0.0640315
0.0965755
0.671201
0.697454
0.116218
1.93358
0.220642
1.08845
1.88127
1.21797
1.50673
1.95734
1.33938
0.603432
0.197421
1.9206
0.600689
0.417176
1.35526
0.244623
0.500654
2.34819
0.300108
0.471192
0.751325
0.0567359
1.95254
1.37195
1.72593
0.793642
0.681996
0.864663
1.72347
0.946758
0.415276
2.53966
2.23696
0.924702
0.461448
1.46605
1.18314
0.568787
0.416292
0.198901
0.474757
1.43737
1.32959
1.71433
0.519147
0.58997
1.02141
0.620002
0.611306
1.34266
0.370436
1.2149
1.54907
1.0506
0.847738
0.790095
1.37954
0.647723
1.31352
2.23766
1.75326
0.497723
0.612588
1.2388
0.907458
1.87203
1.35486
1.27893
0.844475
0.301852
0.294002
1.98584
1.53697
0.196668
0.756182
1.99634
0.548616
0.795701
1.15026
0.82124
0.495937
2.05357
0.428223
3.24406
0.00477713
1.57412
0.940541
0.379138
1.13449
0.943083
2.9684
0.798977
0.320387
1.72905
0.469553
0.044025
1.10795
0.442759
0.431206
1.24601
0.845414
0.389699
0.44049
0.734063
0.914953
1.61492
1.11362
1.45301
0.127666
0.515162
1.42653
1.10367
1.33797
3.40506
1.03501
1.03981
1.01206
0.59902
0.923471
3.06682
0.64408
1.01477
3.97873
0.779946
0.671884
0.902232
0.629372
0.578046
0.715227
0.46147
1.03223
0.32408
0.78774
0.893182
0.717553
1.4813
1.35329
1.00263
1.13856
0.123338
0.616603
1.27513
1.12371
2.24967
0.30323
1.76692
0.451475
1.85704
1.09018
0.995355
0.528326
0.312044
1.15206
0.936042
0.823348
1.63792
0.925166
0.703514
1.00788
1.61873
0.639667
1.91993
0.599029
1.3991
0.670823
0.0631475
0.26956
1.02905
2.06628
2.42619
0.892642
0.933455
2.56663
0.387481
1.85122
2.70427
0.346389
0.75943
0.514623
0.572171
0.0863966
1.06884
1.00378
0.918833
2.23657
0.771817
0.0278488
0.42055
0.500169
1.75747
0.240974
0.80303
1.13434
0.433042
1.62815
1.72064
0.14541
0.320185
0.785552
2.84863
0.635254
0.162151
0.355928
1.09294
1.25426
0.759978
0.983523
0.561231
1.54744
1.02319
1.61429
1.07645
0.320203
1.16627
0.212244
0.0975112
2.702
1.24408
0.882231
1.04072
1.82813
0.374995
0.829811
0.714563
0.37415
0.368241
0.642815
0.705727
1.72141
0.537387
0.0934717
1.00059
0.748687
0.422657
0.739205
0.542134
1.93634
0.869449
1.20843
0.790643
1.36285
0.664524
0.297928
0.617934
1.72062
1.20637
0.769501
0.180877
1.34298
0.495553
0.204903
0.491602
0.44851
0.790337
1.15767
0.247641
0.435052
0.452577
0.964978
3.06209
0.530978
0.54063
0.690254
1.08435
1.71229
1.35263
1.09953
1.7936
3.53543
2.91723
2.05424
1.5188
0.784713
0.210869
0.801058
1.54681
0.623961
0.350535
1.41565
0.630309
1.38228
0.879278
0.502703
1.56596
0.498439
1.53835
1.11709
1.02409
1.11211
0.926659
1.40366
1.38425
4.497
1.54434
0.373566
1.29458
2.42257
0.614518
0.749758
1.69525
2.33802
0.236982
0.740875
1.20719
0.446584
0.685426
2.89536
0.921531
1.52904
0.214289
1.3579
1.55204
1.31286
2.88643
3.1299
0.242567
1.14311
1.81569
1.60314
0.390531
0.652754
0.809307
2.10251
0.386953
1.72926
1.16539
0.597495
1.45993
0.144233
0.711105
0.703167
0.749111
0.523547
0.688914
1.14953
0.72803
0.884893
1.24967
1.8068
0.701123
0.532852
0.199958
0.917453
0.562442
0.567021
0.930091
1.05328
1.23422
0.983483
0.748711
1.01103
0.279193
0.15158
2.41864
1.42514
0.669185
1.51362
0.747111
1.42463
0.249516
1.03207
2.54817
0.650344
0.728969
0.400216
1.82236
2.5043
0.368658
0.734026
0.232796
1.23263
0.952093
0.873132
0.876788
1.87192
0.144215
1.05984
0.273308
0.775674
1.5057
2.09701
0.272544
1.42202
3.96521
2.08592
0.452999
0.727254
0.790162
1.18079
1.85976
0.803797
0.799821
0.516954
0.41854
1.10313
2.63788
0.980182
1.0254
1.8166
1.49036
1.74745
1.13984
0.856398
2.38406
0.335375
1.325
0.994592
1.5155
0.405071
0.255021
1.2992
0.919649
0.771606
1.22146
0.540662
1.79794
0.989582
0.782377
0.618841
1.15185
0.598768
1.1619
0.651643
1.05025
1.69274
0.287026
2.13794
0.422772
1.0348
0.512355
0.740881
0.818137
0.721596
1.10848
0.603558
1.38418
0.199804
0.459908
0.381773
1.05
0.0409298
0.222708
0.887727
1.45694
0.567367
3.83949
2.80724
0.925875
0.657834
0.684663
0.935885
1.2556
0.538424
0.347054
0.778353
0.890912
0.596901
1.83634
0.578764
1.97121
0.532208
1.72272
0.176733
0.436553
0.592272
1.96646
0.280485
1.58603
0.965396
2.09486
0.227054
3.1299
0.710732
0.826882
0.925202
2.47087
0.853422
1.09538
2.47498
0.25925
1.36732
1.02581
0.862122
1.04252
0.220953
0.158807
0.110013
2.43331
1.59318
0.559179
1.2071
1.72693
1.7591
0.510684
0.263074
0.759134
1.21847
1.64064
0.279156
0.456555
0.989132
0.4807
1.35303
0.334689
1.27957
1.59549
2.68341
0.554709
0.619253
0.728316
0.566759
2.46976
1.15902
0.589248
1.49085
0.812365
1.60869
0.138468
1.55493
1.06318
1.27477
0.334121
2.04854
0.370433
0.567375
0.742299
3.85972
0.201789
1.81262
0.921923
1.2552
1.57247
0.803103
0.660258
0.279768
0.804336
0.317092
0.62809
0.223755
1.11862
1.1989
0.986476
0.264464
2.59978
1.1762
0.684419
0.648457
0.201471
0.392485
1.21273
1.4606
0.357204
0.134048
2.02447
0.318366
0.427836
1.28597
0.0915683
0.177884
0.33368
1.21596
0.22486
1.82248
0.232446
0.311176
0.318714
0.510472
0.248672
1.22501
0.608874
0.271639
0.376924
1.55298
1.56557
0.948294
0.335515
1.29661
1.98728
0.808553
0.722189
0.64377
0.997536
1.2316
2.76628
3.09963
0.947136
0.537747
0.859291
0.608545
0.401216
1.27199
0.564034
1.10455
0.581344
0.826968
0.557759
0.193417
0.87807
0.656351
0.428529
0.384819
0.987869
0.563756
0.123653
0.913305
1.66236
0.636631
0.93319
0.584711
0.798458
1.85154
2.09015
1.7112
0.585286
0.800128
0.699955
0.465285
0.518501
0.741649
0.586943
0.510069
2.03214
1.35676
0.354336
1.39023
0.304943
0.891536
0.672917
1.21566
0.813295
0.686343
1.03911
0.854866
2.6183
0.261783
0.0933926
0.96906
1.03321
2.1264
1.40735
1.31522
0.255549
1.03512
1.26002
0.650876
0.0921443
0.555567
0.144811
0.287426
0.236721
0.129959
1.04246
0.773079
1.09148
2.01359
1.46999
0.559473
2.71624
1.10108
0.622803
1.322
0.701404
0.786465
1.18688
0.776011
0.54379
0.323692
1.01635
0.754278
0.21424
0.392846
0.641645
0.377117
1.69757
0.758052
0.242452
0.381602
0.387802
0.901514
2.51838
1.92726
0.697466
1.23863
0.517252
1.17965
1.17351
0.411919
1.99319
1.00842
1.16612
0.800251
1.90387
0.619975
0.354099
2.06581
1.06028
1.56644
1.271
0.998957
0.692451
1.88637
2.18945
0.621335
0.131814
0.247458
1.44859
1.08163
0.921361
0.38101
2.05106
1.0115
0.36093
0.306459
2.23669
1.19982
0.694462
0.810153
0.369085
2.17746
0.845541
0.951504
0.364007
0.697076
0.882334
1.11272
0.597552
0.844507
0.553748
0.257566
0.286937
0.694678
0.300319
0.986986
0.549485
1.27935
0.153056
0.606337
0.252574
0.587572
1.45385
1.84206
0.298198
0.83344
0.456419
3.11395
1.32998
1.52309
1.10831
0.185346
1.05002
0.767108
2.60953
0.742744
0.913036
0.195978
1.37151
0.369132
0.531838
0.603119
1.45463
0.91705
0.86309
1.85812
0.858586
0.995756
1.52907
0.355321
0.864648
1.81031
1.78977
1.00907
1.17242
1.01253
0.460857
0.84134
0.541465
0.467733
0.244215
1.22594
1.09583
0.948227
2.06509
0.604716
1.586
0.281863
0.489878
0.359447
0.872242
2.39955
1.2515
0.460353
1.82473
1.6188
0.474222
1.039
0.153234
0.594929
1.39502
0.671305
0.874845
1.6258
1.30236
0.900468
0.321499
0.62935
1.0387
0.612347
1.16852
0.28529
1.63634
1.55226
0.483185
0.945313
0.690913
1.11868
1.08071
1.07011
0.715639
0.573435
1.5595
1.11955
1.46183
0.347906
1.41359
0.364115
0.556524
0.7803
1.70525
0.258904
1.135
0.334202
1.7616
2.46144
0.776304
0.752824
0.378463
0.604731
0.76338
0.430966
1.27982
1.11884
0.61272
0.555761
1.92597
0.374144
1.39789
0.310916
0.428324
2.12845
2.85289
2.18839
0.976718
1.08985
1.78315
0.310345
1.42864
1.25467
0.257869
0.765507
0.0437427
0.612283
0.633765
0.336342
2.125
0.672106
0.384728
0.691456
0.518196
0.293778
1.41534
1.46279
0.285531
1.13006
0.997666
0.764551
0.51288
3.16764
1.24178
1.05666
2.03299
0.659046
2.47169
0.590353
1.1497
1.24418
0.386682
0.688728
0.639266
2.37357
1.65529
2.25392
1.65437
1.56638
0.740044
1.26042
1.22249
0.673547
0.396805
0.802552
0.867258
0.958447
0.359196
0.319827
0.796577
0.697566
0.996833
0.496817
0.411449
0.457182
0.989456
1.88628
1.48949
0.340559
0.174356
1.04403
1.8252
1.80485
0.403161
1.60187
1.39391
1.02318
0.473504
0.608602
0.376352
1.83405
0.363146
0.726476
0.614408
0.523448
0.551865
1.20738
1.05389
0.786132
0.939849
0.870961
4.33152
0.838824
0.837596
0.430095
0.375555
1.16785
1.07221
1.61127
0.291404
0.135507
1.34132
0.0878486
0.891531
0.469572
0.803144
0.701483
0.568529
0.555721
2.44311
1.72921
0.446717
0.217527
0.572132
0.459274
1.17429
4.3885
0.621641
0.561094
0.642528
0.929361
1.81419
1.12844
0.34744
0.396763
2.49282
1.31856
1.19245
1.00044
0.126597
0.0629994
1.48275
0.698698
0.655245
0.359586
0.932797
1.29779
0.666684
1.21892
1.04774
0.383698
1.92963
0.223879
1.20505
0.948189
0.680454
0.58957
0.509019
0.221407
0.675122
1.25056
0.470376
0.639142
0.284484
0.688997
0.474221
0.535204
0.354741
0.762905
1.355
0.720951
0.309494
0.844883
2.32296
0.848849
1.52995
0.795409
0.743379
0.459278
0.132876
1.1318
1.03465
0.142925
2.49523
0.173868
0.823812
0.373953
0.740874
0.365672
1.58228
0.564831
1.45648
1.19015
0.457824
0.340168
1.26285
0.835235
1.34508
0.584229
0.613264
0.676355
1.59566
0.290527
0.250564
0.420498
0.38056
0.216526
1.8643
1.04659
0.927048
0.539753
1.01372
1.22688
0.206646
1.28235
0.889362
0.94116
0.374355
1.14603
0.358577
0.474145
1.66041
1.57412
0.167329
0.445253
0.201875
2.5562
0.342332
0.175427
0.273951
0.428972
0.55856
0.421501
0.127794
0.726598
0.229238
0.273267
0.489767
1.68223
1.59917
1.7052
0.316481
0.0655902
0.171869
1.34814
0.658224
1.65071
1.7889
0.382318
0.311777
0.644172
0.658146
2.51793
0.993566
0.423392
0.629543
0.61887
0.307838
0.946046
0.569028
1.15208
1.31275
2.13382
0.310741
0.529873
0.887771
0.269437
1.17231
1.16839
0.726009
0.671824
1.10122
2.76539
0.623452
1.13243
0.0645837
1.49117
2.26399
0.934528
1.34288
0.328456
2.74598
1.05931
0.642838
0.763238
1.31129
0.485148
0.502101
0.964798
0.657312
1.46245
1.25657
4.71849
1.33991
1.36619
0.182217
1.14016
0.451294
1.04665
0.948027
0.379252
0.430959
0.265104
0.253563
0.816684
1.011
0.281792
0.193128
2.71584
0.534427
1.57298
2.60852
1.43336
2.24425
2.45966
0.864719
0.731385
0.49655
0.695816
0.943739
1.3899
0.247038
0.924123
0.537225
1.71738
0.357752
0.298779
0.254581
1.07661
0.879643
0.910438
0.217261
0.7167
1.79624
1.25465
2.49196
0.488389
0.818918
0.115203
1.19524
0.14969
1.07977
0.828256
1.06947
0.144594
0.555728
0.61594
1.27792
1.33779
3.95737
1.09118
0.780544
0.252325
1.46086
1.93823
0.197274
0.360894
1.1326
1.88186
0.451252
1.08823
0.265987
0.900903
1.40796
0.192289
0.655536
0.531526
0.392283
0.638357
0.21518
0.330454
1.38172
0.924544
0.171605
0.134557
0.394624
1.17996
0.673041
1.57501
0.365932
0.45639
1.31249
0.904077
0.692428
1.31737
0.211256
0.319356
0.710542
0.391116
1.73955
2.77144
0.542266
0.793809
0.868861
1.04523
1.33658
0.577021
2.46527
0.980954
1.12982
0.301432
0.780422
0.553951
0.510025
0.699371
2.11219
0.175189
0.321429
0.960011
0.477699
2.12932
1.25436
1.34949
2.01392
2.04623
0.401727
0.580225
1.36271
0.246481
1.55182
0.363688
1.10973
0.571965
0.114438
0.429084
0.566715
0.442401
2.42828
0.313673
1.74791
0.504011
0.807312
1.34025
0.970905
5.04462
0.271638
1.40902
0.253914
0.281631
0.644265
0.239437
0.34245
1.03581
0.408212
1.57737
1.16721
1.01388
1.69947
2.29407
0.671931
0.371304
0.957833
0.873295
1.15908
0.46294
0.919255
1.0217
1.51402
0.361835
1.23533
0.120477
1.24793
1.25985
0.210446
1.20835
0.153852
1.23651
1.83379
1.97925
0.975647
0.804512
0.724186
0.817452
0.833996
1.69369
0.718953
0.891184
0.747022
1.6856
0.482079
0.273624
1.6175
0.95874
0.440709
1.21889
1.55219
0.843473
0.15008
0.106415
0.689531
1.01582
1.40106
0.973176
1.04401
0.871981
0.606263
1.07535
0.30641
0.859948
1.38427
1.29922
1.63321
0.610931
0.200485
2.19656
0.252493
0.703806
0.36595
0.273572
0.592844
2.26318
0.890806
0.491909
0.90769
1.28975
0.394203
1.19233
0.56045
0.093571
1.01582
0.44809
2.00049
0.427699
0.953792
0.151306
1.99479
1.63287
0.247149
0.739949
3.02034
0.333656
0.779681
0.289818
0.423189
0.2513
1.19521
1.28563
2.6114
1.29258
0.96628
0.419581
0.460439
0.798839
0.785017
0.492586
1.22664
0.269626
0.907901
0.852218
1.06126
1.89593
0.551246
1.78011
0.459009
0.399541
0.916203
0.160781
0.514308
1.7221
1.82484
1.47849
1.10959
0.685338
0.662411
0.603008
2.93582
1.00297
0.817581
2.00258
0.561194
1.04316
1.11698
0.846915
0.519872
0.653072
1.64865
1.19896
0.20033
1.2687
0.525363
2.32094
0.92623
1.31984
0.72614
0.458936
0.690237
2.11127
1.10218
0.277956
0.643883
0.535046
0.736249
1.21443
1.93759
0.251995
1.23058
1.15511
2.32043
1.01163
1.42831
0.211993
2.18061
1.27924
1.10695
0.0299661
1.39143
0.484148
0.501643
0.728874
1.09073
0.209653
2.15774
2.60978
0.911741
1.03484
1.15318
0.177684
2.49547
0.161495
0.540663
1.27451
1.52983
1.38301
1.0027
0.532866
1.49263
0.662641
0.887835
2.7381
0.371142
1.09056
1.36237
3.00338
0.225638
1.6285
1.05865
0.451754
0.126808
1.6968
1.39644
0.0972014
1.19967
0.351623
0.855722
1.13227
0.924381
0.20774
0.613661
0.907156
1.13556
0.734182
0.472336
0.958873
0.558486
1.92549
0.276755
1.1581
1.22728
3.98147
0.906648
1.64162
1.99723
0.0655995
0.741574
0.931987
0.62707
1.0332
1.3268
2.63507
0.53122
0.451426
0.230592
0.183095
1.98545
0.483909
2.08394
1.07166
1.73161
0.261002
1.25786
1.55618
0.782108
0.156604
1.41821
0.985807
2.65439
3.3871
1.79111
0.470931
0.996499
1.39326
0.549972
0.701664
0.180839
0.48653
0.925558
1.34976
1.14719
2.5796
1.47034
0.919381
0.467608
0.41615
0.922469
0.913958
0.174173
0.301362
0.475734
0.830497
0.999709
1.28846
1.06357
0.742495
0.713995
0.11192
1.3826
0.502702
1.02596
0.542283
0.365325
0.914748
0.685186
0.119923
0.399874
0.596652
2.23778
0.509962
0.318736
1.03496
0.540894
0.775633
1.90306
0.761621
1.07139
0.332553
0.578603
0.839261
0.597626
0.630943
0.657798
0.935663
0.893646
0.899315
0.704004
1.18372
0.187477
0.168944
0.968345
1.17655
1.03845
2.37247
3.25917
0.340761
1.44122
0.458887
0.425223
0.986749
0.867645
1.3136
1.50956
0.259678
1.14164
0.765389
0.183974
0.797408
0.490038
0.258128
1.01039
0.701838
1.23999
0.72743
0.979676
2.16644
1.53153
1.74643
0.966985
1.55081
0.55516
0.3731
0.382839
0.987707
0.867453
1.42954
0.172969
1.65756
0.977687
1.23427
1.31573
0.786867
1.27442
0.601036
0.326107
0.236453
1.27968
0.267181
0.593456
0.136638
1.02169
0.434424
1.54062
0.356691
0.301174
0.233462
0.900046
0.621494
0.124367
1.09437
2.85729
0.470083
0.787431
