-5.35327
-2.14511
-0.364382
2.56502
-0.01805
2.17705
-1.79992
0.460386
0.517424
0.84
-2.55007
0.714021
0.876703
1.18421
3.23745
67.4988
-5.34222
1.35702
1.60316
-1.01844
0.636579
-1.59478
-0.110015
-0.121187
0.302739
-4.57308
0.31334
0.0921976
3.3455
-0.625994
0.0298265
0.320739
-2.36804
-1.35472
-2.74912
-0.387157
-0.575103
-0.0702515
-0.292658
0.470981
-10.5242
0.184967
0.28981
1.49504
0.434972
-0.82431
0.149179
-14.9823
5.04209
-1.51688
2.56018
96.2231
-0.0583904
-19.0644
0.389701
-1.75552
0.865747
-12.9982
-0.591326
0.88293
-1.23259
7.74601
-1.35644
0.863495
-0.203337
-2.6938
0.349908
-0.0547915
-0.618266
1.01911
-3.36104
1.67475
0.265144
0.553969
-1.81624
1.78778
0.034656
-4.82395
-5.92234
0.443338
0.969823
-0.91043
-0.261889
0.558258
0.479244
1.48789
-4.62509
0.528825
0.394253
0.0709363
0.328251
0.561025
-0.329228
3.12793
-0.293475
0.0018105
8.55305
-0.448166
-1.18139
1.34301
-0.373401
-1.75546
1.18888
-1.08037
-3.31573
1.58784
-0.962506
-2.50802
0.62583
-0.687349
1.67099
-0.922036
0.521614
0.72938
0.0536855
-4.46607
0.266838
0.111765
-1.41185
23.4006
0.246835
1.75963
0.129768
-0.376247
-0.207529
0.339355
0.94447
3.16121
0.258624
-0.202883
-0.521834
1.04283
0.892489
-0.577763
1.41695
1.39896
2.40388
1.15686
-1.43679
-4.06304
-1.82144
2.49833
-0.132101
12.1911
-0.704894
-0.287948
0.145052
-0.385487
-1.8188
-1.33093
0.921157
-0.10132
0.0234595
0.66504
15.1587
0.254886
-3.45943
1.38694
0.247384
-0.341085
-0.0018625
0.072967
-0.486019
0.339465
1.01884
-1.08233
1.22281
-0.182305
-1.02567
0.112528
1.86809
0.937794
-3.75774
-3.22723
5.93143
0.0863995
-0.796961
0.256259
1.08464
0.713973
0.612888
-0.384038
0.37843
18.7477
2.28244
-1.80481
0.328045
1.92348
6.83214
-1.32904
-0.173048
4.20252
0.262495
10.4029
0.0899135
1.04703
-27.8914
-1.05622
1.13089
-0.337561
0.415659
-1.05731
-0.117467
8.7172
-1.65209
0.350463
-3.30069
-0.792265
0.996951
-0.930121
-0.408013
33.2941
13.4142
-1.21428
8.2553
-0.452289
1.8083
-1.06492
-1.50588
-6.41923
-8.06912
0.769516
-1.79736
-3.21696
-29.8622
-0.59065
1.7067
0.413845
3.0785
-0.652502
23.1076
-1.35508
-2.27172
-1.20262
-1.03452
0.854137
-0.429325
0.83599
-1.31276
1.71538
-0.050085
-0.87219
-1.01322
2.51222
0.549279
-1.265
-7.49114
-0.509454
-6.64542
0.028101
8.2256
-9.03309
0.254943
16.9413
-1.27946
-2.71549
0.624575
2.51498
-14.1103
0.638723
1.35481
-0.29696
-0.275641
10.5569
0.381927
2363.3
8.68373
2.59937
-0.478999
0.810924
-1.23432
-8.67933
-0.671504
0.305878
1.19003
-0.56322
7.22062
7.57461
-0.635119
-0.45883
-0.225658
-8.10226
1.69381
56.0703
-2.88216
7.66249
0.329079
3.05407
-2.8777
-0.50252
-0.53344
0.559635
-1.00667
0.28249
-3.33461
-0.173792
-0.212826
0.907436
-2.32719
-0.522975
16.2468
0.20769
-1.02693
-0.367194
28.4504
1.2992
0.11566
-1.61401
16.5296
5.09939
0.309994
10.4471
-1.26127
-0.421223
0.460155
-1.89431
-0.244191
-6.5922
-0.640183
0.00744
-4.44748
3.7828
-0.524371
0.317071
-0.24978
2.80239
0.249405
-0.994908
3.62792
-1.70712
-1.15716
-0.245764
0.116241
-1.94559
0.381871
1.49065
-2.09406
3.58467
37.6767
0.837655
-2.14248
-0.383701
-0.94358
1.2075
-76.7946
0.013125
1.41685
2.88005
2.39315
0.0704591
-1.60878
-0.235348
-0.17916
-0.667678
-1.52304
-2.10484
-0.135403
7.5031
1.91433
0.383224
1.6742
1.51359
-1.6467
1.30376
-4.16215
-1.86435
2.6214
10.5489
-13.2071
0.92284
0.149798
4.28354
-0.131902
1.98622
0.885798
0.265185
1.12956
1.60834
12.1317
-7.125
1.49971
-6.37909
1.32176
0.505808
0.0371895
0.0644485
-2.3669
-19.6888
-1.00555
-0.431032
5.67336
-1.16099
3.81388
0.930206
1.06049
0.159017
-4.95631
1.32569
-0.526037
-7.75211
11.9024
2.27852
-1.37471
1.01092
-7.08012
0.895272
0.834638
8.84191
-3.04503
1.46989
0.0420425
1.3217
1.3055
4.13092
0.880367
6.71604
-1.71088
0.512073
2.06682
0.874504
0.341881
-1.10622
-0.81749
-0.558215
-5.58709
0.438557
0.833778
8.38101
-3.31483
-0.747022
2.1824
-1.90477
-2.28597
-4.82647
1.00262
1.09631
-1.53596
-1.23236
0.15459
2.0435
-1.15253
-3.98805
0.45596
-0.454047
-2.70067
0.627744
-1.09163
0.529556
27.8354
0.07127
1.39361
0.905181
-1.89961
-0.74515
0.367489
7.39585
-0.079
-5.35586
-0.755356
12.3783
-0.25892
2.15369
0.422836
0.420352
0.119869
-5.50892
-9.19671
5.92808
-0.522196
-1.21324
1.07469
15.5169
0.089496
6.24527
0.380097
0.461791
0.156576
0.567756
-1.67059
0.356725
-0.0366
0.27942
-2.21081
1.64789
0.611048
0.0884615
2.14227
-0.362224
6.66948
-3.20059
-0.299368
-0.617423
6.47058
1.29342
-2.74238
26.8813
-96.6281
-21.4793
98.472
-0.41697
0.434698
-1.94702
1.4543
-0.278201
-3.93826
-0.281735
-3.62922
-0.02623
1.06056
0.240357
0.62665
0.767626
0.0411415
0.730291
1.02171
-0.0290965
-0.0197125
-1.83407
0.703544
-0.177197
0.144808
0.225308
-0.16377
-5.90811
-0.861841
1.62079
1.08537
0.228594
-1.56033
-0.518001
1.24368
0.32019
0.813531
0.062578
-0.89079
1.02073
-2.51547
3.29976
-34.6781
-1.31656
0.190924
0.164705
-13.328
-0.118615
2.18737
2.76284
1.35834
-1.06595
-1.75541
-1.10148
2.12939
-0.927322
2.49062
-4.09978
0.344624
-0.960832
28.4487
-0.405905
2.32001
0.68732
-1.60853
-2.74403
-0.261845
-0.46729
-0.406874
-0.0646835
-0.889152
8.70959
1.28344
0.982036
0.250848
-0.406961
0.0919915
0.809895
-0.0794866
-1.44216
0.568893
1.95744
0.44612
-0.973324
-0.968589
-1.26624
1.44083
-0.102057
2.19343
9.82537
-9.33626
700.402
-0.743475
0.142607
-1.15564
2.16025
-1.66289
-4.98273
0.905845
-0.304043
-12.8303
-3.94824
0.171161
0.763519
-0.511434
16.4471
0.897084
-0.081856
-0.417496
0.0288437
0.262277
-0.0564345
1.39364
-0.102444
0.513957
0.616904
-12.3922
1.0061
0.217349
-2.4459
-0.531591
0.471465
1.11844
0.0962975
1.55006
-0.564836
-0.482062
0.177873
-1.10613
-0.391012
0.647714
-0.0336255
9.51336
-2.08303
0.176257
0.169694
1.23575
5.74996
-1.24998
-20.546
1.63581
-0.674862
0.354753
0.707435
-0.664323
1.22429
21.8494
3.33054
0.266272
0.353929
-1.41103
-0.765499
-0.872594
2.41269
0.478272
-0.44669
4.44776
0.231805
-0.218244
-2.72214
-7.08682
-0.835437
-1.17685
0.1215
-0.533426
1.37871
0.274482
-0.070999
-1.58359
-0.732222
0.685041
0.06329
-0.311842
-0.0398035
5.30429
0.069636
0.0813365
0.489698
-2.20273
0.170513
2.40276
-7.79796
-0.229931
-1.0011
6.0648
-0.842211
0.561794
-1.14099
0.188021
-3.37578
5.97202
1.09385
-2.4066
1.10012
1.74449
0.932951
-0.288281
0.319472
-1.67499
-0.304472
-7.15997
-1.7233
-7.53227
-4.23442
-0.877392
0.06925
-0.978013
-1.39381
1.96032
1.26613
0.549526
-4.9437
-0.335257
-8.3764
1.81315
-39.719
-6.9623
-0.328148
0.090322
0.50642
1.57239
2.93544
0.311654
-0.108319
-0.865738
-0.0244335
0.062795
-1.03815
-1.53904
2.72231
4.15646
0.37495
0.972179
1.95125
3.73531
-3.4603
-0.372034
0.713636
-0.550036
1.08796
0.415878
-11.506
3.58616
-1.29677
-0.452219
1.5042
-4.56467
0.330785
1.2997
-0.414327
-3.40702
1.11305
-1.52051
0.152883
-0.728419
-0.866051
1.87962
2.62307
0.461763
6.51573
-3.35238
-0.902768
1.09153
-1.75856
-1.04581
1.0409
0.503427
-2.52318
-0.310443
0.836101
-1.19058
-0.913305
-1.63582
-0.924717
3.62279
3.22958
1.32535
17.1973
-0.064091
-4.49794
6.29557
0.906374
0.581013
1.05105
6.2375
-0.1115
-0.509783
0.0839871
-1.15798
-1.01458
0.74659
-0.346116
-1.01217
1.66101
-1.14427
4.05913
1.3233
1.00129
3.06883
0.477266
0.241835
0.470898
-0.766518
-0.5177
3.78817
0.207128
0.282212
1.86183
-1.26872
-1.24688
-2.31277
-3.27951
-1.11511
3.23738
-0.235883
0.164813
0.0269055
1.88701
1.5195
-1.84903
-2.48683
-1.30785
0.314009
1.72113
-2.45271
20.4415
0.28343
1.06516
-0.055626
-3.63595
88.7645
0.164471
0.8189
-0.175006
0.4365
21.499
1.03679
-0.448396
-3.41479
0.791465
-10.4923
-2.11958
2.51905
1.17186
1.55634
0.468093
2.60987
-1.27751
-2.17044
-0.31471
-1.5898
-0.635486
-0.358651
-0.01707
-0.0284939
-0.358393
1.42301
-23.1063
-10.894
4.556
-0.298575
0.323009
-0.363422
0.105771
-2.41831
-9.80331
15.6239
2.17565
-0.47688
-0.0645177
-0.089403
-1.52262
1.13979
-0.377956
0.890757
-1.17761
-8.03616
-0.756797
-1.40564
4.39903
-2.05324
1.12575
24.9873
0.401591
-2.32012
0.598342
-14.9606
1.13784
-0.392232
-0.122766
1.2099
-0.0623815
0.080411
0.466751
-0.662872
-1.46282
10.398
0.803894
2.90633
-1.81974
-1.28045
-1.05812
-0.228897
0.276539
-6.69908
-0.387481
1.27039
-1.42187
-0.798528
0.87376
-0.308694
1.54863
-0.0667725
-1.9927
0.369933
1.82922
0.10065
-2.06182
0.72006
-0.738202
-1.0761
0.480121
-3.83618
-9.67499
-0.555538
-2.68463
10.7367
-0.231119
0.415567
0.920569
1.06596
-0.679082
-1.14311
3.42665
23.3299
-0.882481
0.0425475
2.53384
-0.263539
0.070767
-0.835719
3.68425
-0.372754
0.967149
-0.561797
3.59825
-0.458677
5.37792
-0.592941
-0.544391
1.46269
-2.25501
0.982556
-0.876826
0.782803
-5.06782
0.321489
-0.276407
1.00606
0.022705
0.084417
0.296552
-0.720709
-7.9068
0.259271
1.41474
8.61433
3.19495
3.11537
-1.38669
-0.290945
1.31035
-0.759065
-4.86049
2.69034
-1.93722
-0.862615
1.44996
-1.37619
-2.18461
-0.0480495
-2.61464
-0.249713
0.209456
-0.856713
0.026397
0.32955
-2.11291
-0.002045
-0.565681
-0.363995
1.48331
-0.584294
0.149266
-0.885342
0.328832
-14.6521
-0.882132
1.90719
-0.008772
-1.34356
-11.0257
-2.0319
1.62527
-0.573711
-0.563528
1.61634
-0.524755
-1.12157
0.035076
-0.389377
-1.78336
-1.36989
1.22582
-3.15364
-1.22078
-0.543674
17.8165
1.0605
-0.51051
1.85774
0.201463
4.30944
-0.679967
-0.985813
-2.38237
1.04022
36.7421
0.555398
-1.30809
-0.589702
-1.20383
2.21388
-0.90862
-2.54065
0.15551
-0.536146
-1.74896
-0.183345
-1.16128
0.269493
-0.205066
-0.373833
1.02266
-0.073818
5.46346
-0.515727
0.168975
4.56065
0.451183
-0.738251
1.40762
3.30812
-0.94995
0.605071
-0.589702
0.101905
12.4188
0.683265
9.49664
-8.86781
-0.03774
-0.803639
-1.52913
-1.35751
-1.43749
-1.05302
-0.825936
-34.8753
0.917783
-0.83204
1.23826
-0.263804
-0.156785
-2.11525
4.50464
-1.05892
3.15461
-0.7465
-0.357859
-1.64683
1.93321
0.953944
-0.203792
-0.017047
4.51064
4.50582
-0.368098
-1.50071
-1.07382
-0.101611
-1.54709
-0.0586
-2.21152
-2.01978
1.57348
0.310247
3.45434
0.866884
-0.84426
0.007419
-0.369893
0.326879
4.14286
-0.211754
2.68865
-45.1259
-1.00009
-11.3073
-1.85408
10.1864
-1.45126
1.14063
1.94959
-0.147249
-4.98028
0.367143
-10.5294
0.103382
0.0386995
0.271222
75.0902
0.023815
1.36824
0.662673
-0.9765
-0.3396
-2.0378
-1.08118
-1.15678
-0.944098
0.773366
2.46961
0.548816
2.15469
0.730192
0.380716
-248.245
1.74383
-5.2301
1.44554
-0.160424
-2.14906
20.047
0.214973
-0.17176
-1.00365
-1.85101
1.05978
-0.335005
3.88119
2.89041
2.11892
0.86823
7.60926
3.61168
0.174449
-0.64159
-0.287093
2.19868
33.888
1.34886
-3.53329
2.33389
0.854685
-0.647716
-3.65507
2.89431
-0.88697
-1.2315
-0.56809
0.74302
4.92579
1.22883
-2.63442
-0.601704
1.43202
0.1122
1.68122
0.09819
0.512429
10.6501
0.980696
-26.4028
-0.494317
0.210005
0.781556
-2.82005
0.399481
1.66688
32.4628
0.458689
-0.569083
0.286419
-2.68353
0.267029
2.09088
-84.6732
1.03639
-1.45139
-0.87013
0.665822
-30.9699
1.33699
2.43058
-1.28723
-0.667472
15.0436
2.42039
0.120945
0.0185255
-0.568062
4.22428
1.78118
4.02277
-0.448538
1.04706
-0.383723
-0.091047
0.13757
-0.52067
-2.2618
0.700648
1.09781
0.164876
0.359288
-5.69036
1.54526
-2.54883
-0.354058
1.08424
0.03723
-0.507968
0.426925
-0.133047
0.881166
5.5754
-1.58578
-2.60648
-2.05355
1.78499
-1.18665
-7.65843
2.32477
0.305025
0.535906
0.581205
-1.32497
0.983065
-0.0569135
0.167699
0.21737
-0.531311
0.733583
1.09709
-2.5465
0.271806
-1.09833
-0.374053
-0.551535
211.538
-1.15393
0.445074
0.154928
-3.78392
-0.322053
0.744771
0.25086
-0.927845
-0.442101
-0.26582
0.4059
-26.9704
0.583905
0.320796
-0.244049
0.510649
-1.65726
-0.608944
0.960846
2.56797
2.73106
0.94752
-1.04665
0.214984
-10.0813
-2.90843
-2.44219
7.74871
6.75325
-0.02106
1.06847
132.633
0.493315
-0.664394
0.530376
-5.51429
2.16087
-1.18063
0.451565
-0.244927
0.0730201
1.24994
0.458469
0.090297
-0.392271
-0.07728
-10.4325
0.499584
0.34539
-3.90134
2.94295
-0.38192
-0.200215
-0.82648
-2.75851
1.78724
-0.0053825
-0.290628
-0.177076
-0.058635
-3.86056
-4.92406
-1.01639
5.30237
-10.3394
-1.62573
8.11562
13.9411
0.395025
-0.0851751
-12.9073
-1.82878
4.16388
1.63809
25.4625
-0.454747
-0.351856
-0.89159
0.0375515
0.171382
0.878432
-0.111248
3.53738
-2.99588
1.34074
2.78205
-0.595634
0.420575
1.94197
-4.83818
13.023
-5.0592
0.344087
0.444455
-0.564519
1.29957
-10.9988
0.747669
0.791844
-32.6684
0.33976
1.06884
-0.613334
-0.897927
1.42641
-0.111294
-1.83928
3.91654
0.888076
1.16012
-1.5709
-0.367364
-0.550582
8.4978
0.666237
0.849252
-5.31694
0.177488
0.810311
-0.0556355
-0.993814
-4.1286
-0.282918
2.68643
1.55014
-0.482842
1.29554
-0.224404
1.45789
-2.07818
-0.812935
0.552464
2.91733
-0.33418
-0.923396
3.82539
0.702145
-0.005922
1.75782
1.61353
-2.99668
-1.99781
0.295874
-0.066693
0.167334
-0.0230376
467.43
-3.29645
-2.41031
37.8858
-1.75159
-0.587927
0.676265
-0.330239
0.80787
0.314709
-0.049695
-0.580889
-2.05178
-4.06217
-0.419618
1.32443
-1.12155
-4.36838
-1.09166
1.13029
1.02893
-1.10835
-0.269469
-0.294167
-24.5676
-0.206611
-0.705562
0.267155
-0.175105
0.947934
-1.9559
0.261767
0.172195
1.15073
6.00915
1.02574
0.182613
0.341645
-0.25211
-0.508722
-1.21728
2.73603
0.462926
0.21724
0.724594
0.216856
5.86536
0.17083
2.6015
0.811202
0.699642
-1.45709
-1.22953
-0.807661
-0.24313
-0.64483
1.01762
-2.74589
-0.64697
-0.479406
0.105585
-0.361442
4.28492
-0.178004
2.39571
-2.2363
0.557716
0.102125
1.3131
-0.638975
1.92876
0.771313
0.38723
-0.739464
-3.89607
0.973371
2.13175
-2.47831
-0.247359
-0.701752
0.68168
0.10139
0.536857
0.16605
4.39201
-2.09885
0.479023
-12.4517
-1.13754
-7.28213
-0.879565
0.288959
5.36079
1.00035
-2.25706
0.0937146
4.67824
-4.41788
0.354766
-0.742358
0.223269
0.309608
-1.19316
-1.35205
-0.72771
0.515871
0.42265
-0.301984
-1.47553
-0.243175
1.6607
-0.436044
-0.598259
-6.65059
0.571469
-0.026813
-1.21406
-8.36498
1.42023
0.753854
1.37006
1.13949
0.788965
3.74254
-3.18569
0.233876
-0.13817
-617.766
-0.109062
-0.887267
-3.59941
45.1714
-2.79039
0.043233
-2.15732
1.72903
0.620865
5.48371
0.093605
1.1886
-1.55763
-1.09026
-0.41888
-1.81401
0.970793
8.52028
-0.298364
-1.88169
-0.073758
-4.75323
5.43525
13.5796
-1.18735
-3.82086
0.344932
-0.73438
-3.6485
8.2972
8.71591
-0.316027
0.464701
-0.445116
-1.34381
-0.612185
-0.11607
0.458871
3.4762
-1.568
-0.740416
0.43404
1.01402
1.02005
1.09717
-0.155828
1.72198
-0.493031
-0.598205
-0.362332
0.812685
-0.877161
0.133561
-0.062554
0.702015
-0.31394
2.44496
1.3968
0.438388
-0.760966
-0.890539
0.0657445
31.1635
0.24801
1.37308
-1.76802
-1.0393
-0.268765
31.9222
0.226108
0.673127
1.51977
-0.235698
-1.13052
-0.941497
0.441559
-3.60493
-2.71513
-5.45587
2.06054
0.011585
-0.200887
0.188524
-4.32035
24.8997
-3.58685
1.73819
-0.004954
-4.47848
-0.223714
0.560016
-1.2443
-17.1703
0.549966
0.14871
-1.26085
-0.0121281
0.121304
-1.54768
1.49243
4.16222
0.691233
0.738558
0.121772
-0.875475
0.477329
-3.73334
1.28951
0.71543
-0.69833
0.0606645
0.406311
0.488329
-0.444906
-0.0002225
-2.99986
0.580684
1.23388
4.37248
-3.20891
2.04255
2.01395
1.85629
-0.232645
3.45252
1.36335
0.937852
0.063763
-0.547747
-0.0035585
-1.16139
24.2272
-0.609675
-0.0184177
-5.5747
-7.19596
1.60824
-1.42142
-0.235685
1.11899
-0.842396
-1.1252
-0.857711
-14.9695
-0.354401
12.9783
1.3321
-0.432407
1.46159
-29.2836
1.75396
-4.79436
2.99179
-2.30171
-0.098365
0.541635
1.48315
0.592856
6.98657
0.747104
0.125305
-1.54029
0.08749
0.424259
0.340164
-1.126
0.857411
0.0855385
-0.320317
4.59678
-0.292906
-1.1572
3.91307
0.984619
-4.70659
-0.308538
0.471202
0.641595
1.80448
0.340335
-0.320926
0.312893
1.50488
1.84652
-0.842485
0.345475
0.083683
-0.283755
0.217754
2.72826
-0.459368
-0.28931
6.07491
-9.97818
-0.951805
2.32505
2.36641
0.81848
-0.213148
-0.841089
0.159963
-1.22679
21.7493
-1.3978
0.566551
-4.0098
6.54073
5.23814
-1.1014
1.28382
1.43849
-3.29634
-30.5579
0.763004
0.117027
1.20037
13.4095
1.8149
12.9562
1.50766
20.573
-1.05925
-2.61714
-0.235278
-10.9247
0.226795
0.406307
1.62603
1.9264
-4.30242
0.185238
3.45253
1.11317
0.315715
96.6636
1.01068
-0.171225
-1.61185
-0.107959
2.31232
-8.89258
-0.448159
-0.64969
-5.42669
-1.61044
-6.02911
-0.4513
1.10935
4.54725
0.249569
0.0055
-3.45496
-0.353431
0.070475
0.53129
1.59855
0.989972
0.331235
-1.42629
-0.354385
-5.20649
-11.3977
0.0932318
-1.49735
-0.345334
-0.340697
-7.63753
2.26153
-0.329551
-1.3547
0.184663
3.44077
-1.97299
0.1324
0.977385
-0.380198
-0.945905
0.127195
-1.30799
-4.58352
-5.97571
-27.3409
-2.10945
-0.423191
-0.0248365
0.0830455
-0.357501
-0.300273
-0.426073
2.10693
0.463353
2.52749
-0.350215
-1.6731
3.97461
-2.37648
3.89158
4.63572
0.895557
-1.75324
70.6422
0.901935
-0.523482
-0.67837
-0.472358
0.374283
-0.464835
-0.65977
4.63089
4.40184
5.63134
6.33161
0.608287
0.42073
0.762368
0.405985
4.17979
-5.88917
-0.995279
0.454378
0.487363
0.364007
-4.14184
1.914
21.619
0.995339
0.56139
-0.941133
1.46327
-0.12862
2.20891
2.47098
-5.52508
-1.82604
0.245
0.52379
0.324055
0.586478
-0.387379
-2.90698
15.2738
-1.53932
-0.039272
3.02426
0.267336
-0.834385
199.656
1.27164
-5.99565
-12.3561
3.37631
-1.38409
0.463518
0.134778
-1.35449
-1.01963
0.45584
19.0545
0.448488
-2.75773
-2.97815
-55.3407
-8.2964
-0.0276795
0.391954
-0.200239
2.04247
0.594187
0.155895
2.17963
5.30146
-0.736338
1.85615
-1.57929
-0.757141
1.56398
0.332323
0.518622
0.708715
-4.19505
-1.52256
-7.4392
-0.478682
-1.11391
-1.16013
-0.129647
-2.14801
-4.78219
0.773769
-0.823685
0.640121
-2.71881
-0.821413
-0.942927
0.951495
-0.105542
0.341186
-2.76653
-0.470215
-0.151748
-1.29926
-9.92088
-0.27087
0.780474
-0.690783
-1.29481
-0.078951
1.25162
-1.21259
-0.401024
-0.838381
-0.403645
-3.49911
0.0299785
2.26949
0.980426
-20.0807
1.32002
-2.4463
-0.212722
0.111592
-0.778183
-1.70457
-0.396814
0.236315
0.952555
1.25691
-0.802644
1.06571
-0.0313027
2.78157
6.73457
2.42968
-0.058045
-1.02485
-0.923735
134.861
0.723525
0.506479
1.33909
-4.13802
-0.855626
0.553312
1.09349
0.234851
0.686428
-1.2633
0.446101
-0.547356
-0.741095
0.480682
2.26848
0.459624
-1.06338
-1.63168
-0.230012
-0.191059
-5.37036
-0.02516
0.138744
0.511626
5.78438
3.39503
12.7461
-0.585555
0.273985
14.5898
-0.456874
-1.20813
-1.1651
1.42951
-0.337065
-2.29937
1.30488
3.83111
0.147868
-1.3581
-0.27029
4.56137
0.0866258
-0.239612
1.21626
-1.02427
-0.961089
-0.294135
0.567017
0.991938
0.228783
4.95883
-0.532218
-5.99374
0.698109
-0.33983
-0.16868
-0.60852
-7.29539
4.40169
0.893223
10.2626
0.784979
8.36776
21.4078
-0.028811
0.09438
1657.7
0.464612
13.3072
0.760433
0.50508
-2.07111
1.33061
0.680415
1.90169
0.48412
-2.81115
0.739994
-1.62061
1.0516
-2.49374
-0.809983
1.07326
2.13229
-97.4054
0.0314768
1.75747
-1.59122
-7.12573
-1.68685
1.22161
0.809404
0.84571
-1.05638
-0.378987
4.02435
1.53152
-3.00271
-0.139081
-0.934103
1.57075
-4.40637
-2.66094
4.99388
-5.68078
0.208613
-1.17098
4.81363
-4.78975
1.5343
1.1099
0.410274
2.73205
0.942776
17.9845
-0.066595
-0.2118
-0.68696
0.491368
-0.778028
-0.107911
-1.78684
1.1321
-80.0678
2.38114
0.144661
-4.45441
-0.229485
-1.24798
1.01542
-0.755289
-1.69359
2.98329
4.71126
-0.393664
0.039851
0.373366
-0.0211422
-0.927617
-0.452558
-18.0982
-61.357
1.96741
1.53054
-0.16149
0.146635
3.5498
0.361415
-2.44952
0.302509
-1.77811
1.0617
0.947698
-0.0863155
-1.06827
0.502734
-3.03117
1.90904
0.633615
-0.330256
0.715967
-0.120131
6.19269
0.959765
4.29352
-0.809028
-5.07258
2.68977
2.2282
-4.69879
-0.778047
-0.281343
-0.595068
11.4036
-1.41065
-19.2251
1.23473
-1.69775
0.55161
-0.674138
8.69172
1.20796
0.56993
2.19466
-24.0676
-2.27133
11.7504
1.04584
-1.68316
-0.424527
-0.169105
2.57332
-30.9881
1.21534
0.601451
-0.94998
-0.947362
-16.1751
0.527593
0.403026
0.903988
-1.03616
-5.79747
0.564839
-4.14452
-0.0224125
-2.22111
27.5787
2.57137
3.18296
-2.50206
-1.08918
0.799113
4.3654
-1.28531
-0.844404
0.576986
-4.1195
-0.413779
1.27459
-0.31676
-1.59509
-0.076242
1.15578
0.330728
-0.926518
0.264177
4.97438
1.25197
-3.55009
0.0378455
-29.5633
-0.202249
-18.2053
1.59753
-4.76133
-7.13922
0.239568
0.39934
23.4758
-0.446098
1.55337
3.79048
0.0290506
1.52914
-5.49417
-668.592
-1.20937
4.73283
0.576519
-1.57777
1.67168
0.549084
-0.177612
-1.57456
-0.08293
-0.000853
-1.16305
0.389662
-1.22294
3.09924
-0.0827055
-0.345842
-0.316067
-0.806848
-0.07257
0.336322
0.07932
-2.06221
5.92251
-1.3931
-1.47464
0.0320327
17.3754
-1.6458
-0.081825
92.9526
0.376354
1.37134
-0.708939
-1.53559
0.578624
-5.11139
-0.668952
0.949488
7.17499
-1.34883
16.9108
1.06463
0.478269
0.0942042
-2.02497
-11.9568
0.68171
1.92233
4.1801
0.091608
0.130493
-1.05615
-0.244583
-5.62675
0.535745
-0.502986
9.9533
-25.8444
0.691925
5.92028
1.07938
0.796932
2.19578
-0.591585
-0.0443227
-0.059332
0.320235
1.16511
-1.73064
0.050677
0.59298
-2.98276
0.60964
-0.28934
3.1029
7.75311
-0.680028
-2.26491
-1.78903
0.208639
-1.24314
2.68084
0.387488
-1.7117
-1.19555
0.324051
0.341609
0.259988
0.77589
-0.49865
-2.13124
-3.35988
0.860895
-2.46174
-1.03734
1.07927
0.02311
1.2169
0.14344
-9.57403
-0.413049
-0.40812
0.282296
2.14356
-2.52395
0.167088
0.50008
-0.027248
0.197549
16.272
-42.6339
-1.3206
0.172529
-3.22101
2.92863
-4.07944
0.905319
-0.785052
0.0612765
-1.43702
0.675292
-3.54205
-0.762761
0.143467
-8.4855
2.20643
0.613447
1.04196
-4.39005
0.488151
-1.25958
-0.719749
-0.532631
3.48987
0.394246
-2.8221
-0.240228
-1.17461
-0.455596
2.70152
-0.5261
0.848904
-32.2363
22.6154
1.6357
-0.26022
0.14769
5.65795
-0.191049
-4.34222
0.473742
-1.5678
-0.76617
2.09049
1.03168
-197.696
-0.875275
0.031854
-4.19292
1.31593
5.1258
6.31836
-2.26159
-0.935447
0.160518
1.73704
-1.61844
-2.9406
-1.91954
-0.233368
-4.88553
0.314234
0.655115
-4.50301
0.0124275
0.837624
0.730416
-0.764358
-0.15647
0.871992
-2.32745
-5.14958
-0.785353
-2.54573
0.23591
-0.052414
1.1304
0.75984
-15.7994
-9.53208
1533.65
-0.903799
-2.33443
0.62741
-1.40003
-0.245345
0.3599
-1.55938
0.444325
1.04359
-1.43731
-0.0919965
-0.163856
-7.92952
0.160626
-0.00397
-21.6941
-0.329543
-0.954009
2.3416
0.0793156
0.074464
0.278343
-0.320827
-1.825
-1.71893
8.27647
2.6466
-0.323891
-4.4878
-2.37537
0.774954
-3.40808
-0.758595
-0.983395
-10.9973
2.84931
2.07071
1.08003
1.62192
2.08048
-0.530455
-2.08934
-3.46076
0.407987
0.492855
-0.24554
-1.1909
-0.807146
10.5211
0.0207885
-0.225247
-0.32309
0.884848
-1.28952
0.537985
-1.73867
1.8311
-0.654937
-0.410876
0.338441
1.75242
-1.66379
-783.173
-11.8506
11.0544
-1.94615
6.04425
1.18799
2.66707
14.6432
9.4911
-1.50296
0.832417
0.41186
-0.074408
0.897107
-9.61769
-4.26487
-3.62596
-0.34342
-67.7232
5.33897
-2.62985
-1.313
-0.097403
0.55119
-0.44486
-0.937337
4.05332
7.52017
0.263229
-0.377902
0.176383
-1.20771
2.3061
-1.32117
0.441541
11.3113
-1.91476
1.3565
1.79019
-0.517173
-0.161982
0.551639
-2.17337
-0.0716885
14.5259
-1.77659
-0.205208
10.4143
0.527925
0.390993
-0.129404
1.37411
-2.42065
-0.352432
0.217351
-1.08866
0.310319
-2.81553
2.16073
-1.83122
2.82182
1.30271
-0.868625
0.433613
-4.51869
-3.30818
0.89823
1.0959
-0.557438
-1.79882
-1.7921
0.882622
5.01059
1.34562
5.21854
0.321302
-5.77046
4.36692
-0.279668
1.50493
-2.37163
-1.29971
0.12658
-0.263306
0.654967
-11.3654
-0.0721622
0.388968
-0.163482
0.318861
-2.93576
0.0944215
-58.1465
11.3933
0.28437
0.618429
2.1254
-3.99591
-12.6062
-0.21429
-2.26564
11.6
-5.04704
0.908257
2.19924
0.62706
0.478246
1.67649
17.2285
0.586427
-0.85834
4.84291
-0.314152
-0.31376
-0.26857
6.78097
0.518028
-0.959706
-0.693144
-1.99207
-1.04397
-0.214466
-39.7542
12.8359
-1.18271
-0.271283
0.356785
-0.388448
-0.319932
-0.148471
0.515943
0.03328
4.15278
-0.223774
-0.442499
-0.873396
10.5826
2.54508
-1.13551
0.44995
-2.12763
0.598753
0.902411
1.2065
2.59541
1.25002
0.080996
0.754461
4.26283
3.84873
-0.000175
-0.622548
-7.40229
-0.368528
0.665254
-2.10738
-0.447051
-0.593118
0.793269
20.8336
3.36812
1.21154
-1.42121
0.199773
2.08758
-0.48863
0.807169
0.898603
-0.409283
-0.0429988
0.234305
2.16071
-0.0491711
-571.849
1.35101
0.992865
-1.19322
-1.98303
-14.8237
-0.979915
1.31491
0.682416
-1.05625
-6.7038
-1.64439
-7.18829
0.665047
1.59075
-0.627818
0.19624
-0.461165
0.3166
0.282775
0.61333
0.101557
-1.649
0.849127
0.156925
-1.61419
0.0003075
-0.87845
-0.455554
-0.621452
0.915365
2.34243
2.58449
-0.115834
-0.0853416
0.694955
2.63792
15.8126
1.01671
0.923773
14.5282
0.09834
-0.824013
-0.601341
-1.38187
0.849749
0.206756
4.53451
-35.5498
1.02658
0.563882
-0.210207
-5.54301
-0.503245
-1.42879
0.78235
3.4466
0.3845
-16.4538
0.235437
-0.870424
-2.85524
-1.50341
-3.90281
-0.122449
-0.542341
3.0103
-1.3838
0.090773
-0.18949
-0.926705
0.423188
-1.25595
-0.170178
-0.26627
-8.13363
2.99563
1.74629
-1.69816
0.123069
-0.389555
-174.217
-5.91084
0.117006
-1.12921
1.5175
1.0994
-0.540351
-0.093145
-3.4758
7.57565
-0.198299
1.20517
1.1248
2.40589
-0.326879
2.86374
0.693832
2.71241
7.46145
1.38393
-1.15452
-2.02908
-8.48843
-0.539261
-0.320948
-1.53246
0.49764
-11.9799
-0.44353
17.7072
0.759167
1.1428
4.03944
-0.129396
-0.10031
3.99512
0.373818
-0.0570665
-0.69501
0.022385
1.39492
0.349969
-0.389596
-3.55935
0.325932
0.533315
-0.344969
-0.531392
0.059289
-0.690223
-23.0549
-0.725255
0.592376
-4.21091
-6.21852
-2.46925
0.353895
2.40717
1.23474
-1.04476
-0.872138
2.82499
5.79073
-7.91893
-0.79913
2.32938
-1.36793
1.01282
0.104426
3.97709
0.477541
1.64255
-5.65429
-0.691128
-6.4074
-1.81709
2.06681
0.631325
1.73499
-0.989791
0.0770004
-0.236858
-6.1996
0.39608
0.642815
1.24458
0.831832
0.338808
1.1964
-0.608436
1.22253
0.90155
0.595998
-0.67264
-3.24338
-4.90405
-1.22538
2.01096
-0.95815
-3.82778
35.5907
9.84636
0.783586
2.95778
15.4709
2.16026
-4.817
10.9603
-0.176583
-89.8338
-0.0944735
0.0489235
0.426335
-0.395822
1.76884
28.0613
-1.85797
-1.81495
-0.671118
15.0917
3.29363
0.440418
1.10797
0.622285
-0.31751
-0.367005
0.695085
0.514247
-10.8404
0.383524
-0.095614
-1.62961
2.9375
-8.7629
3.19221
-14.2386
1.64266
-7.88237
-1.13786
-6.58195
-8.99928
0.96857
-4.95698
2.00539
-0.753644
1.6034
-12.2539
2.17675
10.0843
-0.082098
1.87865
-2.32797
-0.884136
0.896975
-0.005734
-0.41012
14.5144
-8.39529
0.98881
0.255827
0.482512
-6.76585
-0.0372515
262.882
-0.48358
0.12492
2.80461
1.07638
0.398025
-6.19234
0.372401
1.48454
0.847654
10.1525
-0.92412
-1.38736
0.179173
-0.72918
39.5641
2.33168
2.46506
-2.3808
-1.13421
-0.322262
-1.03268
-0.898257
0.151125
1.64586
-0.770268
1.36888
0.0944315
1.86613
-2.5136
1.28608
4.88041
-0.735215
14.5708
0.880718
-4.10293
-0.161754
3.66166
26.9217
0.614001
-1.15693
0.158465
0.467211
-4.02555
0.650814
-1.14273
-3.74274
0.327199
-26.9057
-5.20846
-0.437947
0.738868
-0.65026
-4.26708
-3.33867
-1.66813
1.47684
-0.547085
-1.12361
2.16106
1.9607
0.33258
-0.877076
1.46781
2.33525
-0.000955
0.104739
0.170266
-0.508614
3.48675
-0.017599
-0.608224
-0.611863
-0.126279
2.42451
0.619498
2.43062
2.13072
7.43836
-2.37551
-0.593455
-3.65348
-0.613075
3.69106
-1.55197
0.719486
-2.59863
-3.07241
0.63618
-0.403425
0.3449
0.565606
-0.322174
-0.317683
-25.1876
-1.14669
-0.68558
28.5082
-0.106052
-0.0094445
0.564249
0.279115
-2.19931
0.85054
0.326641
-0.277891
-0.315115
2.75178
-0.494954
0.571672
-0.002355
1.76269
-1.46711
0.722654
-0.334855
0.749869
-0.261968
-29.4193
-0.07325
-2.54794
-0.743022
6.0057
0.160298
-2.65882
-0.696896
-7.92441
6.11219
0.627146
-32.5218
-1.34032
-0.69342
0.51952
3.04894
-2.70378
0.0852627
1.65103
1.80702
1.32183
11.8796
-1.07912
0.282361
-8.32434
0.26132
-1.74519
10.1165
-0.607357
57.6297
0.322974
3.40504
-0.258687
-0.33553
0.0958767
-0.139346
-1.93698
-0.355763
0.177575
-0.729259
0.142105
0.898678
0.478009
-0.463952
2.34048
0.383485
0.806762
1.76693
-3.86715
5.83288
-0.720101
1.30824
-1.72976
1.89437
0.773247
-1.4993
-32.0122
-1.23248
1.03286
-0.962679
-1.17533
-1.53488
0.65565
-0.490735
-0.072183
1.30444
-0.181485
0.392694
-8.48026
0.535707
-0.672621
1.04668
2.89468
0.808401
0.421485
-0.665617
-1.78469
1.51808
0.470981
-0.32513
-1.01083
-0.881699
-0.979235
0.179853
0.777096
0.472575
0.604216
-0.197259
1.20732
-0.086975
0.546436
1.25768
0.499875
0.147471
1.51915
-1.99305
0.625768
0.330252
95.9265
2.62452
2.83144
0.692673
-0.05123
-6.37323
-0.0358555
-1.77957
3.25587
-6.98531
-2.29479
-0.560226
100.877
2.15206
9.12051
-3.01871
-0.590574
-91.3887
-1.91109
0.841612
-1.57478
-1.90538
-0.20427
0.256613
-4.12413
-0.144406
1.4465
1.02412
0.979643
-3.17832
5.36457
-0.417215
3.21935
-2.57727
-0.018148
-0.6638
-2.04924
-1.21321
1.33015
-2.91909
-0.806725
-2.15733
-3.88452
-8.2847
-0.104813
-3.30159
-0.349407
-0.539496
-4.48156
0.50018
-8.58171
-11.9397
0.0829345
-2.3544
4.02083
4.40638
0.04888
0.9921
-0.464419
0.27002
-0.0884225
-0.319148
0.10602
-0.323086
3.60609
1.99807
2.7185
-3.16822
-0.26851
-1.48728
2.7896
-3.17877
0.0587
-9.89654
0.245584
-3.36513
0.0404985
-0.616945
1.28587
-7.07397
7.59144
-2.44796
-0.562005
-0.667988
0.43458
-1.48979
0.127205
-7.29027
1.47762
0.699363
0.570789
-19.7898
1.15272
0.0510325
-1.55111
-0.690849
0.88836
3.24016
-5.11376
1.09464
1.02273
0.656796
-4.10026
-0.599516
1.69691
0.618917
1.32971
-0.721912
1.29301
1.20095
-0.316847
-6.12579
-0.00977615
-0.166086
-1.23135
0.536013
3.45518
1.01699
1.14173
26.1232
-0.21185
-0.354776
-2.75212
0.49089
-4.96383
1.74389
-1.49094
-2.10385
-1.06857
0.371684
1.8785
-0.055948
0.200155
-0.833381
-2.18023
-0.680115
1.69798
-3.7207
20.8583
4.79881
1.35681
-1.12697
-0.517105
2.1219
0.0412065
-3.88599
0.946634
-1.15281
-0.44779
-0.921965
-0.15485
-9.79612
-0.110695
2.13019
-0.37879
-1.22993
-0.074468
-0.333626
-0.20643
-1.19686
0.108413
0.710766
-4.12394
-0.832551
-2.86528
0.0142755
-0.341667
3.59499
3.8125
-0.54831
-1.42875
-0.953276
-0.461533
-1.5223
-0.06909
0.0861545
0.222096
1.78328
-1.09182
0.88505
0.744248
1.31276
0.324261
2.25077
0.96314
0.613737
-0.062184
-0.91847
-4.39985
0.104603
-11.2694
1.28435
-2.83415
0.49469
-1.03076
0.819524
0.0971414
1.15321
1.02105
2.00086
-7.62397
-13.3651
-0.780598
1.78917
1.06546
-1.50996
-1.98995
0.445561
0.397892
-0.493664
-0.455366
-0.277606
-0.752802
1.06762
16.8076
4.78872
-0.678577
-2.532
-1.91134
16.0685
-1.28185
-1.96281
0.685121
-0.758023
1.18149
-0.599551
-0.713422
4.3672
0.0002418
-0.329349
0.0388935
-14.1119
8.42863
0.0609715
0.0643634
0.157092
-2.36199
-0.722144
-291.794
-5.07876
-0.319928
0.007691
-0.241577
6.69328
-0.0564976
-0.324746
1.80928
0.745726
1.96672
1.41795
-1.4728
-1.43109
-0.257233
-0.991167
-0.294607
1.05205
-2.42857
-0.265236
-2.2357
-0.121025
11.1602
-3.27429
1.40523
-0.808925
10.1891
-0.986582
1.1356
-83.4941
0.940701
-4.96795
-2.74578
0.147067
-0.879186
1.58486
-0.06344
0.917506
-0.062431
12.7644
-1.23043
-3.20607
-0.942505
5.18904
0.435624
1.07086
-0.561696
7.04176
1.11588
-1.26529
-1.77455
0.0041018
-1.07002
0.335834
8.26926
35.8688
-1.25928
-0.0856205
-0.455242
1.2517
-0.884001
0.027952
-77.11
-1.00368
4.44053
0.324964
-0.455381
-0.0758365
2.11722
1.18321
-0.104536
-0.94755
1.85715
-1.95545
-0.987643
0.526499
-0.725165
-0.268603
-3.61697
10.9606
-0.638147
-0.614351
-1.13307
-29.6769
-0.842715
-17863.9
23.0668
0.45942
10.9157
-6.77804
-1.14609
-2.96781
0.04326
-0.178393
-0.717645
-1.73962
2.92742
-0.000944
0.021873
-36.6193
-1.20571
-0.269853
-1.45351
-1.05742
1.61231
1.19349
-2.05648
0.337062
5.64108
-0.93543
-0.618129
0.522088
0.0647305
-2.48651
2.21507
0.546012
-0.454088
3.65104
0.553505
-0.31992
1.77186
16.5279
5.31633
0.256011
4.09016
-1.67656
-0.970971
0.859015
0.822454
0.971735
0.949143
-0.525782
-0.297233
-0.928488
-4.61087
0.793675
-0.507018
0.594194
0.215013
-0.107868
-68.1082
0.914861
-2.84074
-1.26843
2.39663
-0.981858
-0.839372
-0.598077
-0.138644
5.72394
-0.542265
0.42472
10.3065
-0.907721
0.0119315
16.3859
-0.119105
-1.11811
0.866619
0.564168
-1.12449
-0.321513
-0.941894
-0.0557775
0.268615
-0.627633
1.11069
-0.050946
-0.335226
0.419715
1.60309
0.00194335
0.094554
19.2819
-4.65693
-7.91906
-0.895015
-10.268
1.29216
8.55452
-0.259847
0.68647
-0.497282
0.083431
-0.535219
1.21239
1.48052
0.152375
-0.14382
1.29999
-0.099485
0.109915
-0.792882
1.45902
-0.98671
-0.578194
-3.07986
-1.64782
1.48987
3.9735
-1.04965
0.602623
0.357295
-0.65393
-11.0885
-1.37223
0.47905
-0.0403127
0.68461
-1.2597
-1.7306
-0.384627
1.7093
0.851123
0.833922
1.6459
-0.75088
-3.1112
0.199099
-0.630299
1.25236
1.06685
1.06032
-0.103551
0.684845
-4.44313
-0.75969
-49.1929
1.39332
-0.37126
-1.00659
0.487955
-0.216043
4.22136
-5.74759
2.91181
7.41227
-0.643939
2.90655
-0.160865
0.411213
-1.118
-0.279981
0.155
-0.691663
0.264952
-0.199443
-2.77981
1.04313
-8.53363
-0.0943565
-0.37004
-3.52483
-0.0396035
-1.29422
12.6061
-1.62584
0.593831
-1.41168
0.270252
-2.04396
-0.101129
-0.449191
0.391333
1.45899
0.034385
0.287444
-1.47946
0.221457
-1.14791
8.55673
-0.381271
2.25412
-1.24089
0.569929
1.38759
1.23975
-0.399304
0.35535
-1.90491
0.0973885
-79.1912
-0.345886
0.735537
52.8124
-0.937218
0.976681
0.507702
-0.347819
-106.514
0.29135
0.194486
64.6387
2.86773
0.163427
1.45536
1.03314
0.549852
-0.0621535
-0.028405
-0.940777
4.65338
-0.650716
-0.629478
0.305564
1.11686
3.49764
-0.686873
0.884358
-1.39485
0.179351
-0.936297
0.155556
-2.29323
-4.53603
1.57536
0.827997
-117.368
-0.095795
1.21373
-1.44428
0.25032
1.53203
0.722044
-1.34787
-0.8518
0.603102
0.846554
-0.0141428
-0.786612
0.879987
-1.0168
2.94184
-4.584
0.37726
7.0166
1.76677
-2.77778
0.640066
1.29838
2.71672
-0.319905
-3.11486
-1.61369
-2.22104
0.669405
2.04899
-1.43227
0.0110118
-1.84382
-7.88673
-2.66985
0.130591
0.257134
-0.58749
0.900807
2.03883
0.44992
-0.170625
-3.27377
0.286851
0.931251
0.939186
0.106621
-0.772535
-0.496017
-2.07719
12.5049
-0.820469
0.0176545
-2.94034
0.052637
5.01517
-0.0279955
-3.31391
-0.950998
-0.545346
-1.72618
-0.583889
1.11756
-0.18485
4.83448
-27.5785
-2.30429
-1.5457
-1.3377
-0.277735
-12.0264
1.91061
0.0182905
-0.50527
1.16636
0.942952
0.16217
1.57878
0.294577
-1.67533
-1.00846
0.239924
1.42179
1.55522
2.48806
-0.0975635
-3.74417
-0.412758
0.004755
0.719593
2.4246
-0.311796
0.14694
-4.73417
5.37955
0.244223
1.61109
0.28294
2.29569
0.909245
0.0396315
9.25941
1.41375
-3.72841
0.585772
-0.33662
0.618354
-0.63378
14.0627
1.66853
0.246166
2.57616
-0.87539
0.783901
-0.328453
-3.76667
1.7454
14.9747
2.92498
-0.295023
0.374805
-1.33711
-0.177235
2.55103
7.51491
-5.09455
-0.619134
0.176882
4.6823
0.719909
-0.768148
-1.55184
3.91918
-2.25318
13.7116
0.666726
-0.0255345
-0.078695
-1.18828
5.90687
8.72969
-0.458593
-6.02308
-1.65463
1.46056
1.35331
0.0514862
-0.450506
-0.461029
-3.23145
2.50518
-23.7286
-5.72114
3.62109
-0.951257
-4.38685
1.8061
3.69698
0.911706
-0.528616
0.40228
-0.750399
0.433929
0.32304
0.308922
3.14125
-0.346545
1.37213
-1.0521
-20.2941
-1.99623
2.12281
-0.351498
-0.744779
0.544907
1.02314
6.88011
-0.609875
-2.54058
0.617861
-3.80744
-0.580703
-0.135423
-0.422661
-5.52153
0.326922
2.10648
1.59881
1.14989
-3.64385
-2.80414
-1.25899
5.13968
-3.61606
0.007595
-0.003404
0.121987
0.856795
8.43882
0.0039175
-1.19314
0.559419
-1.00845
-0.662108
0.175994
4.1024
2.1699
-1.45587
-3.07938
0.63345
1.67803
1.02535
-0.218856
0.18019
-5.75597
-2.28496
14.2633
-0.898222
-0.675141
-1.19421
-3.33696
-38.3084
-1.70427
-2.46289
12.3312
7.71858
1.43091
-0.0611401
-0.156079
-6.32366
-0.457136
7.70239
0.274919
0.493627
1.65783
-0.324509
-1.66473
21.369
6.78782
-0.064561
-4.02299
-14.0208
-0.89581
-0.273079
7.76877
-0.90898
-0.354339
-0.595182
3.1392
0.41306
1.33605
-0.769259
0.274266
1.60506
-1.16686
1.03327
-4.44365
-0.439606
-2.10441
-6.90221
1.20165
-2.57648
-1.79963
1.17923
0.292489
-1.76815
-0.40436
0.799439
-0.726932
-6.38238
-0.10879
-2.30411
-0.391715
0.817613
8.45976
1.05806
-1.97768
-2.99395
-0.253523
0.740683
-1.51771
3.45978
2.59881
-2.35677
0.358556
0.290221
6.01584
-1.73984
-1.24401
1.0694
0.695839
-0.884495
-0.716619
8.26875
-0.232998
0.24755
-0.0544135
-0.364028
0.984444
-0.245554
1.15318
-1.65779
1.03956
-1.04714
0.360519
1.60172
1.87396
2.31713
-0.919482
9.0144
-0.296511
-0.728964
0.352924
-1.27822
-0.352575
1.55907
-1.96544
-1.61181
1.34206
-34.9105
-10.9746
2.37638
-4.16125
0.687342
0.403655
2.85722
1.98878
2.07014
0.2398
2.45729
0.385631
-0.192509
-2.42675
0.513424
-1.14254
0.224728
-0.011555
3.44806
7.62874
-0.0166875
-1.07935
7.60092
0.618758
-1.53141
-0.678146
-1.85774
-0.51805
-0.60222
-2.31856
-3.14805
0.98834
-0.203911
1.00595
-0.402904
7.64006
0.337986
3.53835
20.8443
-0.0003675
0.303104
-0.131285
1.376
-0.756945
0.759307
1.15239
-3.63758
-1.05447
-1.77526
2.83365
-1.78555
4.3438
-0.721036
-0.891348
-0.744317
-0.342884
0.641607
8.32654
8.75765
-5.19796
0.725343
2.59421
-1.78018
12.9205
-9.41151
269.449
1.06047
1.68223
5.05335
-0.397665
10.8963
-9.46703
12.6773
-0.0810925
1.28282
4.47137
0.155991
1.06899
4.18785
-0.913777
0.449622
0.953875
0.56805
-2.14731
2.30857
1.38633
-1.845
1.00825
-0.374766
-1.21694
-1.15621
-1.9429
1.06026
2.95165
0.069987
0.855773
0.954592
0.498155
21.6884
10.6936
-3.55486
2.50061
-2.50693
1.48005
-1.09675
-12.7035
-0.731434
-1.09162
0.29833
-1.92966
0.631
-5.89674
-2.3563
0.359942
-0.671485
0.114503
0.346558
-0.70375
0.218232
-1.83582
7.55144
1.75789
-3.11364
-4.69699
1.27044
1.24994
-12.2978
-0.0990475
-2.0165
0.60724
3.93951
-0.957651
-2.06001
2.03048
0.0742909
-1.83916
-3.91327
-0.192835
-0.814595
0.221059
0.562394
-1.57151
1.23856
-2.91561
-0.506827
1.95811
0.465969
-1.01542
14.8629
-2.75779
0.291559
2.04384
-1.00672
-0.0971725
-0.203453
4.12509
-0.0404632
-1.38261
2.47912
-1.07772
1.18548
-11.1438
-13.2779
0.185892
-0.359861
-1.07319
-0.401649
-4.15598
-0.788986
-0.435022
0.880625
-1.17544
-1.2745
0.880119
-0.618038
0.586815
-2.14558
-0.870618
-0.488168
0.240547
-1.01734
0.37921
-2.65422
-0.546159
-2.33152
-0.715367
2.90255
-0.062714
-0.439786
-5.42956
0.83458
-0.330542
-0.64085
-2.46474
3.96441
-2.38964
-1.8074
-0.220395
-0.295723
0.294194
0.665804
-2.06575
-1.04101
28.6486
1.0613
2.26645
1.97584
0.121134
-1.68966
-13.2255
3.5185
-1.91845
1.37021
0.870594
-1.88601
0.962152
1.04305
-2.43137
8.39185
2.23971
-0.461545
0.0201515
-0.071783
0.712941
-0.527082
-0.425172
-0.44197
0.274207
14.524
1.10439
-0.528178
-3.29181
0.650071
2.16666
-0.0505195
-2.40453
5.0257
-0.203518
-2.04947
0.18553
-2.78064
-0.603735
-0.631858
1.96534
0.617793
0.192605
-1.02475
2.48726
1.6949
-12.7788
-0.351726
-1.35537
1.56494
-0.294488
-4.57643
0.658912
1.10433
-2.08565
3.80048
0.737703
0.638042
-4.18139
-0.023461
7.49858
-1.57674
-23.7452
14.2002
13.1874
0.363643
0.310868
-12.2897
-0.250338
-1.61623
0.29951
4.59996
1.71512
-0.897093
-0.174823
2.86725
1.07172
-0.264383
-1.42115
3.90475
-0.57095
-4.9451
0.894926
0.874522
-0.453322
4.99812
-0.878844
-13.3123
-0.815293
0.359873
-4.8124
0.647339
0.147511
1.85695
0.385022
-0.0808668
0.763523
-1.12797
-0.580424
-1.08266
-1.61749
-50.6652
-0.230814
9.66173
1.39685
-0.0489975
-2.17563
-2.60998
2.12697
1.77918
1.21552
-0.332083
-0.550559
-0.319241
1.50791
-1.54018
2.35683
0.23128
6.93569
-4.56541
0.362568
-0.119259
0.417002
-1.94183
-0.062337
-3.24553
-0.297236
-1.19712
0.358685
-1.4987
24.1794
0.34875
0.585593
2.80449
-0.1754
-1.57248
-1.22258
-0.223818
-0.179557
-1.9105
2.87366
0.18431
0.367412
-1.23429
-0.244664
0.280965
-1.02458
-2.53832
-6.48765
0.065432
13.1663
-1.45007
-0.647661
0.430001
0.304881
-0.865536
0.049843
-0.005037
-0.964573
-0.0741775
-0.264637
-0.385043
-0.247312
-0.298733
0.679793
0.391677
-1.12163
-0.445972
-1.57026
0.554675
0.250922
-0.40435
1.98037
-0.696829
-4.73476
4.46238
1.7215
-0.197892
1.34655
-3.86543
-0.013074
3.91651
0.511881
-0.739806
-0.756434
-1.09628
0.256949
-0.564405
3.30076
1.95214
-3.90172
1.85203
0.343826
-2.77272
-0.101777
-0.367609
-0.456992
7.07348
-0.647095
0.290457
3.40051
-1.26185
-1.8013
1.45778
1.56318
-0.980325
0.610717
4.03175
3.62494
-0.0983625
-1.25359
0.935683
0.598693
-1.23872
-0.189673
-2.12114
1.58742
-0.185704
2.71731
-0.938262
1.19091
0.3423
1.15004
1.20321
-0.198775
-8.76726
-0.642796
-0.939843
1.34455
-2.13625
-0.46961
-0.817135
1.26753
-2.71563
9.2418
0.463968
-0.474932
-2.14952
0.270485
-2.09584
0.715635
1.39122
-0.980489
-0.147565
0.823575
0.170544
2.85697
2.40642
4.46804
-0.157726
-1.34668
4.67297
-4.29142
0.0394975
0.57027
-3.86836
2.04517
-0.26867
4.94217
-5.11801
0.744433
0.058454
-94.0401
-0.71095
2.05744
0.749099
-1.54365
-0.752007
-1.58868
-0.380344
-0.821958
0.173201
0.784986
-0.055645
-0.561044
-1.93428
1.90579
-4.83261
-5.20693
2.43162
-10.2306
3.63438
0.454267
-0.029575
-0.0616551
0.725204
6.57971
-0.683045
-1.80478
1.27475
0.943722
0.592911
0.340555
-27.1163
-14.0296
0.33308
-0.319698
1.95276
5.66336
1.23567
-0.583215
-4.75634
4.5221
0.983051
0.509186
4.53554
-1.39844
-0.376273
1.07324
0.49668
-2.08655
0.298935
20.7935
-0.336024
0.612117
6.1177
-0.89068
1.89375
-2.13038
-2.72697
0.405571
-0.8315
5.01357
3.20664
-3.18577
-0.963287
-0.430954
-2.28095
4.04104
-4.85396
4.26093
-0.419725
-1.52384
-2.62172
-0.159664
-0.808381
-1.98751
5.07693
-0.0845306
-1.99551
-0.102619
2.03733
2.23276
-0.161041
-1.41057
-0.115597
3.36071
0.515751
-1.41969
1.11576
-4.12455
-3.86117
-5.12466
-0.535574
-0.189123
-0.938034
-1.73422
0.26875
1.79122
2.35068
-0.748444
0.723624
0.637234
1.79573
2.61494
0.292679
-0.83901
-3.71812
-0.0898795
-2.2383
-0.584375
-0.900189
1.42103
-8.17555
0.829705
-2.21079
-3.10735
-0.0456505
0.353407
-1.49896
0.419666
1.80972
25.619
0.662178
-0.06627
-5.5257
16.082
0.469448
-1.58831
-0.788225
-0.513375
0.797307
-0.355098
0.913292
-5.3958
0.247134
3.06901
0.146586
1.07262
2.46769
-0.559692
1.33631
0.876255
0.405853
1.56129
5.06851
-0.586039
0.857991
0.666125
0.511747
0.137618
0.583166
-8.39385
0.338559
-5.85625
0.122882
-3.81067
0.814771
-0.815306
-0.383151
-5.53173
-2.969
-2.39777
-22.5456
-0.734424
-1.52504
0.296547
54.1465
1.57781
-0.551168
0.112986
0.99571
0.68679
-1.31656
-0.642417
0.697994
-0.59048
2.4303
-0.319546
-1.4544
-2.19612
0.9546
-0.949638
1.48709
0.601181
-0.858013
-0.269078
2.92381
-0.848501
0.399672
1.00465
0.244685
0.220171
-0.152571
-1.45195
2.68888
-2.98252
-0.332783
-0.473
25.4322
0.334459
0.282345
0.339459
-2.53204
-3.4506
0.559507
2.00916
9.12452
-0.053893
1.34412
-1.01123
-0.137047
-0.428156
-0.407199
0.460705
1.60135
-1.56084
-3.99186
-0.6717
-4.1993
1.93973
1.0714
-0.261518
-0.942179
4.52816
0.175171
0.926422
4.16514
43.7327
0.083365
-1.35195
-1.19216
-0.942097
-0.102355
-2.16572
-1.48516
16.8577
2.73216
-1.71581
-0.37507
1.64415
-1.19772
0.727496
-0.50159
-0.531674
35.7583
-1.25579
0.684628
-0.49744
-0.757548
-1.1071
-4.7858
-0.101166
-0.053453
1.34884
0.391768
-1.15651
0.753215
0.511963
-1.63235
814.285
-0.236002
0.907504
-1.54844
-0.16459
0.831525
-2.15987
1.34693
0.146431
28.5887
4.85424
-1.70698
-0.51142
0.40517
-3.09539
0.71628
-1.66439
-0.383213
0.771293
2.82472
0.06641
0.844753
0.31123
0.983592
-1.60172
-63.3502
-0.207713
-0.09248
-1.05694
0.566125
16.3705
0.274778
0.058678
1.14923
-0.805751
0.0525315
2.02386
-0.494347
-1.02963
-0.677137
1.24869
0.208144
0.472032
-0.017524
31.0857
-0.912465
3.26196
-1.66013
0.917366
-3.30579
2.08238
3.07114
5.68307
5.86841
-2.14919
-0.411055
11.1687
-0.0446464
-0.0853815
0.854924
-2.70588
0.181408
-0.764798
1.87373
-2.12963
-1.38483
-0.644517
1.41683
-0.0244495
0.984998
0.195136
1.16154
0.980673
-0.0031165
-2.75119
1.84378
-6.09349
-0.161501
1.81712
0.24489
-0.463035
-3.38555
-3.49342
-2.22776
-12.9704
-0.996748
-0.390777
3.29104
-4.22402
-1.43026
0.461147
1.04215
0.0884996
2.61386
0.764457
0.987819
0.77976
-0.776914
0.979165
-1.79575
-0.728465
0.340051
-1.14578
0.419963
-5.06667
2.94657
-0.771068
-0.636452
-1.20152
0.567838
-0.094002
-1.34687
-0.74165
-0.555648
-1.17674
-1.09133
-3.05792
2.448
-0.16504
1.55262
0.630397
4.21085
-0.0551605
-1.68679
-0.899031
0.667833
-0.0350635
3.39007
0.358358
0.10125
-1.78073
0.146586
-2.22382
-1.0666
-4.87603
-7.45535
12.8726
5.66631
0.652698
1.5588
0.910449
0.354675
-10.1306
-18.1549
-0.407143
-0.161864
1.44483
-0.764556
-0.409041
0.072945
-0.218216
-1.61969
-0.93895
-1.25609
-0.806459
0.398201
1.03536
0.0529682
-0.264172
-0.818985
-1.65104
-3.24672
4.50009
1.1927
2.35432
-0.508466
-4.37191
0.73804
-2.18337
0.234731
-2.06914
0.31871
-0.460007
-3.32022
-0.445942
1.62627
-23.7543
2.45896
-0.040395
2.31567
-0.73938
0.479073
0.27979
2.13277
8.26803
-0.419537
0.0513865
-1.82034
0.512929
0.153059
0.0025905
8.84147
-2.54834
-2.06573
4.77683
-0.494319
1.48697
0.500027
0.22249
0.774621
-0.650419
1.43376
-4.35115
-0.271201
-1.30525
0.179246
-0.680709
-0.36191
2.18937
8.86409
1.39403
-43.0613
2.18076
0.775964
-0.361409
-1.53188
-0.289552
0.659896
7.76286
-3.03217
1.23607
-63.0359
-1.96042
1.16902
-4.28969
-1.44725
0.5983
84.2913
0.238395
0.294128
-2.55654
0.134735
-13.7813
2.22641
1.04016
-0.16206
-0.429637
0.736587
10.1283
-0.943114
-0.981532
-1.91102
1.92067
1.22383
1.21953
-1.66
18.7725
-0.938407
1.48387
0.0874301
10.6712
0.566925
3.68075
-2.10467
-0.525266
0.490543
38.8121
-2.68539
0.448195
-0.88505
-4.57362
-2.96986
-0.0025815
-4.92026
-1.31261
10.6109
1.55973
0.208904
6.62549
1.35459
-0.628211
0.779252
0.458375
-2.09683
0.662382
-0.319299
4.80493
0.564538
0.340543
0.086405
1.62955
-0.827318
4.37941
-0.25155
4.9546
1.86468
-2.46213
-1.52607
-0.447639
1.05329
-0.721702
1.35161
-0.661061
-0.233546
1.39464
-0.359776
-1.21214
0.428875
0.170758
0.988711
0.8747
-1.4148
-0.452196
-0.883447
0.717131
-5.90271
1.51958
1.62549
4.60353
0.3587
0.37988
0.616943
-1.92729
1.6384
-0.544625
2.28807
0.953372
1.12803
0.448794
-0.086122
1.66873
13.6972
18.1644
-2.89637
-94.3521
-0.205139
-1.11923
-0.333265
-0.025639
-2.28363
29.6693
0.15848
-0.731976
2.37657
-0.186101
1.70225
-0.51971
0.848025
-0.0630295
3.95568
0.541022
105.893
1.39246
-0.554336
-1.15702
-0.105483
-1.10774
-0.679082
0.313315
0.110855
-0.695327
-0.02339
0.132646
1.56526
-0.0504107
-1.07267
1.33647
-0.829115
-1.38452
0.439508
-2.45953
0.42631
-2.65115
-0.279313
-1.77645
2.38813
2.56297
-0.182047
-5.25838
0.69539
0.680555
4.55392
-3.56623
-32.6012
-0.495698
0.794285
3.17467
1.45936
-0.822293
-0.899068
-2.16077
0.178887
6.67253
-0.0729168
1.2587
-0.909404
0.07734
3.96661
-0.627794
0.000818
-0.187775
0.911925
1.42075
0.52058
1.04254
-0.197107
-1.4432
3.07889
-1.10754
0.034661
2.08472
-0.091605
2.53575
0.17521
-4.31915
-77.2997
0.58943
6.88083
3.29393
2.18334
1.6678
-7.30023
-4.76137
0.666262
-1.38177
0.0881915
0.185376
-3.67626
0.155927
-8.77849
-0.818919
-54.0746
0.532435
2.01064
0.863969
-2.41397
0.156332
-15.6146
1.66431
77.3569
0.0576935
0.72629
0.140506
-1.47099
-0.129238
0.226434
3.00057
-0.852461
0.551762
0.435641
1.64972
1.5279
-0.750771
-0.629255
-0.0540525
-120.444
1.43768
0.87707
0.865619
1.66729
0.974554
-0.299906
-4.014
-1.08043
-0.883236
0.745434
0.882348
2.14013
0.317424
0.173359
-0.731926
0.985173
-0.0430797
-3.1599
-0.946693
3.02646
0.512315
-0.550661
-1.00387
-3.78477
-2.48239
-0.331524
-2.66171
-2.74843
1.96175
28.1729
0.438042
0.169683
1.93815
1.24707
-0.119764
0.022234
-1.12129
-29.5993
3.36811
0.386763
1.21261
0.076661
-1.07552
-0.247805
-38.0116
-0.86274
-1.35309
0.344905
-2.59126
-1.31219
2.48565
1.67197
29.9009
0.160432
0.406486
1.67446
-0.046046
0.779466
-3.76729
-0.374395
-1.8578
0.868677
-0.276313
4.98046
-6.63162
-0.0197605
0.064835
-0.602275
3.66985
9.04189
16.2675
-0.596554
1.68822
-0.9337
3.78341
2.48658
-2.67989
-0.242738
0.172158
1.38435
0.0818835
0.333715
-0.544207
0.028577
-1.51496
2.36712
-1.47682
1.36675
0.394899
0.147178
-0.667444
0.52984
-0.766178
-17.8281
-0.623161
-0.477924
-12.9254
-0.762546
0.658915
1.61936
-0.0156455
0.163615
-0.109433
0.211941
2.94184
15.7997
0.581671
-0.435946
0.792292
0.596195
-3.908
0.0954346
0.506567
-5.06948
0.122991
-1.12395
0.634938
0.824384
6.08879
0.035302
-1.97496
1.73409
8.77371
1.24903
-0.0425585
-2.05375
1.29253
-6.90851
-0.484315
0.57982
-0.280606
0.146492
-0.17824
0.625865
-1.60657
2.31985
-0.302532
-0.874759
0.501047
-11.6931
1.06474
2.94405
-6.48436
0.35567
-1.28721
23.8081
-0.88478
0.222209
-2.08686
10.6377
2.44991
0.409165
-1.03938
-0.32649
9.37735
0.554814
-1.25977
-0.21427
0.010667
-1.91094
-3.56322
0.788617
-2.33243
-2.31801
1.04635
0.0091975
2.71126
1.96904
0.303425
2.83065
-3.11933
-0.992592
0.796698
-1.01506
-14.6833
-0.0802935
-1.02637
2.28417
-1.37008
-0.475327
-3.91007
0.7148
0.548683
-0.52461
0.649636
3.17012
-1.04424
1.39883
0.353945
27923.8
-0.835885
-6.06866
-0.428863
-6.49738
26.5235
1.34865
-3.31955
0.0535055
-2.17299
-0.341575
4.03359
-0.061733
-6.33048
-0.906856
-2.14305
2.96069
-0.316609
4.71829
-0.124568
-2.50883
2.36764
4.27477
-1.45223
-0.570604
-2.66973
-0.467046
1.19438
0.250434
-0.187226
1.2991
-0.090682
0.98117
-4.81746
-0.949759
-0.379775
-0.130568
-0.326922
-1.66655
-3.34429
-0.457557
-1.34552
-0.280489
0.359869
-1.68608
-0.3507
0.95858
0.189258
-1.0279
-0.23756
5.18258
0.521526
-0.131671
-0.0183395
-0.649967
5.75025
-0.259233
0.0112204
0.018886
-1.17929
-0.400715
2.7042
-2.75331
-1.54111
-0.680418
0.645338
-0.459606
-13.4423
15.3
1.92509
-1.73547
-0.003942
-4.29129
-1.88891
0.393541
0.446315
-0.184967
0.688725
-3.36396
-0.963673
0.552816
-0.19225
0.859611
-0.841939
-1.68952
0.371932
2.45859
-0.677462
-0.820365
-0.0387294
-17.8025
-2.86788
-0.77491
23.3759
1.24079
-1.60442
-0.884115
3.19585
0.205362
3.13079
1.51437
0.234714
2.20621
-0.651394
0.5849
-8.24446
0.666479
1.58353
1.03065
-0.690871
-0.67122
4.57827
0.25515
-0.728846
-1.37532
0.342732
1.12498
-1.27512
2.3026
1.31955
-0.0430405
-0.977534
0.321726
-0.187885
0.586237
-0.913775
-0.25663
0.0602251
-1.47137
0.444191
0.673701
8.38049
9.91644
2.89792
-2.58586
-0.700562
0.70975
-0.16553
2.09347
-0.343858
1.35701
-1.04066
0.18707
0.39862
-0.487305
-26.9287
-0.227208
-1.02526
-0.316714
-0.959917
2.0153
17.706
-0.864417
-0.504317
0.71092
-27.1817
-4.38861
1.95817
-0.015893
-2.92393
-0.111935
-6.7197
0.939272
1.08088
3.4455
-2.23835
0.78069
0.270189
-0.113655
1.43819
-0.9776
2.50618
-0.172338
-0.804075
-0.716461
-3.00798
-0.0298595
1.98732
23.8139
-1.49014
0.348735
-2.54687
-19.1753
-0.717485
1.51649
0.120695
0.249406
0.018406
6.5094
-4.41583
0.180002
7.74639
0.588566
1.44522
-0.171407
0.116575
-0.695135
-0.623436
-1.00017
-1.35987
-1.33103
0.273668
2.49294
-0.620724
0.322375
-1.37063
4.20161
-0.163262
0.845375
-0.922488
1.84341
0.431605
1.15925
-0.0592255
2.41384
-0.0700625
2.11386
-0.117638
-5.25579
-0.741508
0.853738
1.24544
-3.53014
1.54892
-0.642858
0.219935
-9.50693
-0.014085
-0.154678
38.4492
0.926643
0.408669
-1.23367
1.95657
1.20803
-0.618595
285.27
3.22416
-3.93967
-1.50947
-1.36619
0.04423
0.130481
-1.11123
0.156492
-0.240212
-2.75551
0.256524
-0.330402
-0.615424
-0.54492
0.280913
-1.28108
-2.80194
-0.65024
0.233536
-1.32608
4.84454
-0.340921
3.32143
-1.61062
-0.148554
-1.45858
1.70502
-0.464832
-0.123398
1.95352
0.268964
20.6684
-2.48655
6.18275
5.61938
2.16002
0.535151
0.971524
27.4532
-0.392878
-2.4462
2.68788
-0.821168
-1.32136
-1.16182
4.3251
-0.339793
0.833954
2.91943
-0.454751
-0.978537
1.45686
-1.62653
-0.581683
2.59723
-1.11984
-0.39319
-5.02796
-0.247979
-2.89387
2.50683
0.637013
0.62755
8.20435
-0.670786
0.421835
-8.13291
0.543476
-1.18215
-0.465209
0.348336
-1.9333
-2.2497
0.3609
0.922796
-0.109831
3.4794
-0.45334
-1.08476
-0.331256
0.27479
-0.170285
-0.614427
-0.863705
7.58208
0.002822
1.40755
0.555106
3.33064
0.666127
-3.08771
3.01774
-0.153865
0.073572
-0.26504
3.0164
-1.75626
-0.385567
1.44586
-19.023
-2.62306
-0.0176985
2.92298
-8.47629
-2.86082
0.225349
0.251372
0.381557
-2.09092
-1.24294
-0.640956
-16.1148
3.36409
-0.231923
-2.49999
0.743629
2.52652
0.22893
-2.39584
-0.464309
-0.948034
-0.211158
-11.7093
-2.25879
-0.698501
-0.511142
-0.107436
-0.0517705
-9.3481
1.80252
-2.8405
0.509083
46.1077
0.75923
3.0053
3.18834
1.12794
1.39409
-1.61922
-0.471726
1.08095
2.5287
0.554068
1.88627
10.0767
8.28362
-0.464043
-0.614736
-0.204448
9.53051
-11.4835
2.57326
19.6516
0.989774
-1.52014
0.572229
1.18406
-0.029774
0.935606
1.7464
-1.91611
0.0705785
0.133649
-0.094088
-2.33841
1.6825
0.167997
-0.600311
-0.248577
0.924002
-0.837968
698.571
50.7418
-0.528294
-1.52969
0.524637
-99.309
-1.37135
2.33511
-0.101781
-0.212054
0.412154
0.942085
-0.293493
0.051982
3.01209
-0.139
-0.06109
6.15261
-0.924487
-0.300078
3.3143
-0.249422
-18.3199
1.31313
-2.51174
-16.2142
0.67522
2.37113
-0.72161
-0.2497
-1.29677
1.05792
-200.527
-0.205095
-2.02147
-1.93618
-0.669131
-0.313118
-19.7232
-0.198147
-1.49872
-0.426248
1.53847
67.2084
0.596334
-0.918218
0.546648
4.76661
-1.42369
-2.03765
-0.816982
-4.28443
2.53656
-0.973302
-0.66688
0.503001
-0.174085
-0.745705
0.863279
2.63058
1.24152
-4.53272
-1.20036
-1.70928
-0.566042
-0.440555
-0.153264
0.212448
-0.77928
2.76228
-0.502255
0.565002
-1.10194
1.46649
0.650695
3.08163
0.117563
-0.693711
0.581286
-1.08647
-0.613794
1.47002
0.742821
-0.967684
1.14932
2.00477
1.93182
-0.233086
0.607094
-1.17073
0.02917
0.12799
-0.710047
-0.195881
0.224059
1.18075
0.446223
14.4183
-0.37075
-1.16713
0.216258
8.2192
1.71467
-5.54536
1.60884
2.12993
-0.183973
-0.178918
0.659286
1.3685
-0.408469
2.12758
-1.04803
1.76576
-0.0188975
0.416981
21.7547
-1.03852
0.0215253
0.835076
-0.370981
0.28242
-4.36663
-0.076856
-0.258236
-1.65245
0.349433
-13.5102
2.66637
7.52574
-17.0829
-7.88208
0.0500075
1.49656
-1.22158
0.927885
-0.658011
-1.11532
-1.94495
2.14733
5.70128
1.13692
-0.553814
-2.06908
-1.19371
-0.653539
0.670578
0.28439
0.621708
-1.47844
0.789756
0.668924
4.61146
0.138501
-1.81786
0.226229
-10.9014
3.14438
-1.9548
-0.08268
0.115999
1.26549
1.90956
-2.03051
-3.44968
1.99893
-0.463718
0.755865
-0.819477
-1.28485
-0.103494
-0.424895
-9.89967
-1.37211
0.586798
-13.1147
1.41824
-1.16511
-13.2743
-0.287668
0.858389
-3.03503
-1.65331
13.9964
1.25483
-0.813325
-0.202038
-5.24587
66.0089
-0.0850161
0.141734
-0.132675
-0.684364
0.582852
-0.957346
-0.516443
0.44426
-2.00553
-1.50269
-0.531708
-3.30208
-4.11078
-3.75325
-3.51554
0.83185
-1.87139
-0.469137
-0.836801
0.0830115
0.963062
1.77466
-0.170814
-4.08874
-0.950415
0.085752
-0.251014
10.8267
-3.5925
0.24757
-15.4002
0.218302
0.241739
-2.00456
-0.037476
0.275058
-1.74945
-2.17932
0.61618
-2.96871
1.5745
-0.731458
-1.98605
0.0086525
-1.9984
0.553443
-0.010535
-0.884243
0.843159
0.920741
0.706161
-3.00005
-1.41938
0.782896
0.151736
0.363111
-0.77272
-0.958995
5.02191
0.339023
1.17992
-0.176912
2.27616
1.44484
-1.51849
0.470175
-1.55171
0.230067
1.09801
-0.960843
0.801804
-0.102335
-2.71406
0.184436
0.146243
-1.19341
6.78994
8.141
-1.24781
-0.39335
-0.457881
-0.383719
-0.535374
0.779536
-4.78842
-0.425034
-3.02602
-10.002
1.27064
-2.029
1.3627
-1.8736
-3.61608
-0.189619
0.348475
0.173067
-0.592447
3.0504
2.74777
0.48208
1.17751
-13.2585
-0.08691
-0.495777
0.218757
3.48267
11.1458
4.66571
1.05836
-4.28246
-1.48995
0.849575
1.36401
1.08059
-1.38848
-5.20495
-2.41757
31.5008
0.246666
-0.602475
3.33099
3.09285
-1.46388
-0.224255
2.42806
1.49379
1.4474
3.66699
-0.453905
-2.79265
-0.25028
-2.75937
-1.67986
-0.132532
-0.101763
-5.62098
0.645442
-0.177732
0.622734
-1.5095
-0.181155
0.369039
-3.26845
-3.68951
0.638129
-0.450479
0.135651
-2.0846
0.744541
1.12389
-1.08101
0.510506
-17.8858
5.44432
-0.732689
1.51546
-5.236
-3.23975
1.14581
-2.95284
3.45176
2.48158
3.85283
-1.06521
0.588637
0.453156
0.53287
-0.601239
0.951173
-0.313049
1.12082
-0.434884
-0.348789
-1.37712
-0.364706
-0.88206
-169.653
-1.67934
-0.028795
0.0240585
-1.49094
-3.25603
-1.55701
0.8924
-18.7644
-0.54881
-0.751497
0.882362
-4.70871
-0.26169
0.0947285
3.02304
-4.67319
0.232498
0.948305
-15.1944
-0.486582
-1.98875
1.99422
-1.28579
0.494105
-0.002655
0.625308
-1.53744
-17.6309
-1.60946
4.27895
-0.514298
0.592074
2.95455
-1.05499
-4.06076
-0.589792
-0.233113
0.325457
-0.71251
0.280119
1.7302
-2.43047
-1.46838
0.828494
-13.0246
-1.64363
12.9844
1.36883
-2.03177
-16.8339
-14.9771
-2.69037
6.1854
0.154758
-3.60213
0.046749
-2.20724
-3.63015
2.25023
-1.20832
-0.273635
-0.91496
0.265653
-0.828535
1.35122
-1.87802
0.7297
-0.142976
-1.26862
0.53066
-0.865554
4.79691
0.357354
0.706241
-1.52461
1.69751
1.8205
79.9819
-1.04707
0.688726
0.0144435
-0.858173
9.15665
0.620241
120.443
0.108591
-0.313664
1.33262
0.177779
0.660476
2.03454
3.61975
1.08175
-0.465298
2.90972
0.809663
19.1511
0.044906
0.042199
-1.88061
-0.449045
1.69927
2.49743
-3.01809
-0.139566
0.501659
-1.10907
-0.828991
1.5457
-1.58888
4.46784
1.5899
-1.08681
18.4891
-3.66163
2.60846
0.416274
1.15334
-2.00631
-2.30763
-0.31094
-59.3379
5.65326
-0.640613
-12.0105
-6.80198
-9.36949
-32.0573
0.208913
-3.25882
-10.9105
-1.37127
-0.202955
1.5385
1.0143
2.71712
-8.40535
-0.34995
-6.02007
-0.0084665
-0.756961
0.185575
-0.662283
0.465626
-0.442937
0.0241045
-0.48413
-0.525582
0.073834
-1.15972
0.119768
0.349886
0.334931
0.086864
0.489158
0.638865
-1.46748
0.391128
1.25842
-0.01851
2.02432
0.006205
-0.827497
-0.630854
-0.597456
0.174451
3.18196
-1.79945
-0.131369
0.524163
-1.31798
0.434589
-7.34171
0.186285
-0.351483
1.07778
-1.98805
1.18259
0.320873
2.3419
-1.36831
1.52313
0.986161
-0.48146
-0.149025
2.15166
0.898461
-0.01519
-4.11659
0.239965
25.2142
-0.371501
-0.718481
3.92447
-2.94198
0.432329
-0.795026
0.311627
-4.70084
0.80928
0.92517
-0.942434
0.059428
0.253195
-0.453686
-15.8861
-0.676572
51.5588
0.598188
0.638896
-0.281336
0.98927
-0.118206
0.150225
-2.28336
-0.585137
0.549561
-1.49215
-0.282197
-0.231185
0.703768
0.095057
-1.55154
-0.524346
-0.851213
-0.284297
0.519875
-1.8533
-0.869572
0.252057
0.588423
0.502474
-1.76771
-12.0073
4.31485
0.110486
1.04209
-1.25463
0.835082
0.932811
-0.391755
0.329219
-0.0976315
-0.187771
0.589881
-0.202634
0.355342
-2.10467
-0.419036
0.222994
2.30886
0.352069
1.25237
2.5369
-9.80218
-0.908104
-0.0629685
0.0124505
15.0858
-33.1609
4.00074
-0.843956
-0.633947
0.664839
-0.419814
5.98554
0.0560874
-0.309095
-0.218255
-1.34163
-0.197555
1.44428
1.00322
0.0021315
-4.42508
-1.54662
-0.0056475
0.023335
-1.39597
0.292116
0.739757
-0.334921
-0.559375
0.151624
0.313164
0.587404
3.76721
-2.16853
2.64979
-0.399189
36.6957
0.642115
-1.33575
-0.0709765
-23.3348
-0.002443
1.87754
-0.325016
4.39181
-1.05929
0.128008
-0.577902
-0.002165
-30.3464
-0.266655
-0.88694
10.32
-1.69688
-0.305905
-1.15202
-1.51744
0.049718
-1.3181
-0.167423
-1.13934
-0.962205
-3.1722
6.73277
-1.04644
0.995642
-0.475747
-1.13702
0.454609
2.86619
0.757204
-0.822529
0.354746
-0.235371
-1.33088
-2.35754
0.367637
0.489797
-0.481844
3.48907
-1.47704
-0.376415
0.481395
-5.95346
2.85258
-2.70712
-4.69646
-0.0575935
2.29932
0.465709
3.12543
10.6284
2.32954
1.74296
-4.67788
2.5554
0.652995
0.003965
-1.15009
1.00614
-0.552145
5.17694
0.2264
-2.71888
-0.0844692
-4.67934
1.0286
0.778058
3.32261
2.0258
-1.55099
-0.009355
0.200525
-1.42392
-0.243262
-0.185414
1.77181
0.037725
18.456
-0.993763
0.03204
0.174006
-0.808105
0.283057
-0.189952
-0.128049
1.64069
-0.918849
10.4394
-46.1633
2.56868
0.285274
-0.881615
0.813185
-1.5062
-0.0801515
-1.18828
1.24288
-1.27756
-1.07095
-0.08462
0.708788
0.028823
0.378226
-0.813773
-0.288249
0.0340535
0.184463
1.30034
-0.82292
0.87542
0.931931
-8.88094
7.4329
1.55532
-0.631382
-7.28629
-0.829343
-0.500782
-14.8326
-2.76182
-2.66824
-0.66779
-0.174138
-0.273222
-0.464157
0.565762
3.15555
-3.19047
7.60332
0.0506765
1.99851
-0.757518
-1.38693
4.86532
-2.82134
-16.9775
-0.160606
-1.00612
-0.043769
0.01605
-2.51705
-1.98324
5.20101
-1.0374
8.45181
0.748089
-0.495432
0.214752
-1.02357
-35.049
-0.668292
1.59912
-0.651006
0.757277
0.0366415
16.2986
-1.98724
8.2415
0.243417
17.5711
-7.06195
1.00747
-0.980665
-0.387164
-1.65899
0.204545
0.0235235
-0.662584
-7.72251
0.871716
-0.569086
63.8112
-0.264669
1.57846
1.9792
135.32
-0.363384
0.714519
-1.56947
1.7487
-0.0411565
-7.22457
2.23037
2.41595
-0.849032
-0.0197131
0.292831
-2.79796
0.759019
-5.64758
1.62428
-4.60135
1.36981
1.66738
-0.731669
-2.36431
4.45039
0.392835
0.182608
-0.648265
-0.0808209
0.46835
0.2147
13.6715
1.85703
4.94543
4.3323
-0.225065
-0.821918
0.170039
3.20737
-0.563774
1.12204
0.077106
0.1549
-4.71176
-1.54162
-0.167625
0.0371135
-0.935229
-0.878959
1.9869
-30.1913
0.292444
-0.369885
1.07043
4.66434
-1.37104
1.92647
0.40483
-0.60653
0.361146
-7.78039
-2.03
-0.414321
-0.14151
0.0109177
1.25302
4.07892
3.42432
4.97922
-3.0563
-2.83057
3.42323
-0.215955
0.092232
-3.83597
2.00982
0.0695005
0.184392
0.255016
1.40811
0.087675
-0.367783
-0.736029
-0.225025
2.03066
-0.864711
0.602868
-0.917204
-0.685187
5.08811
-0.651347
6.44972
5.4102
-0.590209
0.0299355
2.64184
0.233594
-5.20692
0.15769
-0.644957
-1.84234
0.627288
0.525952
-1.42079
0.763935
0.300816
0.639119
-0.154105
0.32662
-1.45273
-4.80826
1.37922
-0.866144
-0.933885
-0.560945
-2.59269
-0.291077
0.476832
2.8871
0.334027
1.99011
0.81163
-0.110625
0.410495
-0.31186
1.93681
3.35758
-0.23763
-2.27686
-0.206575
1.99381
0.569315
-2.2176
-0.447475
0.222452
2.15302
-0.043539
3.78832
1.06167
-1.41689
3.7567
-0.748272
-9.38761
0.778856
-0.014652
12.3242
9.59884
23.4831
-24.8399
18.908
-0.802037
-0.803513
-1.15255
-0.982766
-0.585847
11.5793
-0.610585
-0.060742
0.68687
9.76751
14.3805
-0.0062115
-0.741811
-0.580002
-1.02629
0.0995785
10.182
0.0710705
-0.155647
0.642075
1.38922
-4.27029
0.560501
0.562959
-1.35193
-0.603003
0.590348
-0.315129
10.2474
-1.30151
0.808221
0.0821725
-0.483083
-0.656772
-0.274421
-0.696955
1.24716
0.617579
0.0762479
2.05727
-4.13771
-0.616243
-1.82173
0.732494
1.36087
0.941787
-1.44243
-6.52638
-2.18098
-1.24376
0.396904
-0.09426
0.446754
-0.041505
5.37845
-0.646763
-0.569935
1.08307
-6.26899
6.59847
2.72576
-0.883421
-2.00838
-1.60201
0.164702
0.097807
0.476148
-1.44901
-0.824825
-13.7541
-7.14364
12.7661
1.49703
1.2862
-2.04719
-0.889415
-1.67781
0.035743
-0.133068
-6.37405
-1.56915
-7.58061
-9.44138
-1.38376
-0.503918
1.27242
2.46183
-2.63646
0.497352
0.682294
0.833888
0.636019
-1.23169
0.212936
5.30441
641.169
3.99952
-3.66275
-0.776103
0.903479
0.509615
1.20334
4.86556
-0.120821
-2.36238
0.678775
-0.0391718
1.10468
-0.368888
1.16716
10.6335
2.48197
-12.2921
-1.03754
-0.399932
-2.81924
0.72915
-1.71108
-0.676806
0.326945
2.7322
0.000395
0.680316
-0.444775
0.315495
0.9229
1.49003
0.259147
2.87863
0.676605
-8.08467
-1.06708
1.48545
0.53323
0.563372
1.61714
0.594124
0.132484
1.35345
4.1881
2.55161
-1.03683
-0.572922
0.38043
2.16027
-0.267601
-0.187538
0.386316
1.56293
-0.116766
-0.655781
1.06113
-0.672105
6.74703
0.282171
-2.1708
1.50705
-0.77357
-1.68112
1.54895
2.54955
-1.38126
5.18697
2.58432
-2.22474
0.543002
0.024917
4.14684
0.940839
0.48327
-0.0613285
-2.31236
-0.906667
-2.5527
-2.67182
0.896597
-0.781852
-0.965901
2.64192
-5.66835
2.60066
1.4985
-0.819366
-0.580526
2.48875
0.893803
1.5678
0.413714
-1.28858
-0.0966575
-4.0427
2.50742
-6.09715
-0.5494
-1.22185
-0.224076
0.651396
-1.10891
0.438764
3.51985
-18.2936
-0.0044935
-0.382104
12.2363
0.496098
-2.41167
-5.40132
0.866555
0.146005
-0.92994
1.52572
-0.277883
0.87283
-2.10753
0.357742
3.43606
2.52636
-65.8488
-1.56548
6.59361
-2.51597
0.515926
-0.964074
-4.60554
-1.0705
-0.438803
-1.74359
-0.276855
4.1712
0.429644
-2.21089
1.53156
0.270228
0.169695
-1.39432
2.12517
0.628271
0.339771
1.24765
-0.291681
0.006675
-0.00189
1.02548
-2.00616
-0.062645
-0.461103
1.15747
-0.53679
0.777825
-2.13213
-0.351675
-1.03359
0.242019
-0.0358105
3.22293
30.6218
0.963864
6.28518
-0.020032
0.329248
1.08612
-0.0596911
-0.7668
0.109495
0.453006
2.35502
2.83915
-1.06389
-1.47782
-3.08524
0.16093
-0.632418
-0.797553
5.59513
-1.20856
-1.28981
0.251018
0.539734
1.40745
0.129705
-1.35295
3.28796
3.75798
-26.5787
-1.27809
1.75427
1.1532
1.35566
1.59598
-0.283263
-0.1278
0.335523
0.17564
-0.222637
0.357963
0.499887
9.78485
-1.0974
-1.74503
-7.17406
-1.18336
2.36055
0.860801
3.00458
4.2123
1.49523
0.527599
1.99857
-0.255077
-4.78161
13.2584
4.7323
1.10605
1.07035
0.230793
-0.319066
-4.96167
-1.09729
0.0280815
3.36762
6.27132
-0.361078
0.104502
0.324848
1.28176
5.13364
-0.851562
-0.15354
2.24061
11.6326
-0.43924
0.691857
0.025386
1.22233
-1.22114
-0.81812
-6.52116
-0.619468
-0.02074
-3.09467
-1.20168
1.63171
0.435395
10.6435
-0.42126
-1.27269
7.69838
1.8884
1.10745
-9.73297
0.230666
-0.304806
-3.03537
0.937223
0.180829
2.96248
-2.02269
-0.513935
-1.35788
-0.207265
-1.53546
1.00774
-1.87316
-2.84631
-1.03514
-1.75158
0.473312
0.86721
1.40962
2.12363
0.839965
-2.55352
-1.64614
0.354295
-1.78372
0.372946
-1.23201
0.526582
11.2989
2.90459
-11.2963
0.0595724
1.46609
-15.0503
2.77734
-0.46712
-0.65688
2.37906
-0.26775
-1.16939
1.99838
-5.08836
0.487542
-1.08934
-4.17649
-0.03348
-0.717962
0.69195
-0.782835
-12.9381
-7.787
0.198561
-3.95259
-0.133347
-0.021999
-7.14889
-1.262
-0.172165
0.000843
-3.94291
-0.230811
-3.23126
0.975529
0.404545
-2.54025
0.349831
-2.0513
-0.141674
0.0444366
-1.25581
-1.34395
-0.444768
-0.748217
0.432501
0.470774
-1.83827
1.4312
1.94485
-2.32932
1.02797
0.186146
5.81909
-0.0574155
-0.163929
-0.0509338
0.359696
-0.869143
-8.87772
0.559658
-1.26792
-0.750654
-0.409638
3.50108
0.687184
-0.15441
-1.43007
0.0928405
1.18242
1.33345
-0.665181
-1.45138
0.757035
-0.371625
6.36142
1.03208
-5.27626
-1.48405
0.405549
0.878225
-0.502816
0.305696
-0.316716
0.019287
-23.3244
-0.276793
-3.37448
-100.457
-0.1278
-2.88838
-0.765222
0.309685
-1.00444
-0.793182
-0.656382
-0.213197
2.6198
2.34917
1.71138
0.139001
-0.0736177
-6.07622
1.22367
0.840585
-1.55676
-1.48481
-0.80219
-1.29878
0.254695
0.128789
0.95654
0.75357
0.320369
1.40729
0.035325
0.192968
-0.856201
-1.64863
1.35964
-12.034
-0.66833
0.38731
1.11218
0.0578505
2.01076
1.43434
0.900955
-7.20367
-0.338837
-6.90784
-8.31726
-1.90525
2.28807
-0.936454
-1.02887
2.23259
-1.96792
-0.47591
0.829952
-1.18138
0.491434
-0.0872145
-1.14576
0.20044
-0.12306
-0.578191
0.388452
-3.36112
3.68736
0.0463849
-3.20985
-0.85466
-1.32559
0.057089
-0.13728
-0.540699
-27.2975
-1.57696
1.5549
0.332112
0.554155
11.6666
3.46648
-0.998581
-1.81554
-0.337577
-0.650545
-3.28902
0.74649
-0.502487
2.51341
-1.27046
-0.536381
3.6313
11.4285
-1.2429
0.646494
-0.44156
1879.05
-2.21055
-0.862958
0.296304
-0.645284
-0.485612
1.16145
0.753924
-1.38347
7.51061
0.40604
2.12146
-1.20795
-1.66038
-0.146552
0.643215
0.194936
0.0012135
0.0441
-7.21784
0.113584
1.38195
2.89574
1.37286
0.707208
-2.1356
-1.80982
2.21482
0.0580445
-1.70881
-2.89935
-0.47188
-0.767985
-0.242673
-0.508956
56.6425
-0.185452
-36.2044
0.365195
1.56206
-0.468098
-12.8362
-8.10063
-0.432934
0.488483
0.851768
-361.13
22.3071
-0.511337
0.26516
-1.09231
-0.554697
0.646435
-0.0511516
-0.400896
-0.381564
-0.0953555
-4.69433
16.4432
-4.13302
-0.35793
8.56215
-0.129199
0.044585
0.661517
0.25206
1.48398
-2.99081
1.75315
0.060955
-3.5145
0.495339
-0.231646
27.3291
-0.358035
-1.33186
5.21699
-4.99226
-1.34657
-20.5498
-1.99775
0.167677
1.30383
-0.28038
-0.132495
-1.56642
-0.287425
-0.036312
-3.5033
-0.437885
0.658389
0.105706
2.55356
0.250508
-0.457504
2.6134
-1.4815
2.10815
-0.201608
12.7005
-0.0942495
0.319697
-0.59771
-13.1826
0.215565
-0.829843
-5.30672
-0.168252
14.4648
0.354819
-2.35722
0.103369
2.07449
-1.47462
-2.88452
9.01601
-0.142
3.01266
1.6542
-2.18388
0.697474
2.10874
4.58875
0.0991965
0.712955
-8.71567
-2.36021
0.339562
0.245186
-10.4054
-0.971765
-3.61824
-1.32217
-0.117063
1.53758
2.33574
-1.29278
-0.51677
35.5808
-1.69092
-0.534799
2.51589
-0.648105
2.83769
-0.731645
2.66028
-0.380416
7.75992
-1.12414
0.342055
2.06719
0.803736
-0.287496
0.624238
0.229035
0.420976
0.29758
-0.0254982
-1.90346
-1.42668
-1.84753
-0.235821
0.482378
0.0701795
0.0678805
-0.005035
2.25317
0.862385
-0.133945
8.42394
2.05865
0.0477225
0.448966
-1.87755
0.14546
6.33768
-3.2603
0.62328
-2.50279
-0.644415
0.154652
-0.734614
-5.09141
-0.147231
-1.7737
-3.33112
-3.74479
-4.10675
0.957503
-22.6257
0.784473
0.495275
0.852154
1.16196
-1.01773
3.18057
0.92026
0.42689
2.2254
10.75
0.54633
1.21249
-0.835201
-1.29027
1.94543
3.2577
0.388448
1.28845
-0.203535
-0.187395
-2.16458
-0.670651
160.769
0.942279
-0.0920085
-0.621702
-1.05178
0.131962
-9.41253
-0.912773
0.967495
2.78801
-0.761835
-7.6929
-0.879145
0.746938
0.374332
0.429324
0.318006
-1.57689
-0.672374
1.98185
4.52665
26.6362
-2.04792
-0.808423
132.106
0.227165
-4.86204
0.401655
1.71403
8.02638
0.65966
2.12994
-0.609066
-0.567471
-3.62171
0.654105
3.22141
-2.76566
-1.43311
-9.85358
-4.68225
4.07422
-1.04409
0.26291
-5.2416
-7.95726
-1.50725
6.77316
-0.346666
-0.26366
-5.97135
-1.1965
-0.974835
0.334204
1.50347
-1.15981
6.84899
-0.821533
-0.0269
5.03851
-0.500632
-3.03631
-1.37762
4.56161
0.540186
0.2537
5.72841
-1.03812
-1.2958
31.4446
-0.223088
-0.55317
1.83144
3.65386
9.97484
-20.6797
-0.287697
-1.04235
-0.43563
2.77322
-3.04029
1.41015
-1.07225
-1.52232
1.61707
-0.622165
0.345541
0.504353
2.62241
0.0801973
1.03087
0.727853
4.03738
2.01347
-13.1165
1.95488
0.196106
0.558879
0.879262
-1.27711
-0.0520085
-0.427577
-1.12643
1.50302
-0.163301
-1.14457
0.160725
-1.75768
0.132446
3.45367
-1.42157
-0.884855
0.672033
0.336445
0.533255
0.15855
-1.43567
-1.40934
0.0667245
0.118177
-19.9879
0.561924
-1.74886
0.866545
0.882435
-0.684703
0.973951
-2.79233
-0.246445
-0.972106
6.25063
-7.83278
-0.65316
-1.8662
3.31857
0.106395
-0.832558
1.02024
1.37142
-0.644395
-0.218193
-2.42314
0.489178
-0.662652
0.256471
1.27837
0.725324
-3.47408
1.47521
0.180502
-0.635216
-0.636249
1.5847
0.642555
-0.220729
0.393255
3.90508
7.18979
-0.985561
4.47919
-1.09432
-0.911345
-0.04721
3.10695
-1.22759
-0.78836
-0.731513
-0.727035
-0.236546
-0.282281
-0.222384
-1.88434
-7.67769
-0.0743642
-1.93046
2.93505
1.56208
-0.134782
-1.27542
1.17269
-0.656845
-0.729615
0.43075
-1.16424
-3.38918
-1.26153
-0.767751
-8.33411
-1.93173
-0.112754
-0.290416
-0.1361
1.59704
-0.436042
-0.0852655
0.713
-0.343484
6.82886
0.140643
-21.9811
-3.39165
-0.847833
1.25183
0.469128
0.42023
-0.0221712
13.0591
-0.845708
-5.13684
0.318375
6.08385
-27.5579
-1.08955
-3.75194
0.0872655
923.157
0.224545
6.19039
4.88154
0.513442
-50.171
-0.207164
-1.58838
1.87952
-2.64007
-0.195804
-0.64144
-0.17941
5.36597
0.983186
71.1724
-1.57982
13.2378
6.06262
1.26342
-0.16541
-0.216676
0.567177
2.5114
-4.29981
0.0254835
-12.5804
-5.9215
0.657511
1.98445
0.375701
-3.36239
-13.3289
1.08037
1.3736
-3.47721
-1.60764
-2.13797
-0.094335
-2.26578
1.80409
0.116609
-35.2294
-1.32943
-2.03195
-1.17835
8.5937
2.33814
1.7677
2.54087
0.708157
12.0791
1.28253
-1.252
2.06443
-0.27269
-1.9224
12.2793
1.02514
-4.01514
-2.04952
-0.29369
-0.355692
-2.02046
-1.79708
0.211854
0.942952
0.106082
7.54068
-0.0702225
3.71778
-0.070099
-7.22167
1.66666
1.50604
-0.150932
1.32559
-0.472124
0.0994136
0.20026
0.80497
-1.39629
5.26492
-2.92036
1.26069
-9.39063
0.476861
1.2857
-0.360301
-4.67188
1.28762
0.498557
-0.518939
0.008374
-1.87301
-0.325088
-0.966118
0.933346
-0.315228
-1.00571
1.53576
3.99437
2.73098
2.21808
7.14453
-0.0928797
0.224064
-0.233903
0.280126
-0.262197
-0.0147095
-0.778037
0.580382
-0.277972
-0.182806
1.89408
-0.908467
3.08842
0.6257
-2.82743
1.1535
0.283715
0.878624
0.0401638
-0.722243
-0.543311
163.697
0.220359
1.41491
0.809714
-0.55968
-0.52167
-1.18295
-0.26416
1.67395
0.15825
0.098268
-1.59726
1.20708
8.6222
-2.52298
-2.10641
1.04882
-0.274355
-0.851908
-2.22469
1.04173
1.95739
2.13043
64.8544
0.208664
2.64152
0.696796
-3.00645
5.97408
-615.027
-2.05437
-2.7225
0.381513
0.141838
-1.5448
0.13381
-0.887624
-39.0352
0.630426
-12.2963
1.15012
-0.066587
-0.90776
-0.325508
-4.33739
-0.274565
0.374604
1.7073
-0.430973
-0.195905
0.825891
0.51557
0.346495
0.248947
1.46622
-0.071935
-1.43777
1.21308
2.76827
-0.336969
0.7522
-0.101894
0.442759
0.146863
2.7163
-0.888516
-19.2798
1.44617
-10.53
2.41264
-1.23134
-2.69968
12.3697
26.9993
-0.343645
-0.137582
-0.028985
0.149849
-0.854069
-3.15115
0.650003
1.34342
0.634819
0.984683
-0.592508
2.44561
-1.19699
1.85004
1.33143
-0.691375
-0.57658
-1.49501
-16.0904
1.65263
-0.592958
-5.54299
-2.64315
-0.674809
-4.5278
1.63614
-29.0475
4.43096
-1.414
6.16949
1.50213
2.60203
-0.259223
7.19626
2.13885
0.0956595
0.32561
-0.101068
0.155295
-0.739077
2.65651
0.808127
-0.672344
0.748372
0.139495
0.397079
1.56728
-0.897289
-0.511431
-1.74061
-4337.95
3.09237
0.743947
3.68283
9.44317
0.60232
0.11627
-0.319883
-43.1528
-0.705483
-0.889493
-3.98772
-1.74795
-0.464053
1.20493
-1.55496
0.0615995
27.7467
-3.59946
0.646474
0.294288
0.282492
0.463065
0.513775
0.149144
0.243333
0.0937075
0.436386
1.30391
-1.2304
-2.99761
-0.799941
-122.639
0.422047
-29.4404
-0.180514
-0.784181
0.144784
1.18098
0.321081
-1.26342
4.30142
-0.44856
1.45618
1.89059
9.44286
-0.0782065
-0.337248
-0.131994
0.278604
-16.4074
0.44244
5.95042
-0.569744
1.077
-0.451027
-1.36043
-0.0935583
0.858935
-26.4502
-0.859183
0.63224
2.80714
-1.55996
0.394017
2.7896
0.612881
0.862164
0.42829
4.43179
3.33416
-1.50787
0.0102005
-0.692681
-1.86964
0.419284
-2.53575
-0.133162
-631.519
-0.0862525
2.1036
0.414877
5.98578
1.91167
3.51794
-0.130596
3.26743
-1.72483
-2.71863
-0.784176
-2.96829
1.44264
38.5217
-0.439195
20.8444
-0.092221
5.15375
-0.244042
-1.55147
-0.705035
-5.77015
-0.078188
0.124655
0.736772
1.09365
-0.947318
-0.991698
-0.00338
0.9359
0.486471
-3.9122
-0.713709
-1.35387
-1.72863
4.14945
-0.749198
1.90531
2.52912
0.335534
0.850921
5.33494
3.78074
-0.637896
-259.054
-2.01305
2.52597
2.0773
-1.10309
-1.04562
-1.9732
-0.454676
-2.41939
0.678422
0.440382
0.200859
0.163859
-0.343371
-0.831791
0.270646
-0.506883
0.77629
0.755578
0.635514
0.531172
-1.11026
-0.392345
1.67184
0.64669
-0.143236
-3.31101
9.76402
0.128782
-0.265737
-12.3541
-0.989059
-2.59354
1.30921
16.8261
0.267767
-4.5403
0.836963
2.20932
1.80612
1.69667
0.904112
-0.682067
1.27407
-1.7938
1.37852
-2.2503
0.076806
-1.3989
0.01794
-0.149539
-0.195146
-0.44321
-1.041
0.436358
1.06622
1.02824
3.4947
0.308111
-0.699191
-2.24781
0.573526
1.26456
2.05347
0.845767
-0.251227
-1.24086
-1.35017
-1.44166
-0.075205
0.847615
3.11787
0.0221025
-0.193933
2.49909
-0.649942
0.0974115
1.01876
0.394445
-9.99996
-4.69243
-1.92542
3.08605
1.00321
0.422359
1.18009
0.957995
-5.60727
-0.313912
1.09366
-6.94526
0.223702
-6.86828
0.341018
-1.19579
-3.38614
-17.6021
1.75554
-0.992127
-0.565202
11.3634
3.06929
-1.14411
0.161081
-2.40022
-13.5455
8.0053
1.5564
0.0757385
-0.8744
-0.246297
1.15046
1.85099
0.375168
3.40814
-0.299377
-0.37598
1.23625
-1.21272
0.283427
-1.87566
-2.8041
-3.4741
-0.035705
-0.225618
-0.149625
1.33129
-0.175957
0.725193
0.437123
0.194585
1.26344
-0.211084
-7.33092
-0.547632
0.553804
-14.6504
8.57471
1.5999
2.99488
2.26624
-2.80189
8.51353
1.43469
-2.79077
0.0605775
0.967608
1.94607
3.20839
-0.674947
-7.31623
-0.671461
0.151481
-4.902
-0.566692
-2.12034
-0.874997
0.164395
-1.98355
3.3932
0.211203
-1.3463
0.244231
-0.03859
38.6083
-0.244694
-2.07604
-4.04588
-0.25729
0.201628
-1.31574
0.832898
-0.7471
0.12082
-0.407772
-2.0281
-0.331166
0.656235
-0.325632
-1.01459
-2.04033
2.97222
-0.430615
0.300271
4.24358
-1.42401
0.0118312
-0.208248
-1.56595
34.912
-0.069337
2.80321
-1.14716
0.859669
-0.576057
-0.010216
0.0019155
-0.763175
-0.681803
1.69861
-33.2196
0.0302205
17.2737
-18.6585
10.0527
0.557794
-0.119095
0.499568
-0.915262
-0.442053
-0.125997
1.04316
0.239678
-0.086866
-4.69144
-65.008
-0.0523538
-0.698164
1.11954
4.40437
3.77436
-0.199799
-0.596195
-1.96431
0.934488
0.0538375
1.93701
-1.43201
0.363557
1.05918
-2.02135
-1.29364
-0.136675
1.21093
-0.330062
2.30617
-3.58147
-0.306372
1.32823
0.153105
-0.278661
-0.690763
3.60663
2.73745
-0.824412
-0.560737
-4.06479
0.178468
-1.30285
-1.68555
0.928424
-10.832
0.170475
-0.193523
-0.328823
0.289223
-1.53655
-0.109856
1.24902
2.5336
-0.332631
1.37612
0.981403
2.73327
-0.620799
0.226878
-3.56894
-0.69585
0.205919
-0.281833
0.928634
1.70781
0.397933
5.0381
-3.06919
0.031056
1.57214
2.04124
-163.26
-0.53539
2.57752
-0.158312
-0.520185
0.124459
0.966406
-3.12454
5.0503
0.258729
0.135423
0.947739
-4.63318
-0.241247
-0.943924
-1.65314
-0.77603
0.054826
0.346015
0.320544
-0.792391
-0.022852
-0.897119
-1.38041
0.587981
0.0278415
-7.68406
0.369063
0.586711
0.476506
1.21338
1.33218
-0.957575
-0.583745
-0.105994
0.00472
0.629999
0.194531
2.64353
0.270728
-10.6128
0.989264
-1.00452
-0.732518
0.10214
0.343605
5.64591
-14.5038
-2.0148
2.93909
1.0638
-0.11829
0.384753
-0.347412
-0.553425
-6.9182
-0.130247
0.635845
-0.10908
4.87684
3.49016
-4.26178
-0.172751
0.280212
-1.18102
-2.24002
-1.03902
1.90653
4.14072
-0.991299
-0.329695
-2.49028
0.33052
17.3481
1.19932
-5.27872
-2.23572
0.34206
0.998277
17.8406
-2.22288
-2.52559
0.221621
4.43454
3.40529
1.24379
0.452877
0.365126
0.1022
1.01396
0.7627
-4.39304
0.65552
1.25728
1.44129
-2.9013
-0.0810575
0.0892747
-1.23374
1.60997
-3.50195
-0.008029
-0.508014
0.0592085
-0.609779
0.891373
-0.853222
-1.29978
0.302636
5.72836
-0.289728
-0.722764
-1.75459
1.06949
-0.773576
-1.37865
1.7412
0.126193
0.48092
-0.686151
0.885233
0.21075
1.36395
1.49275
0.448061
2.08805
0.506416
-0.68243
-0.052204
-2.49428
-0.390028
-0.5724
-0.43504
2.2241
-21.2794
2.08824
-1.40437
-2.57449
3.05366
4.08219
6.5631
-0.0681735
-9.2031
-0.149869
1.14472
0.0836105
-1.00144
1.80098
-1.90601
2.27397
-2.4507
0.45855
0.644455
-0.593075
2.00528
-0.588725
-4.08624
0.005135
0.557498
-0.689215
-1.48686
-1.1973
-1.31306
0.388031
0.885514
0.36288
-0.0198625
-0.312762
0.18426
0.0792735
-0.564708
0.894774
0.369482
-0.503995
0.486308
-0.289624
-1.26291
1.05935
1.24694
0.086975
0.064973
1.09168
-0.0520135
-0.91056
-0.186109
-0.024815
-0.207598
0.192555
0.10857
0.576005
4.90872
0.334869
2.27311
-21.7329
-1.53673
0.583502
-0.844352
0.30782
7.71822
0.511122
-0.546554
2.32037
1.83097
-0.709606
-0.129246
-0.589022
0.021975
-0.157153
-0.0780145
7.8391
-1.02524
-0.170277
-0.86375
-9.16051
-0.263244
4.88015
0.22021
0.707261
-17.2787
-2.29525
-0.772185
-0.190569
0.516116
-1.05653
0.0678345
-1.01982
-0.03694
0.852233
-2.51407
1.72394
-0.83597
1.91741
7.00601
0.586465
-1.56002
0.505595
0.244107
1.66768
-2.86917
2.06021
-0.893257
0.82281
-0.342111
1.27158
-1.11729
-17.2803
3.03288
-0.25572
1.65966
14.9116
1.07485
-1.4825
3.13267
1.63847
1.9275
0.104382
-1.30207
0.13827
-0.38101
-0.691431
-0.046708
-0.65785
0.677064
0.64022
1.51898
2.56039
-0.673936
1.60406
-0.101438
1.17662
0.469953
-0.806551
-0.179142
0.288713
-2.76808
0.148665
-0.4053
0.654991
-2.02816
1.59964
0.98963
-4.34777
0.38797
-0.008355
-0.435224
17.6547
0.57121
-0.831634
0.320827
5.65651
5.12683
-1.41309
2.32759
0.267225
1.13731
2.87077
-48.9634
-0.217088
6.38587
-0.00467
-5.54969
-0.438458
-0.341824
1.70153
0.427114
1.0189
2.04835
0.927025
3.3236
-0.60444
0.559391
10.2984
-0.130035
-1.55822
0.0823405
3.66805
1.91131
-0.669899
-8.39787
-1.38427
9.41785
-0.199001
-0.975212
-3.85296
2.47855
-190.004
-0.207505
2.84737
15.612
-1.99294
0.85957
-1.72606
-0.320591
3.92271
-0.964435
2.13176
3.64372
-0.395408
4.47566
0.160032
1.54767
-2.78469
-0.143701
-0.708128
6.75854
0.0427635
-1.2246
-0.875785
-0.481089
-2.25059
-0.174634
-1.61341
-0.02706
0.405141
-107.06
-13.416
0.293002
-7.03146
-0.268563
5.85537
-0.914608
12.5373
1.65647
-4.02604
0.214595
-0.824211
0.375714
0.274209
3.58197
-1.00733
0.33516
-0.278276
-14.7011
0.672263
0.927802
-1.68054
-0.497115
12.8768
-0.415026
0.046645
-0.0746582
1.78976
-12.8038
0.609764
-8.97059
0.058044
-2.35545
-0.864238
0.520785
0.159448
-21.4553
-1.2075
-49.4768
0.03752
-0.283546
-40.7482
-2.80065
14.3215
-0.68888
-8.84994
10.2827
15.3801
-2.33997
0.995115
-2.32111
4.82383
1.07942
1.80061
-0.0645785
0.500148
-0.600979
1.34917
1.32917
-0.747578
24.5552
0.776101
0.431233
-61.1112
0.18625
-1.08531
-0.793208
0.109738
5.5955
-0.443199
-16.4701
-8.42331
-1.32723
-0.867375
-1.51504
-0.553415
1.92538
-2.86995
-0.039221
-0.417999
3.13499
-0.595871
0.125814
-0.928979
4.36705
-9.70829
0.374782
-2.77223
0.137523
-2.97732
-0.561775
0.624285
-0.699067
0.0847361
4.67821
-1.67214
-0.953228
-2.07013
1.57227
-2.45039
0.448991
0.101881
-2.04187
0.663879
0.045245
-4.36925
-0.059277
3.23581
0.849661
-0.106347
-3.38932
-3.54074
0.636605
-0.722026
5.62003
-0.153399
1.76099
-1.11106
0.76435
39.351
1.15628
-6.86379
-0.231865
-1.65883
1.39138
2.88503
0.146827
0.513855
-0.0851505
-1.90483
-2.3919
-0.295353
-0.00523
-0.256084
-0.425267
-2.02589
-0.054874
-0.0964285
-5.84207
-1.24695
-13.1656
17.7462
-0.1354
0.783797
0.474538
0.13247
0.415328
-1.97164
1.97552
0.332068
-3.48597
1.57489
-4.38736
-2.1828
1.506
-0.40592
-0.765389
-3.21362
0.81169
11.1661
-1.37536
-2.19457
0.516792
-0.225149
5.62344
-0.539433
5.62197
0.231635
2.08693
-0.304825
12.0913
0.413298
-0.731048
-0.83913
-0.286686
-0.538396
-0.79321
-0.26968
-0.865119
1.37053
2.79473
5.56855
-0.403039
0.536175
0.896265
-0.0675005
0.017585
-1.24896
10.059
4.43585
-0.605658
-13.0252
0.070291
0.171368
-1.09702
-1.9701
0.157007
-0.485595
0.241774
1.28773
0.474104
4.67262
-6.43231
-0.575111
0.144898
-5.05368
-2.03701
0.0849337
0.099595
1.98609
-0.733915
0.317161
-2.68175
0.870571
0.243337
-32.5564
-3.98084
0.714429
-1.01665
-1.50884
0.18083
103.852
2.98553
124.572
-0.396669
-1.44501
-0.960276
0.512149
-3.05093
-7.21713
5.53526
-0.454527
0.388817
-0.231264
-0.179714
0.146914
-0.30514
-0.353463
-0.39523
1.0293
-0.209118
-0.46655
1.8378
0.359708
-1.37819
0.11008
-0.93554
1.83512
-0.482324
-4.65731
0.545612
0.994027
0.0048425
-2.03203
0.814637
0.778894
1.3043
-2.26291
1.03959
-2.04934
3.29705
-18.7882
-0.477116
-1.23783
-0.187811
-1.8048
0.24097
1.51585
10.7624
-0.380983
-1.20289
0.713623
0.316077
0.503162
-0.28217
5.92453
-1.10746
-1.93298
-0.767502
0.770586
0.645244
0.045417
1.13469
1.92853
0.294709
12.7864
-1.45346
-4.47147
-0.319419
-1.79758
-0.100838
0.286296
0.654276
1.67131
-4.47149
-10.757
0.401807
2.38496
-0.0833735
0.70917
0.213593
-2.57989
-1.18654
1.1728
0.664305
0.996382
0.446095
7.09643
-0.361172
-4.02036
0.521579
0.136162
3.44337
-1.21253
-3.45079
0.357026
-0.82847
0.512985
0.405981
0.24679
-0.292306
-0.132736
0.547582
0.627066
0.973054
1.63139
-0.0091535
1.39565
-19.7115
1.97933
0.13601
5.42268
-7.37322
0.483804
-0.419473
1.23375
0.587051
0.549235
-0.425989
-0.455044
4.19479
0.70419
3.76512
2.21401
-0.978053
0.057355
-0.30421
0.0065475
-0.320586
0.197539
0.232315
-2.70121
-2.93131
0.836296
0.622394
-0.106125
-0.870435
-0.058097
0.343311
1.60437
-2.68724
-1.02781
-0.0894197
1.59209
4.45717
1.27607
-2.67734
-0.393815
-2.47595
0.103725
3.08506
-0.973147
-2.7547
12.6027
1.00923
1.45579
-0.00839801
1.20312
1.30722
-0.557456
0.273504
-3.08254
-0.542776
7.69027
-0.348383
-0.13632
1.50288
-1.10894
-0.904012
-0.964695
0.845934
1.78329
1.00292
-0.013634
-0.3601
-0.335489
1.04602
42.7466
0.164333
-0.229658
8.66303
1.24778
-1.8306
-0.307236
4.20346
1.6307
62.3588
-0.443037
-0.753036
1.85237
-1.57736
5.74795
0.0588965
0.469078
-0.104938
-0.044743
0.508565
5.32934
-0.406403
-3.48202
-1.49532
-0.226077
-1.32153
0.0669185
9.15431
4.38532
-0.339834
-0.324171
2.69369
1.8395
35.6563
-1.81602
-1.17187
-1.37689
0.738399
-0.3299
1.07007
-1.36281
-0.981349
0.340745
3.23409
-5.73299
-1.72245
-23.7273
-0.644674
2.45733
0.34706
0.69817
0.507415
-0.91412
-1.65758
0.859475
-2.8575
2.90234
-0.611905
-0.914932
-5.17818
4.74112
-1.03024
0.535703
1.18544
-2.1464
18.5065
0.608533
0.299017
-0.776757
-2.81546
-1.25975
1.01495
0.0275325
4.72158
0.09917
-85.8145
4.3426
0.401314
-4.26948
-2.59312
-1.50289
16.0381
-1.05708
-1.11292
0.443075
-0.383425
-0.209871
1.56099
-10.268
0.911577
0.03892
1.38153
0.0386245
-1.36062
0.456826
6e-05
1.18543
1.02117
-1.89681
3.31783
-0.012753
-1.00799
0.837668
-0.182958
0.0006945
0.0117565
-0.178865
1.05875
1.35938
4.63014
-1.72617
-2.23591
-0.620093
-0.059615
2.59255
0.816075
-8.68852
1.56355
0.96679
-2.37005
0.947066
-0.0528755
2.11694
-0.367789
2.22902
-10.9035
-108.792
0.870644
-8.4314
0.0037395
-1.18139
1.88327
-13.2607
-1.22635
1.83105
-8.56339
29.1262
-1.10918
0.897432
67.2666
-1.25804
-0.751626
0.27729
-0.139216
1.78815
1.07781
0.515271
-2.53618
0.398463
1.31385
-2.9113
-17.7863
-2.46997
-1.60878
-0.235775
17.7745
0.718273
1.10565
20.5467
0.55043
-11.1232
0.22798
-0.250071
1.22236
0.279538
-3.49935
-1.61166
0.169415
0.297216
0.368293
1.65764
1.05637
2.04693
1.37451
-4.66598
-2.25836
-0.113084
0.724067
65.6124
-0.824624
2.53788
2.2365
-5.15064
0.73558
1.32479
1.96867
0.757801
15.9994
0.237261
-1.7942
-0.315532
5.17695
-0.421758
-21.2849
2.5566
-8.86746
82.7923
3.19496
-0.46952
0.21747
-0.038511
61.1018
1.99065
0.667513
0.957831
-0.818847
0.300142
-9.89776
0.385069
-0.971784
-0.434735
-0.579815
1.90907
-17.87
0.001037
6.11488
-2.42022
-5.87317
0.0789509
-0.403454
-2.28775
0.961437
-1.89788
-0.0233725
19.3231
-2.69431
-0.416816
-1.2872
-0.778406
-1.72325
-1.27393
2.48141
-0.276842
-0.354605
0.914575
-0.311748
1.71624
0.350948
0.404251
1.99552
35.8416
-0.53611
-0.173429
-102.261
2.30604
-0.174447
-2.85265
2.00219
0.87066
0.580458
0.144393
51.1598
1.29289
0.244653
-3.2904
0.267899
-0.88908
-1.02392
-4.49344
0.6329
-2.52774
2.08656
-0.41235
-0.992578
3.53036
-2.33939
-0.536797
-1.63162
-1.38667
-2.66865
-0.637763
0.523254
0.0342975
0.12593
0.111035
10.0709
-0.64002
0.432194
-0.74395
-0.321335
2043.31
1.23686
-0.846417
-1.40502
2.02053
0.575221
43.0002
0.17543
0.66432
-7.92458
-2.5798
-0.638136
-1.45129
-1.74733
-0.483136
-1.22698
-0.05173
-0.690694
5.28121
-1.4295
123.371
-1.90176
0.631839
-0.523919
-0.339011
-3.20377
2.16794
1.95971
18.7581
-1.06027
-2.61014
0.006386
-6.04183
-0.000637
0.432954
6.37609
0.431477
2.36381
-0.14235
0.955429
0.899431
0.03475
-0.16648
-1.27617
-0.359835
-3.09904
0.618785
0.388196
-1.96352
-0.498432
-0.825349
-4.66269
0.791872
0.590763
-0.173913
8.95378
0.955394
1.09015
-1.3457
1.83532
1.54096
2.01928
-0.347892
1.06251
-1.80684
0.193034
0.041877
2.68231
0.190333
-7.8396
-10.0369
0.0965965
-0.642825
-3.24084
6.84075
1.21511
-1.63591
-0.796681
-0.02348
-1.86335
-1.88611
-13.565
-0.81012
-1.40719
3.59468
0.517415
0.343585
-4.37041
-1.6182
-3.69714
2.71965
-0.76088
3.29448
0.207669
0.449246
-10.359
0.54321
0.813482
0.689271
-9.17398
-0.839407
-0.538925
-0.856413
0.163629
-3.5801
3.8187
-0.730823
0.924305
0.669875
-0.228565
1.1516
-3.11388
1.75978
1.01249
0.045086
-0.352195
10.0259
0.828272
2.22645
9.1258
-0.30292
0.902705
-0.608993
1.01414
-7.48312
1.82375
-0.866374
5.33372
4.40364
-1.50563
-3.04802
-0.266324
0.60046
0.678655
0.01407
1.14121
-0.824653
-0.347568
-0.116255
-0.468435
-0.0423905
-0.627106
2.02784
-2.34764
1.02831
0.406475
-3.33889
0.29443
0.639395
-0.68463
-13.9922
-0.26624
0.298164
-0.00386
-0.835017
-0.137273
-0.322562
-0.665219
6.15134
1.17741
7.85501
-0.196442
3.17242
0.51129
0.1859
-0.156647
1.95591
-3.36189
0.813987
5.11663
-0.508715
-0.15901
-0.384845
2.20659
-11.7131
0.035785
-1.34574
-0.193413
8.81082
15.2381
9.90362
-1.47335
-0.053044
3.77938
-7.70699
-8.56893
0.130227
2.17926
-4.14124
0.0537055
0.793192
-1.22824
-4.10599
2.85998
-1.10821
0.378592
-2.15733
1.64684
-0.0890805
0.553657
1.26619
-1.81119
-0.694927
-1.14317
-3.60292
20.3754
-0.75013
6.10035
-0.288419
-13.7636
1.03255
-34.3817
-0.0618825
28.6262
1.21379
1.30051
0.310694
0.836235
-7.4738
-1.019
0.523615
1.64623
-2.43892
-16.4856
0.011967
1.07896
-0.686418
0.394949
2.04875
0.805388
0.332429
-1.73931
-1.34684
1.39092
-0.126004
-1.44564
5.71892
-2.19984
-0.572762
13.937
-1.50535
1.34021
1.46199
1.92008
-1.44045
1.18002
-0.071176
1.00389
1.05803
-0.273601
1.37527
-1.44998
-0.457561
-0.599133
2.03207
-0.418406
-0.328421
-1.69112
-1.52921
1.14084
-0.696309
-0.267328
0.876171
1.19536
1.85033
1.25736
0.062545
0.364375
-0.4001
1.42496
-2.09041
-0.354926
-0.550274
2.56554
0.156624
-0.28007
-0.605522
1.28511
-0.373079
-17.5437
-0.696198
-0.467758
-3.23792
0.521028
-10.8752
-0.5971
0.691145
-3.60218
0.45988
2.18441
1.55404
-0.392196
16.4904
-0.500333
-0.0736398
-0.607113
-1.61606
3.09811
-2.46706
3.34328
-2.00633
1.13192
-0.795214
-0.520367
-1.92919
-6.65505
0.906305
0.674696
-7.53778
-0.256825
-0.644449
0.656285
0.685445
-0.60118
0.655148
-5.14863
0.458388
1.5784
0.30315
-2.20609
-0.183328
1.6226
-0.468795
-2.28198
-147.996
0.918725
0.00892
6.2082
-1.05505
-1.72347
5.33555
1.65453
8.6727
0.313645
1.15471
-1.44318
-16.9356
-2.14947
0.912443
-1.52611
-1.47302
-12.9603
1.51292
0.275862
0.0091245
-2.29009
-0.792845
3.22891
110.755
0.422662
-5.55203
-1.15561
-0.03578
0.507408
0.42643
-0.140004
0.14257
-1.54397
-1.10829
0.950798
-21.5661
-20.5919
0.49163
-1.07804
1.74181
-0.975522
-0.159548
0.362154
0.758788
1.1014
-0.578607
-0.255109
0.968262
-0.265331
-0.543165
2.20611
1.11983
0.404012
16.7482
-6.98919
-1.38067
-0.580974
2.31677
0.557211
2.58047
-0.753409
-0.022185
-0.394573
4.00685
-0.270457
-0.226659
0.437628
0.994196
-1.74462
-1.02812
-0.074269
-1.13435
0.137525
8.02032
0.712058
-1.94665
-10.2012
30.3837
-0.34455
-17.1262
-0.182159
1.97762
0.325295
2.20637
-7.8627
-21.2041
-0.658478
0.247612
6.08375
1.9963
-2.20049
-1.00612
-0.152195
1.38283
-0.412663
1.10982
0.102103
-0.598812
-0.0096955
-1.60394
3.41265
0.0440485
-2.36271
0.118434
-4.40513
0.181501
-0.335835
-2.17231
-1.05657
2.43721
-4.50146
-1.31155
0.139715
-1.9577
12.577
5.2488
-1.1056
-6.84359
0.47634
0.390488
-2.37974
1.9748
0.649417
0.387066
0.0673385
1.22927
-0.412733
36.0297
1.99875
-0.03093
-0.600235
0.635365
0.285795
-2.71761
-2.69594
5.17035
4.71747
1.37119
-1.72787
12.5515
3.96934
-0.124438
0.104038
2.23523
-2.41333
4.57685
0.57266
1.33931
34.6707
1.30362
52.1365
-0.45
-9.35145
-6.06257
0.663845
-4.06364
-1.69977
-0.821848
-0.0762365
0.448044
-1.40197
0.561862
-2.79069
-0.10562
-0.316719
-0.664903
1.82987
0.091882
-0.235008
0.312702
-2.3631
-1.09508
-34.9032
3.77142
4.35949
-0.0078645
0.339149
-2.23085
-0.343642
0.454811
15.4728
-0.676414
0.536834
-2.61308
1.55175
-0.236993
-11.7023
-0.483346
10.3336
1.01975
0.594024
2.37201
2.52477
0.318304
-0.69103
-2.55877
-0.953941
-0.473351
-0.16879
0.0301325
-1.54746
-0.846394
-21.5357
0.724528
-2.75539
-4.84616
0.708286
0.673186
0.932366
1.96094
-0.199506
-162.159
-0.161497
-1.00368
5.68113
0.835324
-0.714623
-0.386184
-0.461334
3.46542
-0.591052
0.088377
0.0211845
0.13719
0.675888
0.023581
-0.825156
5.38872
-0.442641
-7.52442
-5.76909
74.1411
2.20053
0.120932
0.617649
-1.17165
-1.41016
-2.26608
0.435476
0.172324
0.243053
0.945067
3.31066
1.65208
-0.986725
-0.329936
-0.693578
0.0917659
-0.413527
-1.19804
-12.408
-7.19678
1.17591
-2.46066
10.3598
1.72962
-0.951956
1.99733
0.881436
-0.008984
-0.50036
-0.0648865
-0.339406
0.304085
-0.528712
-0.103567
32.5721
5.99572
-1.86641
-4.95415
0.217904
-0.145746
-8.03825
-0.450838
-0.11173
-11.0842
-1.29495
0.91144
-2.87424
6.53637
-0.863266
-1.48381
-0.0699983
-6.02631
-1.01058
