1.08215
3.49089
-2.15091
-6.59588
-23.0788
0.463127
0.970251
4.84775
2.86955
0.784836
1.26471
1.06583
1.43459
0.095994
1.59313
-0.556607
0.661637
-1.21252
-0.141755
0.303715
-1.84731
-0.351305
0.0861787
-3.90852
0.456017
-0.526239
5.7907
4.52103
-1.90088
-1.73531
-0.0674117
-0.460513
1.85723
0.201416
0.0869008
0.0556542
-0.650429
-1.22158
7.68994
-3.17234
-6.17939
0.598157
5.15983
1.82373
2.77359
-83.1804
-1.84699
6.49777
-0.684379
0.509187
-0.605212
0.177451
-0.637106
-2.34662
-0.861656
-1.65688
9.04614
1.68283
-4.79029
0.276924
-0.070709
-0.0569983
-26.0391
-0.67282
0.348913
-2.08659
-3.10392
-6.88958
-0.579949
1.66264
-0.0048779
2.99122
-7.05057
-0.147668
0.183128
-1.41335
-0.563864
11.7637
-0.375495
4.46107
-0.634512
-2.10256
0.352569
0.215088
2.77389
-0.59616
1.01679
0.612562
11.6404
-103.773
-0.58381
-0.396643
4.46293
0.635202
0.0606498
8.72739
-1.2627
1.30299
4.76786
0.0252021
-1.00088
21.9745
1.50766
-2.30709
3.41309
11.9995
3.74103
3.55463
-3.32999
8.10971
0.88444
0.770773
3.45932
-0.0615916
2.17024
0.182661
1.42603
0.592858
-0.394371
-0.819088
-0.418453
-0.537168
-1.30813
-0.5781
-0.424929
1.68182
0.47609
0.0644999
-187.711
0.465607
0.667083
-1.55006
-2.55807
0.678887
0.335905
-0.978663
-0.406684
0.0563703
0.58461
0.86347
-0.331513
2.27775
-7.22802
7.55719
-3.11623
1.30865
-0.967397
-2.6557
-2.76626
-1.10827
1.09103
0.934178
-0.8347
1.61151
-0.840041
-7.08291
-2.99406
-5.54669
-12.5706
1.32427
-0.141562
-0.953399
122.59
-0.561082
0.598805
0.132871
-0.60724
0.202993
-10.5149
0.148278
-1.2493
-0.674013
0.0384427
-0.608367
-2.30843
-0.433613
0.932781
1.10615
0.856075
1.90869
0.361143
0.0311817
0.0365694
2.44787
-14.0306
-0.676815
-0.752854
16.344
0.213611
0.402939
-0.234525
-1.75321
1.03575
-0.957706
-0.638841
0.178623
-1.05544
0.551439
0.758326
-0.451316
-0.381499
0.641633
2.40664
-0.0875041
0.15587
-11.6753
-6.91067
-6.6712
-4.5668
0.00177322
-0.593967
1.71428
0.624022
1.74863
-0.921722
-1.25801
-1.17748
-1.06323
1.07201
0.0805526
-3.22513
-2.77291
0.448
0.302819
9.70465
-48.3703
-0.183145
2.10707
-1.29179
5.82611
1.09619
0.41606
-0.115482
-0.592232
0.43941
0.206589
1.45413
-5.28072
58.8699
-0.457644
-0.483048
-0.956401
-0.951962
-1.14889
-3.73047
0.289987
-1.5517
-0.979367
1.27162
-0.303793
2.54059
-2.65013
0.101595
0.235558
-16.6882
-0.869963
12.4603
-0.426595
-2.77447
0.274118
0.450712
3.35113
1.09108
1.35154
13.0079
-5.76314
-3.05873
1.22322
-3.38716
-0.244632
-4.12519
-2.25241
1.05238
0.275071
-3.59322
-0.17679
-0.578548
0.60336
1.34426
1.26084
1.88785
0.213626
0.882216
-0.314201
-1.09167
3.04585
0.445181
-0.0855605
1.63859
-0.693031
-0.97379
1.3086
2.20725
-1.14104
38.6421
0.398763
0.143977
-0.504032
1.20444
0.687219
1.98913
-0.959975
-9.29495
0.698606
0.950354
-4.57126
2.49696
-1.0207
-2.32292
-1.41473
3.87848
-1.84638
1.82037
-0.321686
-0.545451
-5.44731
1.01533
-0.119402
0.311267
-0.885595
-10.0205
0.448258
0.211871
2.8116
-0.603079
-0.578732
2.59179
-0.307617
-22.228
-0.271456
-0.35989
62.2854
-0.758104
-2.04305
0.598857
2.93565
4.37428
-0.980864
1.50381
-0.661595
0.00867373
-1.8555
-2.18668
-1.97434
0.161872
0.799842
1.34871
-1.1725
-5.08954
-1.08554
-0.32416
0.0007593
1.89532
1.11714
-37.0915
1.19051
2.76254
-0.123517
32.0902
-0.0521734
2.70761
-1.96303
1.85564
0.824663
0.431441
3.24833
2.09153
2.00078
0.407998
0.831014
-0.703085
-24.3269
23.7611
-1.10964
-1.40103
0.339103
0.496528
5.69917
-0.0714962
-2.27897
2.75887
-0.361883
-0.0240125
-3.32743
-0.873026
4.8911
2.04909
-0.0669641
-0.1692
-6.05853
-0.491948
0.317647
-0.458508
-1.14559
0.298306
0.303836
-3.28036
-8.19184
4.81424
1.63689
-0.138003
-0.65438
-7.99676
1.32649
0.990432
1.46427
-0.79586
3.79566
13.1697
0.19366
175.644
-0.978411
1.00482
-1.04466
-0.644181
-1.19112
-0.0969441
1.09508
0.21676
0.085059
-2.24187
-2.55723
0.208649
1.46017
0.0550315
0.128522
3.21558
0.338036
-11.3155
-0.0506003
-15.3355
1.78848
-0.591596
-0.537544
-1.00646
0.355199
-0.923074
0.580615
2586.47
13.7033
0.005088
1.38386
2.37228
-2.56103
0.00490296
-24.729
1.39252
-0.449255
1.64056
0.544469
-0.210451
3.59395
2.18908
3.35116
-0.0599539
0.480005
5.75023
-0.803499
0.133506
-0.589974
-0.338435
-0.562297
0.143173
-5.36175
0.329998
0.554289
-0.672588
38.2417
-2.78429
-1.29749
-0.177888
-1.40321
0.601786
7.67158
0.426902
1.80025
0.152484
2.54715
5.17739
-0.469131
0.526035
-0.104782
0.281325
-2.22254
0.276544
2.1401
-0.838207
-5.71725
-0.973211
-0.328781
-3.47913
1.49441
-0.441427
-1.31921
-1.7751
-0.343533
2.93027
-13.8491
-0.221303
0.0890954
0.264958
-0.579886
3.02672
-1.18642
-0.858976
-0.544356
-0.194269
1.75683
0.301428
-0.410154
-1.77867
-0.505298
-1.4436
0.864311
-0.958057
0.538056
1.16027
-0.460739
0.888466
-7.58522
0.63475
-1.07382
0.876387
10.6403
1.1061
-13.6145
2.02715
-2.57689
0.14067
0.0854624
-11.0384
0.818146
-2.09739
-12.6711
-15.6165
-0.843008
3.54676
-4.07582
0.182379
-0.522452
0.486179
0.163246
1.25556
-0.425248
3.23129
-0.312284
-0.976934
0.015984
0.282578
0.321798
-1.54943
0.199429
1.87156
-0.159111
3.79816
-1.04085
2.5684
2.77337
-1.77169
-2.64775
0.20435
2.24529
-1.12332
1.83502
-0.37443
1.41236
3.74138
15.197
-0.338905
34.6806
1.0702
-0.631134
-0.29967
4.55811
-3.14736
-0.165592
0.652144
0.0736152
0.207974
-0.0223634
1.52306
1.3105
-8.53712
0.820219
1.74185
-0.349716
-2.46801
1.28372
-0.665254
-1.31368
-1.78588
-5.33902
-0.551603
-0.0798865
4.18896
0.614211
-0.256487
0.295556
1.14859
4.93255
-4.23479
2.5427
0.258268
1.54398
0.511
-2.31226
0.535548
3.02722
-3.40819
0.21195
-2.10352
-5.57967
-3.88847
-0.15016
0.412385
0.59362
1.47773
-59.5436
-1.1993
-15.0779
-0.533109
1.2666
-0.102266
-0.306816
-1.72385
0.175701
1.52929
0.32547
0.567809
0.773302
1.26882
-1.6867
3.34011
0.112916
-0.148508
1.31415
95.9986
1.42226
-1.46967
-0.907493
-24.8313
0.0128365
-16.5014
36.5298
-0.536831
0.30924
-0.369655
0.463482
-0.939929
8.69712
-0.0027579
-0.682788
-1.62582
-0.804575
-2.15956
0.426608
3.34959
-8.42482
-0.874617
-0.239614
-0.348865
3.37855
-0.915617
-0.0981245
-5.87807
-7.43102
-0.82227
0.701325
-0.372794
-1.14604
4.58569
0.116638
-6.42724
0.117012
9.11147
-0.0160196
-0.482121
1.24581
0.0221375
-3.55906
-0.588128
-0.254689
0.273327
32.7414
1.62382
-0.00983442
-2.73939
0.743241
5.59984
0.023893
-1.56813
0.227059
-1.1194
3.52236
-0.517405
-0.0356034
0.554058
-0.210274
-0.417036
-1.58734
-0.193734
-59.6256
2.09499
0.665905
-0.988688
-1.00413
0.391924
-2.07591
0.755014
1.06972
0.945187
0.922362
0.797924
0.0672263
4.6488
-0.0224556
-129.262
-2.76666
0.551959
1.09321
-3.92619
-0.346728
1.00592
3.59872
-1.64231
-2.12764
-4.9471
-0.0200074
0.658855
-3.58176
1.44438
1.70652
0.396812
0.0531668
40.7891
3.28961
-0.421904
-1.39014
-1.88333
-3.17981
0.350824
-2.83939
0.0107666
-0.140882
0.964562
19.2028
1.87218
-0.172676
-0.665028
-0.937842
-1.50438
3.67786
1.52197
1.25518
-0.831407
0.169089
0.270172
3.01299
0.976939
-0.410474
2.32153
0.508883
0.0361131
-0.195187
2.23958
-2.0745
-0.90216
1.46191
-1.42704
-0.242892
-1.20083
0.480813
-12.6716
73.0294
-0.840397
-9.22151
-1.09485
1.07508
-0.740152
-0.210445
-2.7074
17.3557
0.334392
0.290668
-5.42999
2.99795
4.85689
-1.63547
-0.840792
0.470254
-27.1906
0.212752
-0.381599
-0.182365
1.97081
0.17092
-36.4827
0.389569
-0.131066
8.0653
1.30734
-0.0131145
84.0817
141.069
0.769803
-0.701148
-0.996414
-9.82675
23.3925
-2.95668
33.5558
-0.850109
16.5531
0.408839
-2.92848
-2.06808
0.676189
-1.86681
0.410013
0.608178
0.752762
-3.55591
0.0763468
0.870369
-1.43403
1.18476
-0.0385251
-39.5397
-5.75238
0.624397
0.69639
-0.154337
-0.0956826
0.737383
-0.388672
-4.67801
-0.055201
-82.7616
-0.791504
1.91492
-0.412285
-0.275435
2.06846
-5.44581
-22.7607
1.54476
-0.394198
-1.32372
-0.54535
-1.47029
5.79025
0.387901
0.460007
-3.03365
3.51695
0.89576
0.750405
-0.976179
-0.295764
-0.51995
-2.67083
-1.55572
0.798892
-1.79905
0.489573
0.772757
-0.0270013
-0.668135
-5.62608
-13.6543
1.59117
3.94846
1.9721
1.68565
-0.724174
1.08548
1.40502
1.05297
-0.192181
-0.64392
0.573318
4.66549
0.0152374
-75.3832
1.37427
2.39392
0.100541
-1.05763
0.53199
2.76076
-0.999716
-0.222448
-0.724976
-0.289458
-2.3472
3.26318
-4.66018
1.78882
-11.2774
-0.572662
6.23232
-1.56232
-0.707225
0.547721
0.380066
0.0763261
0.716383
-1.22708
2.24338
-0.24669
0.282883
0.705748
0.696874
-11.7832
-0.343934
1.13872
0.0137066
0.127978
3.39712
-0.79906
-2.58079
-6.7214
1.90336
0.540074
0.825196
1.51335
-3.95836
-0.659732
-0.712052
3.37504
-18.401
0.963989
-58.2397
-2.41151
1.67584
-1.34956
-0.214739
0.122375
0.0453838
0.262634
-25.615
1.47521
1.99898
1.87047
1.61805
0.0410916
-0.379537
12.0925
-1.06869
-1.95318
-1.3048
-1.06383
2.52561
1.25306
3.3582
0.0501661
0.224292
0.837923
0.171959
-0.390911
-0.390306
-1.395
-0.204764
0.218103
0.108388
0.924938
1.04676
1.3163
1.04227
-1.9887
1.23072
-0.147349
0.301578
-0.224541
0.702873
0.542911
-6.50604
3.00829
-0.821934
0.525222
0.344662
-0.51377
1.22808
0.686726
-3.26296
17.0044
-7.56555
-0.548073
10.645
1.09437
81.3329
-11.3769
1.62457
1.64581
0.865414
-0.435648
0.159514
-0.0462743
0.998013
-1.07403
-0.886201
0.0922961
0.537954
-0.274006
0.670606
0.765842
0.884928
0.0900208
3.14594
0.425424
-1.38256
1.32458
1.3832
-2.2884
-7.32324
-1.57858
-2.32593
3.24732
1.44312
2.24559
-33.7898
-0.837226
-0.892487
0.256499
0.337107
2.86784
0.0350373
1.34287
5.00676
0.671638
-0.710698
-0.767923
-0.324755
-0.495968
8.06627
-1.03854
0.7136
1.45036
-0.261486
-0.775069
0.505991
-4.34773
-0.397846
-1.64705
1.58603
0.268821
-3.31476
-0.0782772
1.31024
0.389285
-0.361874
3.78511
0.321179
-0.784538
-0.426067
-1.79599
0.305486
11.6088
0.171583
5.03515
0.175797
17.4125
-0.249639
-10.2977
-1.28969
-0.243427
1.43192
-0.230844
-3.02633
6.65849
1.94436
-0.580539
-0.593357
12.5475
-1.74427
-2.78514
-1.09971
-12.567
12.902
-5.26882
-0.497388
-1.15161
0.824233
2.08197
2.49348
-4.92506
-1.06004
-1.11131
-1.07456
1.23242
-0.741515
26.4922
-0.283668
1.30152
-1.11734
-0.927349
2.9093
2.45554
-0.244248
1.20896
-2.35862
-0.313278
-0.379913
0.17103
0.0435408
0.69059
0.572745
4.71865
-2.39919
-0.340388
-0.353684
-0.472778
3.72535
-0.368356
0.0463901
4.09947
4.94247
1.02419
-0.849751
1.56137
0.322585
0.0659919
-0.067384
0.194573
0.754557
-5.6129
-0.913791
-0.000428
15.2254
-2.60721
-4.25588
-0.410806
-0.377414
1.33389
-2.0771
-18.5186
-2.82103
-1.54269
-5.53719
0.354699
-1.36427
0.144317
1.75506
0.128801
-0.799512
0.998351
-0.586496
-2.88277
-0.0629168
-0.485777
5.19259
2.03954
0.820535
0.855707
-0.0982957
0.611291
-4.61115
-0.365625
-1.16721
-5.59024
-0.637548
1.79885
-0.902029
-1.7942
0.973847
0.0402273
0.13736
-1.2421
-0.0267392
-7.63917
1.81842
-0.847199
-0.850814
0.261736
-0.112676
18.3663
0.790053
0.223352
1.77029
-1.99559
0.202117
-0.111502
-0.169245
0.51491
-0.916649
0.224253
-9.4143
-0.0191709
0.775139
-0.0591991
0.893134
0.106421
-1.19681
-0.543576
1.00699
-5.96774
1.04868
0.398575
6.03716
0.397594
-0.717937
1.86917
1.95969
7670.54
-0.313105
-1.72833
-0.328065
2.13969
-0.391848
2.7947
0.777245
0.375969
6.23188
1.09018
-0.190535
4.25351
0.558061
-0.902581
-0.028129
-0.286329
0.40067
12.1725
-0.218511
-4.6202
0.747329
32.7916
-0.344323
0.829303
-0.946616
-0.268508
5.50164
1.8012
0.149473
-6.80303
-1.54057
1.05336
0.142326
1.09388
1.12185
-4.58134
0.244246
-3.08003
-0.050561
0.165786
-0.742423
0.816399
-6.05217
3.12756
3.66607
-3.56628
1.52997
-1.70122
1.10188
-1.02489
-1.95697
2.28422
-1.33678
-0.212417
0.0597867
-0.458819
-0.149772
0.061652
-1.17297
-1.63022
-0.286865
-4.04629
-1.69683
1.17699
-0.594708
-0.182744
-1.42117
-10.2847
2.41834
-0.0776345
0.509201
-0.225725
27.1902
-1.21166
1.56006
5.12592
1.27163
0.0160096
-2.91826
6.56743
1.6537
-0.427305
-6.38971
-0.444147
-0.353135
-0.570181
1.09712
-0.59812
2.39527
-1.21735
-0.624435
-0.552024
-2.07966
-1.01622
0.294522
0.712027
5.36388
1.38549
2.75081
1.88388
1.65143
0.912366
1.22245
4.88638
-2.18458
10.6541
0.966949
2.75965
-0.491617
-0.461717
-0.300497
-2.01977
0.258228
-0.943805
4.36841
-9.84502
-0.534094
-4.6153
-0.937087
0.512952
15.2945
-0.0925329
2.25829
2.07873
-1.92483
0.968383
-1.23181
1.37251
-5.3153
1.63304
0.208029
1.42174
0.00495662
-0.158342
-0.0188639
-0.176277
0.717914
-1.53744
0.556898
-1.18233
-4.67777
-0.159657
0.587328
-1.43402
0.282514
0.919313
-7.90188
-1.09591
7.08051
-3.0284
1.5142
-0.189342
-0.322753
1.04359
-0.149981
1.3837
-0.186112
1.12279
1.36051
-0.685418
0.0478297
-0.831997
1.41345
3.68402
-4.51404
1.13075
0.232944
0.0522747
1.28311
-1.30179
-0.448771
1.01916
-1.44847
-3.25207
-0.370907
5.84317
-2.01266
-0.890146
1.27406
-0.381579
0.121506
19.3876
-0.48467
0.140274
-0.289751
-0.0533902
-1.91499
0.818191
1.29536
-10.903
-0.509818
1.28235
-0.0021214
-1.66695
-0.571615
-0.744278
16.6216
-0.0252051
1.43066
0.927515
7.52555
-0.157683
0.178719
-0.861242
-8.56088
0.905805
1.87466
-0.091973
0.881382
-0.446652
-0.32798
33.4838
1.30582
-0.0489244
-0.737038
-0.750076
-0.606726
0.0739282
1.27915
2.58381
-0.976203
6.80539
0.387126
0.266007
-2.70275
14.3792
-1.04087
0.204591
4.26948
1.01288
-2.31231
-0.873852
0.214074
1.45316
2.15868
-1.3156
-1.70298
2.40116
-0.501499
-0.317943
1.03044
-0.500111
1.68746
1.35177
-0.768064
-1.70686
0.891014
3.52355
-0.265875
-1.53064
0.698564
0.0222533
0.552349
-3.07381
1.39254
-0.491339
0.889397
-0.840991
2.42968
-3.04606
4.87016
0.0153577
-0.502831
7.31248
-11.9701
1.91354
0.974825
2.01112
-2.57022
-5.86051
4.09137
0.23885
-0.0356443
4.34692
0.0678254
1.57403
-2.99461
-3.30115
-2.55338
-0.870625
0.647211
0.629938
-0.0303082
-0.554308
0.653636
-3.63727
1.57363
0.687431
-1.22615
1.93181
-0.624256
-2.68275
0.296368
-0.764767
-4.15959
6.50145
1.56589
-0.684918
-0.382101
0.757945
0.284637
0.177212
-0.598571
0.0579865
1.33773
-15.5698
492.765
0.900674
1.27176
1.4187
0.144977
0.492149
1.29959
-0.0217134
4.49589
-0.649235
-2.05396
0.322856
-0.296256
-2.53444
0.0448476
0.0955616
-0.224641
7.25127
6.9105
2.12853
-1.75844
0.7898
31.4179
-2.29838
-6.42831
-0.674366
-1.03095
8.95353
0.572272
-1.82809
0.188975
-0.228968
-0.813968
6.88817
0.857138
-3.65497
1.12919
2.5285
-0.0812909
16.931
-0.128305
-1.26816
-3.55299
-0.499928
-4.12492
0.79128
333.43
-0.937522
-2.33959
0.729228
-0.352164
0.732195
-2.32111
2.06883
0.317052
9.12206
2.68999
0.906682
2.18566
0.365537
-1.09828
-0.246813
3.158
-0.0689481
0.0305775
-0.98181
1.21945
1.91038
0.143372
-2.32767
0.180761
1.68043
-3.36382
5.40104
-0.15263
-0.656952
2.45023
0.816467
1.07869
-2.96417
0.774274
4.53177
-6.19901
1.83585
-26.7151
1.25688
2.87043
7.72934
1.00175
-0.132316
-0.763208
-0.212749
1.20602
1.14985
1.93621
-0.106881
-0.024364
1.08185
-4.40702
7.90208
0.196121
-1.71526
-1.39159
0.307649
0.0183202
0.230395
0.0601151
-3.59521
2.68875
1.88916
3.03806
1.84058
-6.00128
0.216713
-0.33954
-0.683249
-0.682713
-3.79369
-0.0281908
16.0199
-0.600292
-1.87626
-3.15389
8.68993
-0.215061
-0.005953
1.8049
0.251968
-0.180012
6.1234
-0.894045
-0.677129
0.232439
-5.21289
1.10365
-2.72681
0.982232
3.72542
1.34216
2.57373
0.595177
-2.40613
-2.314
0.547334
-1.23189
-0.13144
-0.17993
-0.475295
-4.31215
2.12634
-0.663363
37.1406
-0.309266
-3.74047
-0.139326
-1.31799
-0.952036
1.34364
-0.0176793
0.724599
-0.347228
0.779619
-0.252957
0.550351
0.568191
0.578079
-0.566934
-2.9865
0.830844
1.81459
-0.783689
-0.153221
-0.618667
-0.804826
-1.17383
2.6946
-0.0376235
-0.810173
0.652965
1.75711
26.3676
-3.26287
2.76612
0.110183
-13.6278
-5.72454
-0.430331
0.306362
-0.42306
-3.34324
-1.68809
-19.1434
0.954643
-1.01225
-3.07012
-0.132532
5.10983
-0.333162
-2.201
-1.32361
-1.03961
-1.00244
9.76997
-0.447291
1.64768
-0.362533
1.69334
-7.65049
2.23772
0.61266
-1.16602
0.589859
0.917589
1.12874
-0.888023
-0.839854
3.08895
-0.887076
0.541826
-0.0016302
23.392
-0.0714147
-5.81421
-0.265979
1.07321
0.0655228
0.44443
0.324033
0.638652
1.83537
0.706457
-0.0837826
3.1298
5.13764
9.67466
1.32792
0.276697
0.98066
-0.291268
1.26132
4.81315
67.0822
0.734368
0.83898
-1.30586
0.772961
-4.31911
1.70364
-5.91158
0.463338
-0.126229
-0.0332018
-1.42084
0.336575
-1.05846
-1.75615
86.0933
0.161009
0.562865
-1.14048
-2.07637
-1.45331
-0.892572
0.216784
0.468223
0.485553
5.33256
-2.15324
-0.794021
-1163.07
-3.63253
-0.768185
-4.44302
0.845766
0.36231
-0.455894
-1.28664
1.66703
0.062321
0.754215
0.852296
0.713025
104.036
-3.02605
0.876285
0.41385
-0.163228
3.76533
-8.24967
-0.120377
1.12881
1.82731
-1.70393
-10.1375
0.476854
4.71956
-0.955571
4.07225
1.87588
0.925216
-0.595952
-0.332141
0.997025
-1.27898
6.1041
0.3725
-0.275398
-1.92741
-1.27663
-2.30104
-0.467611
4.19328
-0.215138
-0.396718
3.82155
19.8377
0.017428
2.36672
-1.3574
-2.05436
0.362347
0.955704
0.599851
1.16106
2.19131
0.57167
0.12149
0.250307
-3.2429
-0.635435
-1.99054
2.51801
0.161498
0.0704059
-1.49603
-0.837792
0.700982
5.03476
6.03558
-0.246546
2.9446
-0.0302706
-1.908
-0.0977749
-2.00478
2.20804
-3.29626
4.40905
1.06106
-3.68864
0.948977
0.41523
0.0868777
0.902448
-0.21208
13.413
0.534631
8.00701
-1.27823
0.592116
-0.759372
0.0366089
-0.437978
1.08178
-0.0312626
-0.326771
0.736225
-2.27618
0.457006
-0.685746
9.59565
-6.15644
-0.798296
-0.624064
-1.27941
0.900935
5.27924
0.866431
1.60214
0.406615
3.04003
-1.31562
-0.427148
0.59543
0.0596777
-0.750152
0.480599
5.82199
0.111126
3.10164
0.686195
-8.71571
12.4501
0.12796
-3.31827
1.15169
20.8642
0.307066
-1.32299
1.54307
1.56093
0.254369
0.944329
-0.475091
0.170572
0.200887
0.183264
-0.692623
1.30969
-182.491
0.558528
2.34178
6.89056
-0.638209
0.141895
-2.48388
0.57711
-6.24427
2.48179
-1.3002
0.00788724
1.68228
-0.142838
0.789803
9.59054
-0.861439
-0.476936
-0.115869
0.162919
-0.712726
-0.68228
1.63806
5.22888
-0.295452
-1.68752
-0.52032
-0.0166129
0.727359
-0.0896959
-0.665988
4.86742
3.72258
-2.5164
3.26804
-0.230831
3.966
1.35362
0.135661
2.58594
6.84617
7.65171
-1.80145
-0.975382
-0.575388
0.467119
-1.46087
-5.66453
-13.7403
-2.05457
1.12242
-0.304348
-0.380092
-1.63809
1.5756
3.23867
68.1898
0.0737263
6.3993
-1.32161
-9.80831
0.920161
-0.486362
5.4987
0.220578
-0.570077
-0.951319
-9.3888
-1.75629
0.70287
-2.31909
1.98071
0.0040578
0.219457
2.38364
0.165251
-3.91027
0.981909
-0.231244
0.639031
-9.6034
-34.8655
14.6561
-4.46939
-2.29555
-0.408291
20.3248
-3.20807
53.1635
-0.134477
-0.619095
-0.130975
-0.0576838
0.919932
0.26953
7.14554
-0.5235
0.2104
-1.99501
-0.57493
1.03997
0.746886
-0.6728
-0.861043
2.50864
-1.13433
-1.56174
-70.1215
-1.83498
5.34441
-0.162531
1.43408
-0.289135
-12.8191
-0.239049
-0.727119
-0.0294059
3.81982
-1.58922
-0.43818
-1.83871
1.91982
-0.389767
-0.0851024
0.537781
-1.27376
1.39884
-0.295073
-5.11896
-0.950896
5.34982
1.28342
0.202502
-0.380256
1.40981
-0.776155
0.805513
-5.0174
-2.37308
4.95659
41.3858
-0.0927234
-1.25591
0.0609148
-1.1346
-1.36099
0.683974
65.6273
-0.300615
1.48942
0.0564471
0.255107
0.256041
-1.49138
0.185092
-1.17827
0.659664
-0.224242
-2.92363
-6.01283
0.128032
-0.662487
2.17323
1.0016
0.345381
-1.22062
0.441227
-1.31402
-0.727531
1.39014
0.187078
-6.61245
0.61397
1.78845
-2.69922
1.19693
-2.29074
-3.51978
-4.88988
1.31566
3.49709
3.20372
6.36383
0.587279
-1.71871
0.0206959
-0.1337
-0.698751
1.28919
0.0831824
0.458176
-0.93784
-4.3361
1.18779
4.003
5.61711
3.72477
8.11573
3.12948
-0.272356
0.282771
-1.14096
3.15417
0.0403143
-2.47569
-1.0786
1.67593
-1.03935
0.204171
2.30866
2.50735
-0.941597
-0.101909
-0.661326
0.266764
-2.99586
20.422
-0.530452
-0.0240574
-0.504048
3.72906
-0.378166
-1.53595
13.5745
-1.82836
0.295152
0.0356123
-1.93832
-2.59725
-1.51007
1.70204
-0.0049609
2.99689
-0.060583
1.11484
4.18512
-1.01605
0.864266
1.78705
1.80582
0.0333612
-0.573966
-2.56265
4.96616
-1.95496
-0.0802756
1.00283
0.727613
0.0042476
2.772e-05
0.601841
0.660419
-1.1024
0.381957
1.80632
-1.50622
16.0076
-0.816221
-0.190507
0.598912
1.73032
3.54498
-1.20305
-1.65603
0.730158
-0.901551
6.65133
-1.35908
-0.289947
-0.265346
-2.95565
-1.19306
0.631959
2.00023
-0.680917
-0.159928
-0.0459979
1.84802
-0.607662
3.87946
0.360539
1.12887
-15.0223
0.535517
0.0813516
-1.82783
0.282167
-0.342195
-0.688135
-0.37054
0.421199
4.37239
-0.0834023
0.0438868
-0.619435
-0.163273
0.443879
465.63
31.7993
0.158788
2.33889
0.0392589
-0.678144
0.766239
-54.7514
2.67242
-2.22891
1.16194
-0.269761
14.5563
-0.333944
-1.0555
-23.3872
-0.550705
0.214357
-0.504391
0.329546
1.59844
-0.47792
23.0154
-0.507474
-0.580774
-0.495527
-0.286556
-0.857152
0.628005
3.07212
4.99936
-2.24893
0.491713
2.52374
-80.3922
-7.45053
-6.44632
0.951936
1.20685
-1.86579
-1.10586
-0.233124
-5.18415
-1.36388
15.9566
2.87699
-40.2125
-0.267148
0.110277
-13.5417
0.134824
-0.196062
-0.0324304
0.163105
0.417065
3.38925
-0.368132
-7.82165
-1.39176
2.54935
3.96864
0.124723
-0.92579
-0.0281905
0.0111963
-1.30248
-8.67447
1.65575
-0.691773
0.158474
31.3444
1.25527
0.472146
0.677302
-2.98251
-1.03447
-0.0575248
2.18388
-0.571522
-0.407434
-7.57322
2.43539
-2.80419
0.807647
-2.86297
-0.508876
3.41385
-0.633021
0.513472
5.51345
-0.229015
-158.917
3.5841
-0.902137
-32.0172
-0.599556
-2.86814
0.184032
-0.147324
0.334703
-1.01665
-0.359416
2.97974
-3.27445
-2.08171
-1.06312
-0.18544
4.53604
0.17032
4.55183
-11.943
-0.127601
-0.231096
1.55018
-0.425904
-1.36076
-0.424121
0.459819
-0.256509
-76.9041
-0.50108
0.755875
-0.0556042
0.0726168
-6.22378
-1.88002
0.676092
0.87071
2.16583
6.33902
-1.12588
-2.49315
113.555
-0.805142
-0.214574
-1.21509
0.496253
-0.231893
-0.0909153
-6.86243
1.10969
-0.347478
-0.880655
6.62544
0.65212
-25.1839
-1.71954
0.02121
5.87023
-2.45102
-0.565703
-1.44249
6.70706
4.35844
-2.92571
0.841416
0.21389
0.585573
-0.141461
19.9825
0.562928
9.06954
-0.0881879
-1.4856
0.241804
2.95673
3.2224
-3.82759
-2.44924
2.61093
1.11088
0.518752
-1.0378
5.93043
-0.387005
-4.50383
0.552223
-0.322488
0.196072
0.574966
0.124114
15.2142
-0.247707
-0.323452
0.0381261
-35.9545
-0.823303
0.424717
6.15991
-1.23575
0.243067
0.56585
-0.571156
0.0570983
-0.41916
-0.731508
3.90907
0.0803847
-3.20991
-5.58302
-2.00383
-0.245471
-0.0400985
0.995946
0.275924
-4.76498
-1.76725
-1.59075
-60.9431
-0.0949561
0.332005
1.15285
-2.73951
1.28253
-0.27873
2.66555
-0.296567
-0.705971
-0.283818
2.45092
2.54914
2.79299
16.3551
-0.0754828
0.18627
-2.01229
-14.2296
0.413223
-3.58808
1.14869
-0.640973
-1.82543
-5.54694
-0.375689
-8.68367
-3.93058
-3.17387
0.548722
-1.61237
-4.76837
0.496214
0.846789
-0.66588
0.238296
-0.967526
0.520624
-1.49808
0.735895
-1.58527
2.03237
0.755922
-0.167367
1.00391
0.0622774
0.454051
1.54057
-2.01485
-9.27016
-2.85808
14.055
-3.74032
0.796138
-2.4138
1.19022
-0.683137
1.03588
0.230852
0.605554
-0.498478
-1.61852
0.339165
-0.559154
7.28607
-1.46007
-9.03174
-4.43301
1.0545
-0.214952
0.153491
0.181801
-1343.13
-2.72464
5.3603
-0.527975
0.221055
1.00624
-0.789991
-1.14627
-4.92989
-8.09811
-1.13881
0.147286
4.62502
0.0491228
0.142913
2.65271
4.99979
0.459935
-0.385064
0.51528
1.83225
0.514133
0.866817
-0.262984
-1.78782
0.592924
-1.77473
0.491058
9.83568
-1.58768
-1.22034
-0.119814
-1.36418
-0.650751
-1.14375
-0.677999
-2.48601
-15.9816
-0.870694
-2.50454
11.1756
0.586202
-1.06984
1.55242
2.45354
-0.710005
-4.35293
1.99414
-0.678931
-1.25303
-13.972
-1.80133
-0.957536
0.324434
3.20784
0.0719952
0.142192
-4.68557
1.3184
-0.398157
3.77749
0.821791
0.568273
0.521459
9.28535
-1.82161
-0.702071
-4.92003
-3.09576
-3.44015
-1.12019
-0.0360549
-0.870932
2.45386
-6.99393
-0.548946
-1.70131
-0.637617
-0.0424576
-0.174572
1.16563
-0.834158
-1.40735
0.0069009
1.08321
-0.424382
-0.527533
0.36272
0.662058
-0.84911
0.636676
0.759988
-0.698508
0.208689
-1.05562
-2.32369
0.73198
-2.36412
-1.90089
1.60459
-0.41388
-1.20258
0.370795
3.82013
1.54513
-1.27033
-0.133066
-0.361571
2.25379
-1.06275
-0.720766
0.710292
0.467853
-0.010409
0.730148
-1.27011
0.683054
-0.870454
-1.47065
41.9612
-0.222346
-15.7262
-0.47463
-0.544995
0.0134067
-0.400639
-0.139657
-4.79668
7.31436
1.60744
-0.800144
-0.107555
0.570736
0.0774571
0.386848
-1.90608
1.27621
-0.403488
0.402932
-0.875963
0.118968
2.18994
2.31342
0.184259
-0.0138691
-0.266688
-0.941457
-2.55491
-1.43822
0.0768035
-2.38436
0.528484
1.92839
0.339102
0.451497
-0.187333
-0.0450666
-0.499071
0.241952
-167.322
4.49803
-2.83373
-0.627895
-0.5209
-17.4823
2.81619
0.762734
0.862719
1.3006
-2.32132
-0.0993493
-17.3414
-1.44251
0.064514
3.60084
1.5572
1.88761
-0.0531778
0.352007
2.15564
15.3221
-0.0205875
3.32791
0.791119
14.4387
-0.7314
4.3962
-53.1969
1.32674
1.01298
-0.0560443
0.647334
0.206147
0.507613
-3.01937
1.08564
-0.574789
-2.49562
2.78933
2.23374
-0.660714
0.392994
-0.517902
-2.58024
-0.742109
-0.979402
0.901959
-0.481616
5.00094
-0.390139
0.559417
1.34309
-5.8383
-0.239014
-0.365648
-6.89851
-0.389839
169.786
8.15584
-95.1825
-1.72455
-0.0369635
-0.482329
2.35131
0.521208
1.47873
-2.33302
0.576125
71.3434
-0.924681
0.229802
-1.00084
0.942986
10.6107
-1.83385
-9.72448
-0.702733
5.01823
-0.0417227
1.08837
1.13382
-0.206226
0.294192
-3.02003
0.0314984
-0.437315
1.70107
-0.986978
20.7531
-0.0162419
1.67233
-0.7906
0.496668
-1.14853
-0.57057
0.550096
-0.217648
0.383154
2.2218
1.1162
1.39354
0.0283776
2.2391
-1.05273
0.592628
0.166334
-1.76778
-1.0311
-0.710337
-0.781837
0.514578
0.672192
0.0141756
0.875576
-2.13709
1.49139
-2.14367
-5.24594
1.79533
0.773976
0.313864
-0.944426
3.46887
5.09419
0.993897
0.932539
0.0188485
-0.517748
1.02246
0.127733
0.967552
0.669892
-5.0067
-0.604025
-1.26708
-0.163614
-1.50861
-2.87919
-1.39468
-0.484186
1.36761
6.90533
4.56651
-2.03143
2.51775
-1.41734
-9.40547
0.0976103
0.136325
-2.65974
-0.693262
-1.16821
-0.186885
0.120218
0.0304864
0.490829
-3.94174
1.89378
-0.635688
0.435529
0.199827
-2.74623
-0.656467
-1.16193
-2.72024
20.3176
-25.6682
-0.863142
-2.35204
-46.3843
-2.63299
1.2703
-85.648
2.64006
-0.637212
3.12375
1.06284
0.223054
2.65547
1.56943
1.00876
0.747804
-0.117142
0.654717
-0.836934
4.55451
-0.721875
-2.30655
0.523333
-0.131351
-0.0347631
-1.5042
-1.081
1.60177
-1.03295
-2.21716
1.1261
0.0721034
-1.64159
0.777736
1.49585
-0.337093
-2.16067
0.122793
-0.0450451
0.822922
-9.98404
-0.811017
-0.136555
5.41542
1.28907
8.5025
-0.333332
5.63845
1.06042
-1.76758
0.0988478
-11.7761
-0.010328
-10.3706
1.18131
-0.429942
0.715606
0.14971
1.13733
52.3261
-1.80294
38.6978
51.3022
-4.03202
-0.272671
-3.60079
0.977365
1.21571
0.548829
0.204826
-1.23018
2.96711
-0.701455
-0.857652
0.186746
-0.762446
1.51888
-2.83626
-1.72837
5.46153
1.97893
0.734632
30.763
1.15986
-0.325921
0.680083
-1.28918
-0.868523
1.41027
-0.298294
0.864889
-0.150606
-0.229319
3.46817
0.393596
0.929231
-1.83919
-0.795536
-0.2046
4.95209
-2.55194
-0.220673
-0.252176
2.23769
2.89821
1.47599
0.980374
0.245412
-3.28729
-0.00164945
1.30688
-1.27582
-0.731901
-0.192469
7.67419
-2.20556
0.0876183
11.4523
2.46471
-1.3535
-1.14717
3.12823
1.57913
-0.246397
2.65485
-7.272
-0.883175
-0.197916
-0.843341
-0.0891036
-0.574025
3.46824
0.755579
0.052361
0.229132
-2.49799
6.80635
-4.25804
5.42556
0.379914
0.220593
-1.60073
-1.9148
-0.292271
0.746189
1.681
1.48306
-0.0531842
-25.1812
0.875074
0.314524
-0.347595
0.592894
21.3086
0.132116
1.0694
-0.208548
0.173399
-3.10984
3.00746
0.267529
-9.54034
0.647365
0.955387
1.47427
-0.883158
-0.677935
3.08909
1.45845
-0.056787
3.39352
-1.9474
0.675139
-19.4693
-0.950144
43.383
-3.75525
0.789154
-15.4435
24.2138
-0.495716
0.252755
-0.0707951
-4.04589
-1.01091
-1.31589
0.379581
-12.1704
-13.3676
1.83996
-9.07284
2.70574
12.1
0.294726
-6.58334
0.826762
0.555948
-0.769535
1.24368
0.74528
1.67309
-1.10106
0.308046
-0.297505
19.5515
-0.342748
0.591311
37.4313
2.5584
-5.78697
0.345583
1.85218
-1.92015
0.360888
-1.61646
-0.695083
-0.161555
0.935683
0.702705
-0.144799
-6.08973
0.79621
-0.940252
-0.820005
0.10032
-5.37228
-1.73846
-36.1778
-0.199888
2.59782
4.3637
-1.24081
0.944777
-2.43544
-0.0938361
4.61751
0.318634
0.374829
5.19315
0.379556
0.442941
-1.2571
-0.0010141
-0.592474
0.277819
0.226301
0.998814
0.387784
-1.11737
0.0649195
-0.387612
0.0311156
-20.0408
-0.145157
-0.253242
0.566829
1.25829
-0.516357
1.99765
-1.51151
2.27479
-38.6422
0.482171
-1.3198
-2.91646
1.26802
-3.70597
8.74035
1.03862
0.730182
1.25695
3.53606
-0.735453
-22.344
-0.8241
-0.608031
-74.4699
-0.360177
2.94461
-9.33762
-0.0328556
2.28381
1.96727
-0.43992
0.751776
-0.277271
-2.79753
-3.63969
0.251764
-0.279921
-4.46563
0.617689
1.07384
-8.2877
3.62481
-0.174516
-1.325
-1.47822
0.701496
0.9131
0.31869
2.18639
8.51115
-0.100719
-2.89946
-0.413837
0.234202
0.301008
-1.70112
-0.573065
-2.82764
-0.245447
-0.536607
-2.72954
5.2298
-1.4116
1.40745
1.18951
0.442321
0.17905
0.129227
7.75163
-6.40656
-2.94186
0.0861402
2.23734
11.2598
0.729496
-3.3177
0.162795
1.96261
0.707056
0.408069
0.386713
-0.264068
1.90456
-1.20885
-0.0464356
0.143419
-0.598172
-1.95951
0.583613
-4.95129
-2.81702
0.163792
7.05477
5.46722
12.9151
0.814198
-0.684043
1.30484
0.667059
4.23072
4.46669
-47.4122
-0.616638
-102.895
-0.121231
3.09509
-1.23392
-0.0178697
0.0731411
-0.948873
0.523501
3.47277
0.628456
-0.284712
0.91668
-3.95616
3.94267
-0.656934
-0.00854578
3.56694
-1.43719
-1.07977
-0.266575
-3.12198
1.083
-3.55834
1.60616
3.36711
-0.998683
-0.312949
-1.29234
-0.843968
-0.817807
-1.16842
0.207294
2.88897
-0.576418
1.33443
0.692646
1.09524
-0.628411
-0.612687
0.181137
1.75955
0.91615
-0.23698
-3.02222
-1.38326
13.0684
-0.0901611
3.86206
-1.83697
1.12465
-14.2855
-11.327
0.269444
-3.44749
50.3054
0.0580222
-1.02649
2.36081
-0.554706
2.23764
-1.41657
2.42692
3.016
2.24054
-1.46564
4.01409
0.0601607
-0.360296
-1.05481
0.57541
0.366041
-0.810494
-1.39332
-0.175375
0.0773943
0.643904
-2.67831
4.13185
0.493819
5.23912
0.570162
-3.95689
26.4819
2.28764
-1.73898
0.0763917
0.259112
-4.14191
1.27717
-2.26421
2.88245
-6.39706
0.706466
0.0220251
-0.0171938
-3.30287
-0.721786
0.101655
0.96357
106.408
0.365787
0.593357
0.807341
0.803964
0.0057261
0.288422
0.661827
-0.763655
-7.56986
2.3734
8.61532
-0.874846
-7.11488
1.61225
0.137205
1.26042
1.98426
0.35776
-2.20787
9.14785
-17.0833
1.13061
-0.0791631
-0.596357
0.416465
3.27266
-1.86281
0.946052
8.82357
-0.0013122
-8.46167
-2.15912
0.218542
0.257275
-0.0678928
1.33946
5.59767
-0.746532
0.126142
3.6555
-1.5461
-0.360154
-2.07
-7.25566
-0.457053
1.10785
1.5911
2.37495
1.67703
-4.5375
-1.17488
-5.4946
-0.403744
-0.0701941
-1.54123
-0.563782
1.54636
11.4631
-0.314691
-4.15614
-2.23905
0.336045
7.11674
0.118043
-3.24457
-1.3717
0.694301
-2.46504
2.6258
-1.21889
-3.48184
1.11329
-0.0570282
0.406761
-5.8713
0.327416
-2.5521
-0.107381
3.20625
5.98712
-0.186302
0.942284
-0.906929
1.86374
0.752364
0.172579
-0.703934
0.502815
-1.02352
0.398341
-0.150027
0.995755
-0.104376
0.15291
1.87938
-0.0130066
0.570057
0.757717
-10.5852
0.713329
2.39609
-0.454456
-1.84054
0.249133
0.467948
-0.106497
3.76435
-0.0948534
-2.41663
-0.0925152
-0.175865
-0.608828
-1.20104
1.16146
3.23383
0.634256
2.83245
0.708162
1.65274
-0.110653
34.5559
0.138343
-0.0309537
0.164652
0.94721
10.0273
-0.103116
1.13209
0.634173
-0.213652
-1.59968
-1.04534
-0.0431388
0.456758
-1.08201
1.33234
-0.333534
0.241788
-0.0981056
2.65956
-0.618696
-1.44953
-8.31401
-19.1186
1.17929
4.39871
-0.0249968
-1.91365
0.732518
-0.0065298
-3.32494
0.383856
-1.24748
-0.517887
2.31384
-0.706674
0.363544
-1.32797
0.193765
0.485972
0.342445
-1.58155
43.1966
-0.153552
-3.87653
8.07467
1746.27
0.748509
-0.795675
-3.25361
-0.0062042
1.16494
0.172143
0.252804
0.865456
5.5136
0.95301
-0.118011
18.8717
-2.61249
0.403006
-0.431208
0.0517694
0.332328
-0.786574
-0.469309
-3.34301
0.234141
-1.72828
1.07793
-4.73311
-0.662703
0.514404
4.32488
-1.53285
0.0959667
8.19099
0.777681
1.72076
-0.150273
0.336229
-1.44684
-0.458785
1.98724
2.96941
-0.213608
-8.97297
-1.65323
1.98883
-0.4642
-5.75393
-0.151002
2.1995
0.455612
-0.909591
6.11222
-5.13663
1.44527
-0.67895
-0.0608654
0.463326
2.36465
1.17084
-0.403088
5.20455
-14.0021
-0.440866
1.68527
9.46688
-4.16421
-1.81286
0.463086
0.00722877
0.638679
-2.42079
0.076895
-0.143381
1.05146
1.01967
0.010888
2.31512
0.92764
-3.38759
1.14562
-0.334638
0.725368
2.46535
-1.27748
1.67719
-14.032
12.7508
-3.32304
-0.609603
-0.560643
1.34672
0.824492
-0.0341629
0.991823
-1.79479
1.51711
0.810129
262.622
-0.919847
0.264669
-1.08354
-0.835256
-0.595095
2.97443
0.0372667
0.585803
-5.14737
1.53271
1.32211
3.22066
-30.323
-2.56581
1.91351
-19.7839
1.32474
0.552077
0.888353
9.56928
-2.89225
-2.75793
-0.404986
-1.38208
-0.0943886
12.7817
-1.21914
0.809304
-1.99407
1.30519
9.87304
-2.42155
0.216082
0.524121
2.44669
0.546844
0.0089713
23.8641
-52.4559
-2.46827
0.33705
-3.81127
-0.242044
-0.326356
1.05335
-0.728447
0.834716
-0.0716855
-0.721599
-0.168656
1.60358
-0.646157
-0.565951
0.85243
0.698287
-2.83934
-2.1702
0.401568
-0.157068
-0.145531
0.266575
-1.3398
-3.16563
0.286413
-0.546247
-0.560418
1.27209
-0.327672
0.92106
-1.10996
0.322083
0.1965
0.425549
-2.22885
29.3908
-1.89713
1.27635
-59.5399
1.92019
-1.06422
0.0766281
-18.843
0.118461
0.685089
1.88815
-2.50458
-3.46274
-0.235423
-0.322525
-16.6876
1.55214
-0.920619
-0.0644916
-0.0331136
-0.239994
-1.12544
-0.359992
-1.1634
-1.88228
-11.7601
4.35437
10.4147
1.46065
2.33316
0.0038171
3.10707
-0.246966
4.50227
0.384435
2.2348
1.46801
1.61561
-0.444802
0.165389
-3.38964
0.568182
38.1233
-1.66724
1.69751
0.0680251
0.235191
-0.340319
0.903208
1.59872
-0.556333
2.30884
0.211013
-0.378325
15.3428
0.148868
15.0567
-0.472135
0.311323
56.2334
4.12885
0.859537
0.741939
2.87382
1.57757
0.916256
-3.95376
21.2262
-0.921576
-0.995603
-4.61139
4.37189
0.30518
-0.915349
-1.44977
0.107656
1.12049
-0.788506
0.68651
-0.422821
1.04653
-2.01358
0.333308
1.53297
1.43033
-2.46737
-0.498272
0.289767
-0.335065
2.985
-2.69279
0.687507
1.37487
1.59566
-0.181149
-1.26673
2.37664
-0.209372
2.02524
5.79097
3.6465
-6.15684
-1.58534
-1.35167
-1.25412
0.566362
1.70053
-0.619415
-0.323683
-4.11813
-0.436414
-1.02329
-0.887083
-9.49076
0.113474
6.30157
0.430069
0.793642
-4.7406
-3.00743
-3.29788
0.319431
0.406356
0.378802
23.1722
-1.60974
3.64518
-1.78605
-3.49252
1.29106
-11.6177
0.270664
-1.41407
-1.19594
0.467396
0.128383
4.59127
1.34039
5.79017
3.37877
0.570271
1.83026
-0.505523
1.0474
1.84263
18.363
-57.2322
4.66088
0.156102
-14.9256
0.877783
1.21781
1.79586
-11.9997
-2.45509
1.59746
-0.598848
-3.03261
0.912876
-0.454598
0.81396
-2.10193
3.2368
2.64032
0.517992
-4.88559
0.304271
-7.75347
1.14118
0.308836
2.49184
-0.635234
-2.36376
-0.715268
0.9193
-2.06462
2.39419
-1.09463
-0.0290898
-1.11309
-1.30514
1.75561
1.89526
-4.29102
-0.481235
5.62114
0.183322
-69.8949
-0.0388097
1.52008
-6.96823
0.625518
-3.05581
1.50418
2.0813
0.390133
0.914199
-0.325761
-1.71987
0.703013
-12.4991
1.65585
-1.5739
-8.48895
-8.08623
-2.90946
-3.09798
1.67188
0.331878
-8.5491
28.0061
5.06452
-0.681687
1.58868
-0.225815
1.04639
-0.0671118
-1.76253
-1.50591
1.23154
-0.0212025
6.31328
2.43603
1.84699
0.515225
-0.492559
0.986599
0.0918047
0.559206
-8.18489
1.7023
0.659274
1.3962
1.69586
2.05257
-1.96353
0.201688
1.29091
-0.675649
-1.36017
1.55625
-1.75504
0.444859
-0.813221
0.619442
-0.544657
1.09083
1.52808
0.814742
0.921658
-0.757612
1.36342
0.490426
0.209778
-0.375655
-0.0357097
-2.64206
0.577479
-1.9405
-2.47194
-1.16154
-1.46778
0.146846
-1.65814
-0.556195
2.06985
0.0660489
-3.14775
-10.0435
1.40546
-1.3898
2.3366
-0.214064
-0.0866858
-1.79731
1.3163
2.16334
0.606444
-0.377639
-0.450593
-0.803926
-2.12859
-2.0936
5.75843
-7.88137
-9.93418
0.740304
1.19414
2.71924
7.99551
-0.237622
-0.1317
-2.05783
1.54231
-1.64217
-2.14705
0.980355
-0.624148
-4.71522
2.07541
1.02187
-0.828176
15.5185
13.6113
0.0794864
1.47359
14.4304
-0.802453
0.657474
0.40949
1.01511
-19.1423
2.52594
1.91037
-2.02542
-0.934551
0.0652097
1.22822
-2.86237
7.34713
5.45938
0.741076
-1.84996
-4.19954
-0.363163
-18.1709
-0.952147
-5.77399
-5.65451
-0.0544876
0.491854
0.558302
1.26408
2.7134
-3.39785
11.6298
-0.541886
1.26917
1.24631
-3.69175
10.6528
0.208379
0.392021
-0.160544
-0.148112
2.70325
6.47882
-4.59798
-0.893022
1.63381
-0.461948
-0.328892
1.43226
-1.65418
2.60671
0.473518
1.89993
-47.2569
-0.330934
-0.768378
-0.475416
-2.35001
-0.886123
-6.10781
1.97196
3.67255
0.361233
-1.01245
-0.945877
-0.667638
3.14328
-4.82931
-0.217185
1.55211
-23.2905
-1.3223
-25.8954
-27.258
0.245825
1.77842
0.483826
0.195748
-1.92522
-0.580381
5.63906
2.29182
-1.57101
-2.15009
-0.988759
-1.11351
2.10235
-0.591786
1.07854
-0.919792
0.118089
0.431706
-62.4564
0.261106
0.548563
-0.292836
-9.48177
0.781335
1.75248
-1.58226
4.00722
-2.12532
-7.30663
-3.75511
0.00775761
0.573452
-2.41078
-1.47049
0.327298
0.366732
0.224185
11.3032
-4.45801
1.0976
0.0960772
1.29557
0.464804
0.81966
-0.602545
0.499437
-0.288697
-8.93653
-1.158
2.57964
2.55052
-2.01843
0.798389
-3.71565
-0.524979
2.6366
1.05133
0.154731
1.32438
-2.55646
0.631051
1.34934
0.134405
0.195813
-1.88325
-0.152594
0.572019
8.23863
-0.399821
-9.37215
-2.97007
0.322467
-0.341699
-0.0449046
-0.295084
0.646395
0.464372
0.271171
-5.28435
0.849863
1.25538
-0.644287
-1.1088
-0.77788
3.18927
18.5364
7.61971
-2.88862
10.9214
0.158647
0.372878
0.272323
0.427125
18.509
4.86413
3.18173
-0.794862
0.186057
0.447531
0.0732393
3.71779
0.638501
0.433338
2.53274
-0.0912264
-0.703597
0.981346
0.459798
-6.05567
1.13155
-0.466217
-0.942458
0.173137
0.0239563
-2.89053
-1.94199
0.0561984
-0.0034897
0.578037
-0.680996
3.39587
0.880646
-0.787135
0.89459
1.44466
0.0820005
12.2534
-2.24286
0.03197
11.2555
-0.540302
-0.601029
0.305749
13.9842
0.500574
0.77921
-0.355021
0.203721
0.553467
-0.0673615
0.672146
-9.55752
15.3282
2.64662
-0.180109
-7.44048
1.17114
-0.0749838
0.624937
-3.27518
-3.21026
-0.808564
-1.52513
1.38699
4.1698
-8.94826
-1.0967
-1.27615
-1.95108
-1.85541
2.64437
0.638923
-0.36762
0.421264
11.6962
-0.552029
1.27822
1.55665
-0.583852
-62.5355
19.5309
0.429676
0.231082
0.652801
-0.746982
5.31648
0.167492
-0.55475
3.0378
1.35153
0.916447
-1.04051
-3.72068
0.211782
-0.846461
-0.116127
0.171086
-1.37397
1.34195
16.8667
-0.0474285
0.0116062
-1.51087
2.26274
0.0057638
0.158174
-2.60821
0.814773
0.340955
8.59394
4.04998
0.360474
0.739565
4.01927
-1.0396
0.0213907
-0.329337
0.451005
1.42975
-0.462686
-1.81147
-2.49507
0.174157
18.798
-1.14436
-0.686095
0.977194
1.86725
3.49827
-2.83494
-0.78126
-3.37617
-0.658838
-0.752869
0.977984
-51.6681
0.39899
0.967205
0.304857
0.697224
0.340653
-1.00946
0.205504
0.217942
0.416034
0.708025
-0.211474
0.368432
-2.92659
0.59267
0.470248
1.12748
0.167585
0.346658
-64.7644
-1.37838
-0.168855
-5.86828
-0.408542
0.619003
1.2568
0.0247383
0.580352
-2.22782
0.00256107
0.0900884
-0.0520125
0.504422
-0.120244
1.72359
1.83987
-9.14665
1.66449
0.228864
-0.542169
-35.333
-0.326237
1.74156
1.43448
0.436069
0.36662
-0.00091983
-0.408754
0.133058
0.835698
1.97198
-11.9274
-0.512667
0.429402
2.02651
-1.10483
3.50619
10.7944
2.26824
-0.50992
-0.421226
-0.175545
25.1424
0.487169
19.3434
0.253207
-0.127218
10.7665
260.326
-1.7723
7.38757
-1.17162
-1.0393
-0.810283
0.201552
-1.27711
2.39693
0.0440519
-1.49815
2.35733
-0.903091
-2.61148
-0.0933531
2.54348
0.041484
-1.03842
-1.13482
2.50709
0.862198
-1.4909
-0.0921019
0.946145
-3.21832
-2.02883
-1.95317
0.214485
13.188
1.41188
0.343221
0.056692
0.48951
0.281107
-5.46706
-0.248072
1.265
-1.13389
-0.118691
-22.6958
2.55674
0.809353
-0.614592
-3.55115
0.352759
-2.41662
-1.44379
-1.5826
-0.564473
-0.311246
2.64729
0.687702
1.67875
-2.14248
0.434924
1.61637
1.37144
0.458761
0.656328
-4.3644
0.844512
0.229349
12.1054
-0.992455
0.712424
-1.31876
-0.665938
-6.22541
65.4535
1.80162
-0.279702
0.993975
11.8717
0.178476
0.491219
-1.35809
1.3042
-661.161
0.734282
0.795288
-1.10283
0.128585
0.240488
0.119151
1.04906
-0.146468
1.97955
1.55568
0.952045
-3.70053
5.14363
2.25468
-1.42753
-0.389781
-0.0167927
-9.73063
-9.05954
-9.43665
5.63813
1.58278
-28.001
1.00452
0.874478
0.0868456
1.654
-112.555
1.86325
-0.512647
-0.584645
-4.03938
0.973933
-0.295812
0.114322
2.63645
-1.36962
34.5176
-1.04497
-6.49069
-1.65922
0.0121445
3.65395
-0.364878
-0.95297
-1.07515
1.09182
-0.424223
-0.657944
-2.55541
-2.08998
-0.168949
0.76493
-0.427073
0.420688
2.50762
-1.09406
-1.4796
-5.42295
-1.28277
1.1324
-2.13412
0.197556
2.5454
-0.763308
-7.18612
0.632582
0.077743
3.81715
-0.0791709
-0.361752
-5.09063
-0.316761
0.432001
16.5782
-0.109144
-1.46776
-1.10277
0.937627
-2.52057
-0.580616
0.97428
0.380651
-2.01016
-0.105161
0.389997
0.136861
-2.45282
-0.246687
-0.235653
1.18507
9.98966
-1.71082
-1.13227
0.754767
31.8062
-3.42985
-1.78663
-0.701542
16.4545
-0.0972607
-0.694059
2.02
-4.99508
-0.959153
-0.311303
-2.2952
0.482289
-3.51197
-1.01713
1.59008
1.34142
0.216709
0.553527
-0.104319
4.37289
0.0627189
-0.13305
3.13692
2.8968
0.609076
-4.42689
-0.992535
-0.0115167
0.957954
0.736824
-0.767197
-3.53551
-1.5929
2.57672
8.08322
0.572625
-2.22594
1.24316
-0.290287
0.176729
-3.99302
-0.53143
1.72178
0.336768
-1.93155
3.36449
63.965
0.147877
-1.95055
-0.440421
-1.32604
0.511374
1.16662
-0.927205
0.318847
-0.0189846
0.356282
-0.0385224
3.08616
-0.291355
0.968509
40.8774
-0.591211
0.45237
2.37894
0.294929
0.131335
0.173619
0.602278
-1.52316
-2.80283
0.0219289
0.0661644
-0.327795
5.7015
-0.249288
3.15164
0.0976108
-1.84501
0.589604
2.29526
-1.24886
0.857031
-0.823994
1.50205
-1.3688
-0.705231
1.03133
-1.47892
-0.52729
0.0321116
-3.94826
0.221827
-0.929959
6.06863
-0.504069
-1.50381
-1.74736
1.4363
0.917253
3.92021
0.677444
-1.92224
1.11222
11.4931
0.296851
-0.360989
0.306658
0.535091
-0.0682891
-1.35474
-0.645002
-1.32761
-1.63071
-0.513282
6.84957
-1.72926
1.82442
-0.214947
0.55294
0.641674
0.560036
1.30402
-1.97924
0.726993
-1.06009
0.36546
0.0608151
0.205787
0.931245
-0.0591086
-0.0602402
-9.76661
-0.646774
2.20946
4.56137
1.70812
1.05652
-0.572023
1.02733
0.664995
-1.7672
6.13771
1.1033
0.55186
-3.70302
-4.1964
-1.82189
-2.69741
0.293769
-1.58767
-1.91468
-1.45425
-1.10645
-2.07954
1.36112
-1.3991
-1.77587
-0.555786
-0.837355
-1.69894
-0.524026
-0.909589
-0.0303147
-324.457
0.342208
0.0250807
0.82488
-4.58447
-1.49333
0.517416
-0.30689
-0.595823
-1.4498
-5.05644
3.22839
-21.8102
-3.44423
-0.135368
-6.31578
-0.18149
3.8175
2.39458
-0.249753
-0.755046
4.08145
-0.635522
-0.260972
0.0524522
0.0877861
0.185362
0.178041
0.165932
-2.35111
-2.33122
-0.863827
1.70607
-11.3855
-9.54111
-0.514083
-0.865716
-5.70858
0.729586
0.0362732
1.52903
-1.67972
-0.404646
-1.96972
-0.230011
0.530001
0.32807
-0.316287
0.292769
-1.24118
-0.25266
8.46102
-1.35094
0.801261
-0.134102
-1.21697
-0.829874
-0.161853
2.91726
-0.0442655
0.643835
1.68187
0.202945
-2.22419
-1.36487
1.70982
-1.51757
-0.644142
-1.64307
1.07354
3.75114
-6.10215
-0.416089
2.06111
0.611745
0.750637
-0.776125
-2.65775
-0.45473
-1.35171
0.766819
0.14971
-1.38807
-8.80331
-2.67804
-4.81442
0.393938
-0.203251
-1.70498
-6.78126
-0.848456
-0.136888
-10.7928
-9.61426
-0.227315
-6.86992
-0.862916
-1.57494
-0.0173247
-10.8499
-0.230324
1.63958
-0.100217
0.478546
-20.7144
-1.20839
7.09023
-2.5298
0.609336
-0.938766
0.538189
-0.338288
-7.03553
-0.372279
-0.65873
-1.81437
3.72522
-0.68103
-0.234129
0.175821
0.240805
0.703855
1.51137
-0.274982
-0.580528
-34.1519
7.17458
0.75444
1.36442
1.42375
0.575873
-0.62754
1.54213
0.306759
-1.61677
-6.02122
-0.506107
-1.19033
0.144183
0.643049
-0.91497
2.00067
0.714521
0.778236
3.13817
0.610597
0.0281449
-3.21217
-3.40826
2.90223
0.231977
3.20094
-0.529618
-2.38277
0.446213
-5.44881
0.323366
-4.4299
-1.14424
-0.244288
-3.32281
0.0038984
-0.497538
-0.188297
-0.861695
0.3384
1.3208
26.6954
-0.749665
0.833371
-0.899741
3.82956
-0.190923
1.40684
-0.0216827
-0.648121
-1.13486
-0.687514
-5.86113
-0.672056
-0.363555
-0.044692
2.5347
1.04538
-6.59207
1.45765
2.08906
-4.69213
-0.619543
0.699358
-0.708571
0.512436
3.79527
-14.6957
1.25122
-5.1825
0.225549
43.2778
0.241889
1.88975
-5.3832
-2.7924
1.20837
2.53015
0.379472
-0.302812
0.176434
6.18209
-0.819783
1.8233
-2.53079
0.0657927
-13.1462
-1.84659
1.35101
-0.869691
0.318077
-1.30058
11.6264
1.39156
15.9092
1.91104
3.46039
-11.6415
-0.894793
1.36571
1.73577
-3.79032
0.155352
-0.0412359
2.12628
0.83363
0.806904
-1.59314
-0.713401
-0.886873
0.741097
0.416973
4.64889
-7.46114
-4.25048
-0.97028
-0.658316
-0.743929
1.66423
1.72579
0.0543978
-0.45604
-0.563773
0.22216
0.496321
-1.89329
1.36331
-0.932115
-0.0408978
-1.32701
0.452173
-1.94426
-1.31651
23.4595
1.23382
226.303
-5.00228
-0.11549
1.20498
1.61678
0.327753
3.5793
1.35013
-1.27579
-0.44546
1.6673
1.04631
-1.6154
-1.04065
-0.911954
2.90075
2.12199
-1.73099
-0.697289
0.10862
0.318922
5.38856
-4.05231
-1.09378
1.35181
-2.99212
-0.934834
-0.850948
0.0396106
1.72432
0.629491
-0.589788
-0.608234
-0.0854626
0.489235
-0.632673
2.8729
0.622841
4.8563
3.92883
0.302967
0.351126
0.576065
2.99269
-1.18333
1.39566
-0.319658
-2.28939
-5.3595
-0.338259
3.03459
0.268442
3.11019
1.24797
0.345665
3.93386
-0.612641
0.420475
0.374783
0.876617
9.47029
0.253085
3.81205
1.54484
-0.390725
1.78367
1.91257
-0.186826
-5.05505
-5.37126
3.04616
5.90206
0.350024
-0.198633
0.261759
4.90553
4.29556
0.129489
0.372958
-38.6271
-8.65799
3.49808
0.195693
-1.83753
-7.48985
1.00516
-1.05277
2.49962
1.60799
2.93383
1.47173
7.7209
0.205186
2.15403
-0.043302
0.0340027
0.246099
-0.579673
1.1032
17.9243
-7.09788
-3.66906
2.07291
1.15122
0.218331
2.72603
-0.112591
1.43117
3.38456
0.44188
-6.80514
2.62919
-1.19473
0.375877
-0.0384082
0.381267
0.0170725
-17.7883
26.54
-1.5914
-0.980663
-0.473745
4.30223
-1.227
-0.172991
-0.0553758
-1.02708
-1.11443
-0.0225318
-272.461
-0.0962811
-4.78833
-0.47431
5.59018
-0.716949
1.45327
1.37357
-0.472143
0.327048
-1.10067
-1.08419
-1.97285
-0.110217
1.06642
0.837821
-1.0767
-0.175796
-2.4122
-0.461633
-21.5439
0.800775
0.855276
-0.517378
-2.86758
-1.59193
-2.99822
-18.276
0.483295
-0.289613
-0.755059
1.0405
1250.01
0.573739
2.70948
0.712741
0.453857
-8.51026
1.20951
1.83961
-0.5324
-0.477823
-1.97861
-0.77171
-155.58
-0.631587
-0.129272
-0.857462
-4.56737
0.792171
-0.109101
3.79242
-0.956942
4.07452
0.0607903
0.857117
1.32976
-0.519254
-0.109393
-2.26108
-1.29936
-2.23562
-1.24756
3.49461
-1.87624
-13.103
0.22443
1.11833
0.763437
-19.4161
-1.14559
0.0818697
-2.15551
-0.392153
0.577172
1.37054
15.465
0.289065
6.23154
-3.96014
-3.83181
6.8583
3.00746
-0.93042
-281.666
78.8926
-1.97579
-47.7558
17.6023
0.395772
-1.32645
-0.504992
-1.55835
0.443912
-0.344291
-204.511
-0.163198
-0.961831
2.37657
-1.86664
-6.95176
-0.865841
-0.204687
299.93
-0.471064
-2.19662
-0.47399
0.589933
0.366426
0.0499629
-0.503644
-0.71709
-148.777
0.284254
-5.53333
-2.00026
-3.62184
-0.292174
2.15362
-0.277706
0.230343
0.529007
1.72602
-1.65834
-1.08913
-0.130116
1.54469
-1.29217
-2.4249
-0.12924
-2.35037
82.2779
0.228695
-2.0565
-0.591407
-0.257442
0.136187
0.609859
-2.55025
3.73634
1.0493
0.783311
-0.1455
1.73773
0.456335
0.242141
-1.32511
0.0078464
0.0393722
-2.03989
1.22563
0.0992344
0.493585
0.139346
0.0806961
-1.06623
-1.58722
0.288597
1.08471
2.4189
0.936258
-8.21561
-0.219263
-1.87499
0.268362
2.56721
1.19175
0.55413
-0.276093
-174.034
-1.77268
0.456125
-0.148165
-1.30447
-1.79067
24.7904
2.62185
-0.0424278
-1.21759
0.561777
-0.987127
0.465772
-2.58452
0.366513
-1.50101
-1.19295
-0.245918
-0.524892
0.721602
0.878373
0.618438
0.559096
-0.1184
-1.06384
-0.103173
-5.72943
7.82363
0.107936
0.492628
-0.189177
0.687947
1.74785
1.226
0.702774
1.49102
-0.376702
-1.00846
2.77175
-0.790547
0.0100644
-8.04466
-8.92403
5.35372
-0.772553
0.75164
13.8323
-0.494387
0.172507
0.229236
-1.00861
-5.51897
-0.78693
4.84092
0.879407
-1.72504
0.209534
0.960216
-0.170446
2.93059
-9.36004
-0.135645
2.3872
0.26144
-2.1025
-0.547881
-0.210784
4.38665
2.41593
3.06471
1.26122
0.273541
26.042
3.16589
4.15994
2.59925
-0.117406
2.29631
-0.386151
0.0695761
-0.173368
-0.210715
4.73755
0.659894
-4.85213
-11.9807
1.48333
-9.0508
0.544657
0.413117
1.98658
-2.99674
2.06952
1.9947
-0.427016
4.09491
-0.0774389
-1.36136
-2.59491
0.426426
-0.355202
-0.372469
0.125265
-6.08436
0.134571
3.40417
-1.26765
-8.45603
0.0214949
-0.383764
0.583931
-0.400171
-1.41686
2.76767
2.62668
-0.0953363
0.0756656
0.0463366
0.242491
0.278354
0.358485
1.17214
0.0588465
-0.194866
1.05283
-1.38669
1.16142
30.2124
-4.09296
0.524663
-3.19756
0.475885
0.495682
6.67121
0.097749
-1.14447
24.2628
-2.44097
1.09613
-0.363418
5.88416
-0.808254
0.814655
-5.03486
12.4134
-1.16925
-7.54806
-1.93293
1.33028
1.56405
-3.54863
1.32497
-4.97907
0.558495
-0.399396
1.91645
10.0747
-2.70732
-0.290115
-1.63778
0.742838
1.34863
-0.425697
0.326782
-1.0667
0.219527
-0.479978
1.4519
-0.186954
0.320381
-0.614107
1.66957
2.86947
1.18127
-2.19097
-0.639678
-1.43868
0.748524
0.546736
-0.742603
-0.196588
0.971344
0.987107
-8.82728
-32.1528
2.51227
-5.32094
0.960605
-2.30853
1.17936
-7.63305
1.02313
7.4755
-1.25415
0.175508
-1.04574
0.38771
-0.368128
-1.88185
-5.30867
-1.21942
1.72573
-1.13454
-0.757513
-1.59254
-1.02081
-2.51071
-0.221237
-4.178
-0.111136
-14.2993
5.30904
0.0270565
-0.507495
-1.2432
-0.231747
-0.861933
-4.67784
15.3968
0.188618
-0.552888
3.08072
-2.26653
-1.10645
8.51647
-3.78795
-0.0951107
-0.550271
2.16308
-0.244206
1.04125
0.821813
-0.449696
0.952494
-0.336522
1.36691
-0.314775
12.8835
1.03569
0.380779
-0.136212
0.789541
0.444888
1.44287
-1.6708
8.65455
-1.6346
0.180759
6.08244
-0.787516
-5.81658
-2.40345
-0.160024
2.26314
0.519771
0.820125
5.72145
2.05107
1.04861
7.38303
-0.971048
-2.97931
-0.76067
-0.167118
-0.831371
0.225067
0.827661
1.69549
8.45079
-0.0661994
0.267054
-1.21542
0.219592
-1.03191
3.55028
-0.462876
0.450486
2.13561
0.0277836
2.21987
-0.43179
2.62434
0.0125065
-0.242151
2.03507
1.01762
0.704591
0.298072
0.74412
-3.23333
-3.09074
-1.2315
0.712175
-7.46348
1.03809
-0.879
-31.1762
2.8354
-8.34093
0.559357
0.0574529
0.339829
-3.67102
2.63799
143.477
-6.05959
0.641175
0.55044
0.815943
1.68152
-0.122037
-1.32692
-1.85076
-0.809252
-2.52127
-0.400551
-6.54849
0.505968
-2.12181
-2.49102
-4.45441
-0.377338
0.994345
0.0809436
-0.857291
1.86762
-15.4036
-0.7486
-0.652796
3.46697
0.0895102
181.37
-1.90109
0.489054
3.02223
0.800499
-4.33798
-5.86564
0.0164276
1.90565
3.93915
-0.871713
94.0821
0.00311361
1.47317
0.151048
0.0837372
0.670995
-0.73235
1.55581
-0.732357
0.0246466
0.506858
0.0521056
1.96068
-0.210907
2.08884
0.810574
0.374372
-0.9572
2.04124
-1.66299
1.05027
1.13209
0.758319
-0.966054
0.317646
1.4164
2.50668
2.0246
-0.586798
-1.47158
1.74819
0.292414
-0.534216
-6.39289
0.0523217
-3.49259
4.388
0.0572728
-7.91555
0.319194
1.36307
-18.8428
-0.40947
-0.445659
-0.916909
-0.471698
-1.49181
1.22993
0.101359
1.22126
0.418212
-1.34038
-10.3165
-0.937444
-1.80039
1.69875
0.171212
-0.587075
-1.17063
-0.617059
0.696885
-3.3978
7.48068
-0.422205
-1.49992
-0.772023
3.09057
7.29449
2.33855
2.77716
0.178873
-3.48162
-0.884352
-6.08023
2.10618
-0.181742
0.47669
0.457824
0.527435
1.15242
-0.797489
1.86182
0.0811602
0.399745
0.298391
-1.02073
0.0703869
1.27942
0.0915729
-2.92808
0.344945
-1.40574
-0.104024
0.270379
-2.71747
10.4275
-0.754507
-1.18418
-1.48469
1.20494
-1.03231
2.18657
0.373963
-0.0735071
1.05915
-3.28214
-1.07776
-9.78819
-0.0810258
1.42702
0.0138746
-0.771878
0.417295
-0.525975
-2.99048
18.9681
3.08431
0.634171
-1.46498
-0.207411
1.50359
-1.67363
1.61057
-4.22552
-18.3826
24.3319
0.0861756
-9.28384
-4.75304
-0.913824
-0.184341
0.193303
-1.04629
0.878657
0.749942
0.411966
-4.12416
-4.78479
3.47852
-5.47124
-28.9161
-0.406145
-0.124245
0.125727
-0.0569199
-0.16239
4.52349
0.27779
-0.712897
0.431816
-1.501
-0.0602394
-4.23443
-3.17511
-0.0311734
3.03703
-0.204528
0.0127836
-1.89366
-1.05523
-2.70162
7.68566
-0.909015
0.168186
7.07864
5.78306
-0.470269
0.415034
2.13259
1.19567
-2.39677
2.39758
-0.00257834
1.00723
0.121223
-0.318668
0.728863
-1.49879
0.793722
-0.980559
0.344051
1.75225
-1.34732
0.266321
0.41193
-2.75974
2.73583
0.174516
1.6541
-0.321766
0.647246
-12.0574
-0.519423
0.0648573
-0.834186
-0.959132
0.498243
-17.6778
-0.284887
-3.2614
-0.404117
1.1631
-0.266565
-0.41578
3.48
7.50694
-4.17455
-16.9965
-2.67087
0.37939
-29.6406
0.481133
0.455183
-0.878297
-0.259209
-0.766791
-9.48296
-1.38381
-1.30788
7.24661
-0.62283
-1.08009
0.348686
-0.889562
2.53657
0.412354
3.28056
-1.74357
-0.643488
1.47954
1.05446
-1.06658
1.15371
-0.634647
-0.593953
10.0261
-0.0518426
1.94541
-1.09819
0.254652
0.00456371
4.33456
0.763559
3.07372
-0.196861
3.68944
-0.782064
11.0216
-0.839862
-1.38166
-0.899915
1.28439
0.0361284
-2.17681
15.3296
-0.695221
-0.0143546
-2.30681
-1.22325
0.955513
4.72507
-4.31003
-2.79273
-0.667579
-0.755714
-0.21069
0.0213141
0.132498
3.29898
50.2339
-0.508554
1.20554
1.9456
0.169823
-3.39529
0.687191
1.05634
-0.383358
22.1002
1.52757
3.44008
-1.0541
3.29747
-0.706818
-1.07069
1.62117
4.43479
-0.128699
1.18121
-4.20595
0.0422329
-0.997536
0.507081
-1.0529
-1.39711
-0.310706
0.372621
1.97538
-0.277752
1.33127
-1.20531
-3.03483
0.195625
-0.598496
1.93414
-1.26287
1.83291
-0.848847
-1.25462
-13.1516
-19.8107
-0.926216
-1.28359
1.16793
-5.33846
-14.6365
2.17681
18.253
0.50861
0.105203
-0.476608
30.9228
-0.583988
-0.419805
2.71052
0.768373
0.00238511
3.03617
1.55678
0.85401
-24.1227
-0.338752
-76.8593
5.48256
0.779589
2.11948
0.456577
-1.00028
-0.514437
-0.607586
-0.222632
0.370406
2.09535
-2.51559
-6.13616
-0.00534388
-2.9246
11.8353
0.0207864
-2.03981
-2.14665
0.225624
-2.07438
0.0702173
-3.09361
0.498827
-0.404531
4.08342
2.65522
-5.05051
-0.0287499
-0.422994
3.20323
-3.50139
-0.341665
1.02488
-0.398571
-0.897745
-3.14246
-0.141399
-0.797806
-1.4329
-5.76212
-0.351247
0.191797
0.910668
-0.122096
-1.46905
-1.08551
0.914925
1.17057
1.25576
-1.20635
-0.607751
-0.184253
3.13125
0.724443
1.49455
-0.577722
7.1964
0.353664
-0.435554
3.20484
-0.873233
-1.99189
-0.275012
-2.94171
-6.22262
2.69633
0.331895
16.6843
-0.720813
-0.10836
-5.30471
-0.0365982
-0.0850617
-3.11566
-5.89188
-4.19209
-2.63132
1.3766
-0.0305268
-1.38238
0.578331
1.00378
-2.31346
-0.574892
2.31835
-0.0791986
-2.04239
-0.368355
-0.4913
-1.34399
-0.485213
0.239635
-2.42618
0.511416
0.182483
-1.18867
-2.6071
2.37087
1.95476
0.920887
3.67367
-0.129527
1.17469
-0.965647
0.114797
23.4292
-0.616961
0.440587
0.651019
0.925809
3.52385
-0.423092
1.62734
0.303226
-3.55893
0.0749354
0.447829
-1.18871
2.27826
-1.03001
-7.58974
1.40113
0.526017
0.99193
-1.56071
-2.21286
-0.91623
4.621
1.73648
2.2062
3.86343
-0.363799
1.95819
0.493138
-1.51092
-0.495598
-2.51311
4.16522
-0.277806
0.770356
-2.01358
0.414126
-6.62686
17.9323
0.235136
-0.977712
-0.600518
-2.33621
1.14444
-1.54053
1.28957
-11.875
-0.350466
-16.8688
-0.680353
1.87291
0.216397
0.325558
1.6658
-1.77703
-1.14432
-0.540369
0.241725
2.55977
1.66894
2.06007
1.1081
3.89722
-6.16003
2.73087
-0.627298
1.65278
-2.61349
1.05737
-0.512095
-0.439501
-0.795777
-0.139159
-0.713286
-0.649251
0.686379
0.485791
-1.95938
-0.680677
1.23121
-0.154137
1.4535
-1.57287
-3.52119
0.831988
0.389617
1.42688
1.49249
0.638839
-0.631049
-0.464106
1.65915
-0.487375
-1.20868
-1.71518
3.38495
-9.84583
0.298024
-0.0972696
-8.22868
0.580855
-0.20905
1.20683
1.06678
0.337472
0.900106
15.9496
-1.84228
2.79958
0.0931378
-6.83912
-19.8212
-6.18935
-3.82518
0.0828614
0.550199
-3.43343
-0.363632
2.79356
-1.3567
-22.055
-14.2442
0.718521
-0.706027
-93.5506
153.549
-0.116977
-0.898401
0.549789
0.14602
-0.271573
3.08804
0.13655
1.35608
0.103451
2.15167
-1.03616
0.658706
-1.82254
-0.0563276
-0.031531
0.806365
-0.922164
-1.64556
-0.10495
-2.0838
-0.9074
0.600723
1.20496
1.09376
2.8675
-0.841919
0.479107
0.468109
8.28512
1.78817
-0.554603
-0.775611
2.58052
-0.731435
0.166402
-1.17247
13.0166
0.786871
1.36537
-1.82467
-0.290486
0.915124
2.49805
-0.55968
-3.35081
1.21503
-0.405348
0.892188
-2.83918
-0.730395
3.26472
0.421658
-5.24557
-7.87142
0.274671
1.98181
1.31758
-5.46416
2.35996
0.203279
2.91447
-12.4668
2.17748
0.576301
-0.169991
0.863712
-3.44577
10.6627
0.510017
0.786232
0.414952
0.279723
-1.0315
-5.49078
-2.50402
-0.536792
0.146995
-0.817316
4.37263
-1.21394
-2.07332
-1.27156
1.45068
1.43957
-0.228101
-1.01448
-2.19299
1.55121
-2.46444
-0.0991509
-0.082037
-2.32529
0.390289
-0.873244
9.48584
0.486756
-0.132259
1.03855
-0.322872
1.72475
1.00047
-0.563621
1.1089
1.40275
-1.26944
-26.6561
0.0614508
0.549808
4.37396
-0.180844
-2.8841
-2.4893
-0.117834
-2.88599
1.47963
-0.648827
0.250106
-6.25761
0.345666
1.32485
-1.14921
0.858189
0.0219323
-1.21302
2.31066
-0.654806
9.5248
4.00306
-2.3197
0.260817
2.40153
-0.271378
-0.0274516
-3.40418
0.0815766
17.6743
-0.265636
1.15786
12.0451
0.553037
-1.47488
4.00955
-0.564737
0.158193
0.346271
1.44442
1.49557
0.4276
3.4416
2.29479
-0.568246
-3.06378
0.215958
-196.979
0.37757
-0.957858
1.13956
-0.628744
-0.461699
3.46497
1.24354
-0.807928
0.301875
2.08134
0.282285
0.615366
-0.0361386
-0.684109
-1.14039
1.3871
-0.460693
1.15547
7.67882
3.01203
3.87901
5.02031
0.267914
0.750022
3.54153
-0.0937981
-2.3072
-2.85845
1.35663
-0.597081
-0.0774374
-0.327345
-0.148689
-0.739312
-0.427353
-1.57599
0.192233
0.574553
6.75998
-24.2591
0.699062
0.0013663
-10.8252
0.642379
0.1033
0.195734
-0.452722
0.0047404
-0.764604
0.585346
-3.48041
0.263646
10.3814
0.48151
0.770512
-0.273746
-3.55071
-3.67398
-1.7171
-0.84566
1.34794
-0.198044
0.027289
-0.24722
3.93829
-0.406867
-4.51178
2.59902
1.27086
-0.783372
12.9175
0.823833
0.373345
0.0894484
-0.648754
1.82529
1.55887
1.06842
0.180143
2.13482
1.21792
0.792216
-2.76898
1.19552
1.9836
0.176883
-3.80361
-1.08482
-0.685749
-1.3338
-0.311172
0.0756218
5.13957
-8.37501
5.05431
-3.14183
1.39979
0.0947644
-0.234795
1.03229
-0.246764
-0.492063
0.441735
-0.110312
1.03755
272.535
-0.452518
0.700853
-0.331489
-0.713212
0.377168
-2.11436
2.4846
2.54628
0.965398
0.556561
1.75625
0.162061
3.72261
-0.827869
-19.3805
-5.80676
-9.15659
-0.773809
1.81809
1.34742
0.397811
-0.799075
2.00515
0.0665443
0.977882
-0.527655
-0.329421
0.0649257
-2.79301
-31.5809
-0.367348
0.826318
0.27376
-0.307775
5.13729
0.732263
23.3248
-0.0238172
5.91145
-1.54616
-3.78061
8.78276
-26.2544
0.836772
0.213383
0.253569
1.59845
4.24946
-0.302399
-1.0744
30.0108
-2.68946
-0.139163
-1.25856
0.782328
0.511512
0.191027
-0.0553008
0.649808
1.18963
3.11052
-1.64
-0.186127
0.608451
-1.4054
0.0234834
-1.22355
3.70503
1.13908
1.23321
7.49835
-1.01959
3.65597
1.02087
-0.971824
1.04794
-2.18978
-0.885163
-1.52857
0.413727
1.85912
-7.14683
-3.19198
0.498773
-2.47577
1.47386
0.206381
-2.2996
-1.53167
-0.256137
-0.0906059
0.082567
21.346
-10.7651
-0.543401
3.88328
0.981937
9.59791
9.99964
-0.281083
0.405979
0.856372
0.433937
0.330625
2.2371
-0.0309285
-5.274
0.186957
-1.21497
-1.06467
-0.801211
-7.94097
0.221365
1.16776
-0.309458
0.383498
2.06074
0.0902804
-7.95548
-0.329312
2.34222
-0.637271
-1.27617
-52.7929
-0.98774
-0.188767
-0.674787
-0.446815
0.0962934
1.01751
-0.492355
-0.125152
-3.12361
0.433616
0.667158
-0.621601
-1.97662
-2.4096
-1.44029
3.19167
-12.0825
0.468006
7.24188
1.92558
4.42127
0.0241407
1.25473
-34.3087
-0.0848231
-41.0049
2.66336
1.75136
-1.96643
0.337223
0.0932171
-0.926898
-3.82875
1.03759
2.04807
1.24099
2.63406
0.280583
5.63558
-2.29329
1.6528
-2.55478
0.00021
-1.59737
1.09771
-1.48071
-3.59021
-1.15133
-0.342337
0.12713
2.05656
-1.107
23.1478
-1.61498
2.50561
19.8083
-1.15894
-13.6308
-0.335156
0.430328
0.622059
-1.7579
-0.780195
-11.4383
-1.20904
-0.341962
2.48439
0.635421
1.09243
-0.62272
-1.80903
0.544624
-3.1304
-0.28686
1.61334
-1.61073
-2.98228
1.22087
-5.32363
-2.2416
0.510809
-0.491679
0.797451
-1.50402
-0.0337028
-1.15902
-0.227342
-127.957
8.55605
0.258725
-1.86493
25.3514
-0.109215
-4.19351
-0.319262
0.297358
3.21581
-0.498613
-2.21171
-0.67528
-0.704296
-0.184743
-1.45174
-1.75624
0.140401
0.105283
-0.0385219
0.580245
0.0192218
-0.127492
-0.222749
-0.720233
-0.791127
0.803209
-0.487833
-1.5902
-1.9891
22.7767
-0.504023
-0.313747
-26.7163
-0.525979
-0.268361
-0.108629
-4.91294
0.814826
-4.24659
0.668635
0.781865
7.30473
0.883047
4.36549
-2.94838
-0.215749
16.7242
-1.10227
-21.6139
0.0174759
3.53157
0.0433628
6.76556
-5.81212
0.601025
-0.72809
0.173676
5.18136
-0.355082
-1.88251
5.66737
0.704435
-1.07292
0.963791
-0.363346
0.379192
-0.222651
1.02403
-90.8137
0.632085
0.360539
-0.316357
0.785033
-36.9067
0.285507
0.523384
-2.85465
-5.56381
-0.336733
-0.104188
-0.717804
0.18183
-0.808068
0.944426
-11.0555
-0.627714
-0.909907
-1.52929
-1.57858
14.5045
0.704221
0.485112
-0.177235
1.69912
-0.787761
-0.103686
-0.173584
0.36411
0.634899
-0.333502
0.922314
-0.472129
0.404906
5.60566
1.35975
0.300316
0.386584
6.26399
8.12173
2.68363
-1.71514
11.9611
11.5075
-0.377622
10.4424
70.478
-0.525097
0.369301
1.99077
-114.315
-4.27012
-0.450107
-2.25478
11.4307
-1.44201
1.16948
1.11207
1.5036
-1.54976
0.506104
-0.451082
-0.821287
-1.19846
0.453958
-0.552262
-1.50538
-0.0889278
0.36092
3.02276
1.64149
-1.28206
0.244534
0.282047
-2.61425
-1.18257
7.29389
2.44592
-0.503181
-6.02345
2.61654
0.00713982
7.00053
0.0768261
2.66861
0.385141
-2.76457
-0.848476
-0.122579
0.56712
-3.19324
5.56756
0.66681
0.074563
0.0826757
-0.0798782
2.98284
-9.48225
0.129753
0.563732
2.19516
-2.44889
3.84518
8.8557
1.32304
-1.58486
-1.0102
7.05628
-0.327046
3.22239
1.19959
0.0967825
1.80472
3.31811
-0.0905453
2.63364
-1.1882
-10.8297
0.906294
-3.68865
-0.774482
-20.7423
-0.892506
0.160326
-0.813578
-0.386234
-0.626624
1.34264
81.6082
1.7166
0.64092
19.791
0.609215
1.26245
1.52966
0.711333
-0.878488
0.0503915
0.417256
10.6114
-0.198433
10.7333
-0.388957
-0.422236
1.19668
0.234094
-0.953054
2.35071
-1.9183
-3.45984
0.88564
0.199836
-0.551828
1.75005
-1.2507
-12.053
-1.11928
2.28477
-2.95327
0.308103
4.99304
1.03717
0.00590813
-4.39603
1.538
1.63138
-1.39397
-0.26586
-0.163047
-0.781409
7.96379
1.32345
0.621688
-0.0167828
0.837745
-0.938778
1.06612
0.824767
2.11517
0.356797
0.650358
-0.3542
-1.20375
1.57887
-0.625037
-1.37509
-1.09167
0.053211
0.548142
0.403588
-0.434121
0.0230139
-8.36563
0.0611758
-9.13155
-164.385
0.415249
-2.91852
0.535504
0.72019
0.393102
-1.92966
-47.3255
0.223977
-0.231072
-1.73397
-2.42706
1.40646
1.04593
1.93505
-3.51296
12700.8
-1.25221
53.9083
3.34019
-2.40257
0.461354
4.29874
-0.960945
2.09444
1.11896
0.493981
-0.330484
0.625676
1.67544
2.56005
-0.719576
24.4198
-987.175
-1.63694
-0.31329
1.63869
0.114955
-0.196104
-1.40979
0.163679
-0.0926751
-4.66551
-1.96421
-0.0803713
-0.00299921
-23.3344
22.1659
-2.72972
-1.58514
-0.125028
6.96908
-0.9324
2.9361
11.8098
-3.04905
0.656254
-0.702612
-10.6737
-16.6696
0.181274
-0.177741
-0.0182845
12.326
-0.563262
0.457911
-0.0289954
4.40589
1.60506
-22.355
-0.977114
-2.21144
-1.32009
-0.327221
-4.28317
0.13564
-0.445936
2.19268
-0.845734
1.06972
46.8809
-1.01283
-0.24019
1.91307
0.227017
-0.0812788
-0.973839
2.56683
2.22344
-1.8318
0.243624
-1.33761
-0.229481
3.35359
-0.0567613
17.88
-18.422
-0.0157685
3.14415
0.18667
0.471006
-2.9161
-1.13163
0.830593
1.12728
6.30671
0.517399
-1.0511
-3.08334
-0.556395
2.13375
1.42758
-0.0795279
-1.79136
-0.813134
42.4582
0.0477137
0.304944
3.59345
-6.51954
0.822028
1.43723
-1.02421
-1.20096
2.87336
2.10271
-0.210406
0.0178245
-1.68163
-2.19701
0.131109
-0.250137
-4.7159
0.572898
-0.0904742
0.527048
-19.8049
6.85189
-1.71704
2.14411
0.0607479
0.390899
1.78455
-0.617277
0.916971
-0.37683
0.433353
0.577694
-14.7895
-1.13144
-1.4824
-1.05091
-0.194235
-4.37671
-1.9095
-1.09842
2.70648
5.75845
0.0186787
0.867241
31.5351
-3.18865
-1.14145
-0.192031
13.0977
0.175258
2.4514
0.150692
0.756732
-0.72225
0.206219
-0.27275
-0.463668
-0.768035
-4.3901
3.6191
-1.74819
-2.24745
-0.0164059
-5.96738
-0.192283
-0.293076
0.190589
-0.35069
-1.06812
0.336623
-3.26725
-11.066
1.80341
0.303429
-1.51401
-0.668778
-0.140367
0.640086
0.674338
-0.339888
3.86773
0.814231
-1.5244
0.109212
0.027213
0.167904
-0.408769
-1.29843
1.18784
-0.828933
-0.901148
0.698492
0.406476
0.185152
-1.56381
0.440329
-0.167193
10.6137
4.72062
-0.0748165
35.4164
0.123179
4.31677
0.918796
1.33321
-0.87149
-0.102549
-0.927533
-0.551078
1.3122
-5.55898
1.34068
-1.01633
-0.0655705
-324.455
1.09705
-6.33373
-0.0540435
-0.470674
0.0795652
1.51282
1.23767
0.860606
0.578681
-3.90952
-0.318135
-3.02392
0.137141
0.613268
-3.22613
0.165338
2.50109
1.08276
0.272327
0.860869
-3.49097
1.26051
3.44587
0.344036
0.429542
1.17438
2.42837
3.57013
-9.51239
0.81426
1.68017
1.53467
-5.32924
6.74109
-5.13595
1.12555
-0.432817
0.660824
0.651565
2.23525
-0.695986
0.517646
7.78924
0.453992
0.499881
0.326574
-0.339742
-0.140143
1.25368
0.270831
1.44179
-1.52255
-0.0289255
0.12746
-0.557909
-0.0387784
-8.74232
13.1697
-0.246228
-4.04769
0.331455
1.92209
-0.581429
1.52973
-0.672779
8.44458
0.410132
-3.90465
1.30321
-0.187025
-0.163057
6.37816
-1.33401
-1.77743
0.732446
8.15445
0.222381
-1.82518
-0.728834
-0.807042
0.994927
-1.30634
0.206622
-0.290331
2.07505
-1.22463
0.740273
0.578173
-0.0740991
-3.70987
-13.317
-1.08808
-10.4958
0.495837
-0.389065
0.0690257
-0.597692
1.79964
-0.0157357
-2.85267
-0.571798
0.99929
1.87738
3.89658
-4.27399
4.98498
-0.989524
-3.52608
-11.3203
0.317481
0.957316
0.582628
-0.458714
0.192707
2.85358
-0.0887782
54.9128
0.500964
1.52983
4.03566
-1.09583
5.0714
0.141225
-8.36485
0.689884
1.03122
-0.827539
0.610916
3.00033
-0.138274
0.595582
-0.775922
0.732772
0.831249
2.4839
1.88715
-0.38503
0.732572
0.0558784
0.655069
-0.201412
-0.224366
3.40743
-0.679119
-6.45377
-0.663125
-1.99034
-8.67156
-2.28109
-0.45333
-0.494761
-0.22599
6.29262
3.6376
-0.765451
-0.640941
-1.63786
0.45524
-0.574215
-0.763888
-0.502932
85.7283
-0.606532
0.471198
0.263623
2.11764
-1.16855
-0.638426
0.90538
-7.06226
5.85961
1.3683
-3.11966
0.279151
1.01111
-2.13303
0.407584
3.2404
0.0122777
-2.21705
-0.251085
0.121715
-1.38118
-0.958539
0.0749046
5.64885
0.0465921
0.104554
0.271202
-0.145902
0.813487
1.51169
2.38499
0.110617
-1.26074
0.484003
0.90439
-0.774243
2.67391
-1.892
-1.13758
0.256625
0.0544279
0.0341608
0.649213
-1.17777
-2.14481
-2.02145
-3.6295
-0.715597
-0.0993993
-4.98664
2.82438
-0.791719
0.605036
58.3939
1.07751
9.14028
-0.579466
1.49652
0.576872
-0.540186
1.82232
2.87713
3.60066
-2.83953
-0.268212
1.91134
0.356474
0.182073
1.74576
1.25273
97.6381
-0.206379
0.811107
0.296681
-0.246742
0.770908
0.446742
-4.77435
-1.69802
-0.90475
6.06134
51.0551
4.25331
4.03515
1.0616
-2.3884
-1.36988
-0.250147
3.99286
-2.99369
-4.33731
-0.086198
-0.856443
-0.745427
1.09768
2.23145
0.0961272
0.0934723
-0.538652
2.41093
0.611749
-0.400348
-0.118047
2.62965
3.3399
-2.2563
0.302949
-0.279671
-0.135006
-1.16495
-0.0216919
1.27065
-1.09717
3.94127
-0.649772
-0.414485
-1.26281
-1.67089
0.692548
11.26
12.925
0.271716
10.2825
6.19607
-2.27854
-0.811051
97.5038
-2.63084
4.38603
0.48679
-0.0621873
0.568661
-42.1653
-1.3035
-0.522299
-0.872697
1.24215
1.77757
0.632307
-14.855
1.64106
-0.0638617
0.266797
-0.794483
41.5257
0.811116
1.2002
5.10538
0.644037
47.8211
1.32807
0.472532
0.483096
0.872406
-6.50964
4.38645
-0.295899
3.66833
-0.687379
14.4762
0.227565
0.281228
0.372409
-0.465694
-0.522693
-2.90693
-0.583748
0.0738427
-0.567625
-1.14766
0.896789
-0.237315
1.3826
-0.870843
-1.90367
0.0960862
0.720791
2.17426
0.504666
0.456588
0.0141383
0.426323
-0.468778
-5.3457
0.952705
0.0206404
-1.108
2.98981
-0.417556
1.54142
-0.595722
0.239414
0.158743
2.57036
-0.90386
0.624423
-0.182845
-0.876898
-1.1089
0.176825
0.479621
1.27658
0.931946
-0.300941
0.380155
0.0821162
-1.0086
-5.06481
0.10588
0.0025154
0.624204
0.501475
-0.867883
2.83333
1.51247
0.48639
4.86948
-1.56034
0.110911
-3.99674
1.99536
-0.608053
0.291269
0.409618
-7.38654
-2.11824
-1.36888
5.4417
-0.51296
-0.150006
0.632194
1.99796
0.890299
0.675478
-0.261991
0.871828
-0.708997
2.70771
269.584
1.15486
-3.15684
0.69683
-2.67286
-0.0728824
-1.32891
7.91132
-1.72498
3.97258
1.57334
0.669585
-1.1285
14.4125
-24.8652
-0.253698
-0.673208
-0.479681
7.74294
-0.609764
0.593225
-2.67451
0.206422
0.424998
-0.346764
-0.803754
-0.0943914
-0.734017
0.877797
-1.07276
3.97954
-4.48001
1.74428
0.579019
-0.0408741
-0.0330119
0.206938
-4.42946
-0.732589
-0.778556
-3.81018
0.241793
0.498794
-5.13642
-1.2564
-0.192246
3.92341
-1.07764
-1.18517
0.249581
-0.938529
0.00979901
0.501011
-1.09891
-0.0565498
0.673245
-0.0884778
-1.18475
-308.534
0.503896
0.628771
-0.191358
0.187194
-0.614456
-2.93622
-8.20595
-0.374429
-0.352596
-0.282795
3.03648
-0.398227
-12.3023
1.2259
1.47586
-1.81242
-0.312598
-0.854359
0.249315
-0.151662
-0.254931
-0.209072
0.452005
-12.7129
0.116308
-1.42255
1.53535
11.3283
-0.983174
0.549753
0.192167
0.477021
-0.714735
-7.20873
-3.19109
3.51446
-0.434912
2.59412
18.3765
-0.463861
0.681841
-0.928829
-0.216647
-1.72869
-2.90795
0.880725
0.403853
10.5728
0.578782
3.71834
0.968444
-1.72931
-0.305309
-0.853735
-1.9285
-1.90288
-0.360685
0.263296
1.37953
0.643711
0.244263
-0.246965
-3.37506
0.0073758
-0.349415
0.254916
0.336746
-0.433852
-8.7139
1.46843
-1.79619
0.122317
-27.0054
0.964324
-3.87351
-8.36048
0.0451789
2.93799
3.35656
-5.99717
-22.3378
-0.168002
-0.786975
0.146891
-0.883483
0.668646
1.47328
1.61788
-0.37815
1.26951
-15.0605
1.93799
-0.565947
0.483848
0.156555
-391.349
-2.06067
-0.0118385
2.07298
-0.452221
-0.163837
0.431366
13.8278
0.812072
-1266.55
5.10629
5.2817
7.19649
-0.758813
-0.564896
0.473094
0.147126
0.122742
-0.41964
1.3122
-1.05852
0.307158
-1.01238
0.275897
-11.0298
-0.132258
3.94038
2.78277
1.28541
-1.83859
-0.0724563
6.20653
-0.460588
-3.91981
-0.0289507
0.454956
0.260427
-0.491828
-1.87902
0.819979
0.403261
10.7896
-31.6454
-5.50678
-0.0771102
-23.3467
7.28233
0.176593
2.79434
-0.946908
-1.12606
1.00173
-0.178556
-2.19363
-1.97375
-1.0842
-0.184683
2.57041
-0.915686
0.211663
-2.79433
-1.02508
2.57072
14.5585
-6.06277
1.49681
0.11484
-1.12614
-0.738148
7.67959
0.44421
-0.917384
5.83247
-2.62159
4.42786
2.01576
-3.0389
-0.920342
0.4263
-0.0271678
-0.690571
1.47582
-1.14047
-1.8649
-2.06695
0.317045
1.17465
0.554021
-0.214097
-2.79849
1.34931
2.0353
0.196001
0.167617
-0.489372
18.8437
3.19556
-1.753
-0.742236
0.797545
-1.19642
-3.6493
0.894025
-2.03961
0.102329
3.22034
-1.4924
0.46231
2.89784
-1.89364
-0.0780904
2.07898
0.787412
-0.52621
0.430555
0.35141
0.591448
-0.724648
-15.8932
-0.573469
10.9767
0.185159
-1.62584
-4.91742
22.6386
-0.14731
0.562481
-0.924503
0.271689
-0.747327
0.0847682
1.54066
-0.963092
-0.421243
0.0829317
-31.3211
-0.382962
-0.299827
1.90697
6.48957
-0.88876
1.80446
1.34254
-0.162102
-2.20184
1.85778
-0.492985
-10.263
-2.1511
2.31652
6.95158
-0.162556
-1.48504
1.61475
-3.00927
7.50372
-1.05886
1.38611
0.749346
-0.453128
0.512601
-0.99003
0.637539
0.443449
-0.314529
-2.17966
2.42955
-1.58211
-0.674323
-6.75581
5.64245
0.00084991
-0.128349
-0.67758
-0.0417501
0.575474
0.22125
2.99568
-3.00641
8.49578
-0.0790268
1.22668
1.06855
-1.47756
-0.976724
-18.4683
1.36291
0.532571
-0.608442
-0.196281
0.206207
-0.299208
-7.26793
-0.340547
3.22513
-2.28552
-0.134127
0.231433
2.46454
-4.26285
-0.755349
0.209488
-0.898343
0.447322
0.799381
-0.0309311
-0.418378
-0.034839
2.05178
-0.516143
5.77877
0.722104
-0.467313
0.0672149
1.21905
0.570079
-6.37935
2.51131
0.150212
0.442658
-1.43741
0.763893
-0.871913
-24.3743
-0.446701
0.57358
-3.34127
-0.864615
-2.11097
3.05995
0.43272
-1.47238
-0.18004
1.09448
-0.943268
0.298685
0.0293147
4.50329
-0.250191
0.516539
0.189645
0.581685
0.920506
0.0273139
-0.12561
22.4582
1.2036
-1.82889
1.06674
1.02477
0.342912
2.68239
0.193016
-2.34193
-1.37937
-0.343335
-0.562189
0.163028
1.76052
0.752433
-2.97224
-0.211926
-0.568053
-0.165155
0.340397
0.0891043
0.545703
-0.279936
0.10767
0.618896
-1.82216
1.15557
0.372443
-1.2191
0.294274
0.622519
-0.157359
2.17751
0.586439
-1.25833
-5.35626
0.123764
-1.98863
-0.432885
-20.2814
1.69111
-1.67987
-4.64007
5.3098
0.548773
-1.30574
-7.32936
0.350862
-0.502911
3.69421
-0.460962
0.0459841
-4.60273
0.109196
0.249364
1.62239
1.13634
-1.18087
0.12663
1.28356
-2.81804
0.378658
0.460061
-8.51406
0.363557
0.459786
1.70578
-0.163491
-0.387618
2.03843
0.0139299
-3.84357
-3.89961
0.883686
0.129842
-1.57735
0.652823
0.624807
8.34492
21.2207
-1.36217
-0.889363
-1.56889
0.937861
0.368378
-0.248349
0.230452
-2.34855
-0.546
4.76799
-2.7636
0.421124
7.43055
-0.859868
-0.261986
-0.396785
0.631987
0.395231
3.98691
0.307504
-0.0988091
6.53495
0.425206
-1.75773
7.10761
-32.5679
-6.02065
-2.92021
0.0359108
-2.75199
-1.53397
-5.24558
0.16874
6.57017
0.428566
-0.725965
0.508027
-1.81636
-2.05181
-0.172976
1.26201
-2.23453
-10.157
0.202313
-1.25078
-10.1639
2.04304
-0.318342
-1.16752
-1.77284
0.608573
1.55259
0.4476
0.505599
18.1673
0.364254
-3.23726
0.783101
0.0439166
2.02758
-0.507141
0.48926
0.615192
-0.00388563
-0.891314
1.35707
0.527975
-17.8318
-1.22417
-0.395529
-0.762577
0.137618
-0.516974
-1.56432
-0.132745
0.0766903
-0.038198
-0.202954
0.470887
0.147049
0.880549
-5.84685
-32.8748
-0.46493
1.92359
0.746375
1.05221
0.0433245
-4.84496
-0.204067
5.40819
26.0425
-5.45167
-0.905163
1.05483
17.6203
-1.47337
3.8051
3.06603
-1.43421
-0.52618
24.4172
-0.623469
-1.18943
-6.47909
1.60577
-0.771829
2.04617
-12.5666
0.207545
2.45869
-0.931572
-17.0266
-0.135338
0.381954
0.525517
-0.296963
8.07002
15.1744
-0.711093
-1.08074
0.449514
1.73002
0.808801
-24.5808
0.191384
-0.222631
0.753408
3.81459
-1.59287
1.26404
0.412841
-4.88695
1.06693
-6.13514
0.299975
2.09556
-0.869313
-0.20808
-3.20057
-0.608056
-0.946307
-0.864353
3.93054
1.5271
0.121893
-39.3735
5.83772
0.60977
-0.397015
0.619701
-0.135701
-1.92441
-1.91468
301.806
-0.0727523
-6.58568
-1.04185
-0.235956
5.01881
0.0091847
-118.814
-0.0525422
-0.322269
0.16675
0.565402
0.19714
0.792541
-1.05948
0.688502
-0.607687
2.25453
-0.461815
-1.56518
1.86798
-0.722665
-0.500068
-1.54018
2.22729
-1.83755
5.49996
0.752828
-1.37093
7.19674
-0.489288
-0.440959
0.454961
0.825744
-2.65455
2.31136
-0.127734
-2.43367
0.315113
-3.68152
-0.696709
0.164243
1.08364
1.42224
0.440611
-0.912563
0.064833
-1.24762
0.47783
4.76239
-1.91962
-1.77156
-0.330887
-0.684855
-0.181231
-0.392421
-1.08877
-1.27427
0.760044
1.88053
-1.46895
-3.62886
0.429557
0.388955
0.350829
1.17779
0.633145
-2.40188
-0.303924
-0.830585
0.955584
-9.28494
-1.08009
-0.101938
1.04181
3.8609
1.44152
-0.222344
17.9977
5.45768
-2.49281
1.91738
-0.0521789
-1.16392
-0.16968
-1.80376
0.63534
3.49618
1.70087
3.42196
-0.731679
0.0186919
-14.8653
-3.54356
-0.014933
1.92002
0.272868
0.556376
1.78747
1.39233
-0.949477
4.40882
-5.9362
2.78284
5.02122
-1.9733
-1.39309
-1.32512
-1.8608
21.8126
9.11026
1.31618
0.304647
0.73647
1.34332
3.55332
-0.672218
-5.71936
1.99862
2.78903
-0.387104
-8.06453
-0.488597
-1.04292
-2.71906
0.777235
2.65794
0.503001
12.911
-2.83478
0.0926023
6.49653
15.2631
0.240474
26.9832
-1.01525
0.240334
-0.15826
-1.84509
6.91337
0.107424
9.23059
-2.30702
0.898662
0.483548
4.71942
-62.7277
1.85449
5.9923
2.77814
-1.67809
-0.996998
-2.45406
-2.41872
0.388723
-1.16006
3.03622
-5.95569
-3.90948
0.290371
0.0684088
-1.01913
8.33429
-0.0746165
0.431876
-1.11053
-0.25359
46.3422
10.718
-0.151895
3.67569
-1.51124
-2.57645
0.444605
-0.77179
0.232432
-1.03447
2.60592
-4.77007
0.0372739
0.543032
0.822704
1.62303
-0.720748
4.51684
18.3219
-24.5486
1.33985
0.246456
23.6871
1.09053
0.187261
-1.15634
-0.0535038
-2.06243
0.118884
-1.23805
-18.3082
9.65593
-0.40005
-0.338083
1.01099
-5.84594
-5.02804
-1.55232
0.453609
-2.32692
0.0978703
-6.03179
-4.4847
0.596628
0.591367
-1.34097
-1.00405
-2.25903
0.251949
-0.965713
0.914317
-3.40935
1.55516
-0.192252
-0.420512
0.325814
0.934322
0.266147
2.40079
-1.10884
-1.08003
-2.77607
0.0118618
0.7625
-0.254981
-0.576074
1.64564
12.1096
-1.74874
-0.0652922
5.4292
-0.870873
0.590607
-2.15621
-0.585664
-5.10556
2.86459
-1.2486
-1.87682
0.780974
0.550035
1.45169
-0.213538
-1.72053
-0.340834
-1.2243
0.931416
0.0618627
0.865261
-0.925519
0.901991
-0.195346
0.106046
-0.369552
1.33452
0.394648
3.47116
0.702647
6.45655
3.91598
0.290016
-0.162194
-1.81256
-0.356155
1.48989
-0.0689823
0.2589
0.80358
4.46783
-0.165873
-0.129488
1.37404
3.58523
0.482292
-0.124822
0.111337
0.189139
3.00412
-0.340816
-0.383034
-0.567725
-0.462909
12.0326
1.20263
-0.387882
0.496628
0.0593282
-0.909826
-0.239824
2.56666
1.2977
-1.03116
4.62626
-0.199854
-1.13027
-0.167592
-1.34438
0.337273
-0.721267
0.728646
-2.84789
3.78666
0.538956
-1.26272
1.249
-2.75379
-1.40212
1.09003
1.32273
-3.64691
1.43397
0.538917
-0.897757
3.99881
-0.496297
-0.412222
-5.26458
-0.17231
-50.2124
-1.94306
-0.0403127
0.346054
-0.137089
0.251885
-0.0704868
-3.3996
-1.13031
-0.146903
-0.0802016
-2.99224
-0.496697
0.316006
37.57
5527.91
0.450814
1.35681
-2.94443
0.879467
30.0207
-0.870858
6.73826
0.657933
-0.333675
-73.6808
-0.861645
1.65259
-0.320997
-0.968531
-0.0709958
-1.25861
0.680509
7.03192
-0.880945
-0.45798
-0.492936
-8.81202
5.55481
-0.0212174
-1.36279
2.84854
2.25056
5.72396
0.304162
-1.60143
2.40235
-0.00237723
1.27625
-1.81933
0.303324
-0.750713
1.83969
0.281646
-0.306958
-0.401519
22.5234
0.779929
-9.1424
-1.20202
-3.91907
-0.624943
12.5287
0.26044
-0.471208
0.273622
1.07364
1.18155
-1.18452
0.386713
-0.21468
0.20818
-78.1363
-0.800426
0.438581
-0.389159
1.06572
-11.9096
1.9603
4.51158
17.7198
0.0214757
-0.820906
-0.22951
17.328
-1.82398
0.0523778
0.111892
-0.92398
-0.0939453
175.475
1.83073
3.5141
0.5961
-1.39522
-2.07332
0.227423
-0.565397
-0.218786
-1.32029
-0.173261
0.388004
-1.8873
-1.52543
-0.27178
-0.68117
1.5352
0.479973
-0.00694494
8.95941
1.21912
22.7781
-0.486839
10.4279
1.41389
1.00946
3.2236
0.0398667
-1.82728
0.431382
0.19216
-0.933632
-0.305216
0.482747
-0.0288962
1.55536
-4.44128
-0.509045
-0.216089
0.0830228
1.56666
0.440607
1.55923
-0.302876
-6.92083
-0.636811
-0.564612
-0.207773
-39.1973
0.219878
7.84796
2.2328
-2.81441
-0.323988
20.9508
0.22515
0.0403667
-2.1536
0.350856
-2.98028
0.412414
-0.518523
-7.5771
-1.35544
0.470923
-30.9066
0.0426986
-1.2232
-1.18001
-1.51331
2.40931
0.322089
-0.420362
-0.108347
-1.38909
-0.702058
-2.36472
1.00734
-0.284828
0.331533
3.08137
-0.0729222
-1.31673
0.944887
-11.0241
-4.45442
-0.640652
4.64098
0.815733
-1.64023
2.71778
-0.858914
2.20063
-8.17231
-0.0876819
0.574922
3.933
0.24437
0.311253
-1.22955
-2.34525
-1.32801
-2.52322
0.996904
-1.93728
8.53734
0.769335
0.919193
0.0772906
2.53067
-1.96728
-5.58914
-0.217825
-11.8233
-7.00686
-15.2746
-7.27436
2.30666
2.27901
-0.580306
-6.3441
-1.06942
4.47264
-5.26875
0.088565
2.20759
-0.50029
0.866917
-0.16748
0.0882026
-0.611936
-0.989909
13.0704
0.118448
-0.0418134
-3.40837
-0.890268
0.717551
2.10227
-0.416197
-0.705024
0.822216
2.7506
0.987906
-3.53987
-1.7586
0.220845
0.683345
-2.57581
0.264105
-0.421584
-1.27602
0.670781
-0.171885
-0.140068
-0.0181203
0.452487
0.705623
-0.0813277
-0.388343
-0.0546503
1.99778
0.144335
21.4594
-0.986483
-0.386947
1.03947
-1.13667
-1.81084
-0.372601
0.0647391
0.0319424
-2.4506
-5.65241
0.423467
-1.10059
2.89148
3.01254
-2.44338
-0.381475
-0.271368
0.246183
0.3112
-4.62808
0.966761
2.45456
-1.01233
-0.962046
1.58855
1.43765
-0.784444
-0.10179
-0.571872
0.785265
-2.6176
-0.44246
-11.3741
-0.4168
6.65002
-3.52436
-5.01225
-0.495081
-1.22464
-0.454997
-0.103961
-1.36968
0.843712
0.857713
-0.501205
0.331182
-3.05832
5.7408
-1.34223
0.739294
-0.250957
-0.031828
-2.52861
-0.322672
0.374209
-0.796305
0.829945
0.402702
0.320256
-0.147475
0.958101
1.80927
-0.270523
-0.202794
0.208664
-0.694759
0.822384
-0.556205
0.269434
-0.221887
0.0907352
0.700826
3.67589
0.397551
0.282363
0.0309762
4.28027
-14.0615
-0.390942
-0.321571
-1.63704
1.22276
5.86298
-0.544305
0.535152
-1.03217
0.248941
-0.760062
-0.815536
-35.328
-1.13167
-11.6332
-1.9055
3.78238
-2.68335
-1.31953
3.96036
-1.34666
-12.9287
1.5444
-0.793672
0.0609848
2.61286
0.496451
0.296187
-0.728503
2.54469
-0.126875
-5.96327
-4.06756
-2.6042
-121.055
-2.03343
-1.08434
1.0521
-3.04638
4.32486
-1.78936
10.8962
-0.12068
-121.818
0.539764
1.0057
22.6577
0.314915
0.65923
0.0430773
-0.363802
-11.1709
6.39438
153.404
0.572866
-9.01781
0.991164
-0.165712
0.746352
-1.14202
-0.569232
-0.220989
0.553558
-3.65741
-7.30501
-28.7841
0.840537
-0.21632
-0.0614046
-0.436456
-0.268226
1.14959
-0.671933
0.197113
3.55606
155.389
-4.39409
5.8539
-1.77722
-1.77784
-5.38642
0.942622
-2.82703
-0.471473
1.8808
-6.71639
-0.125404
-1.0537
-1.39408
-1.46915
-0.0136968
0.419919
1.49258
-0.447464
0.703283
-0.685842
0.897649
-0.0330807
-1.23139
0.947741
4.02437
-1.20233
-0.006223
1.1581
-0.0895169
-0.0836998
2.24226
0.168462
-2.09251
-1.95007
0.429114
0.512794
0.5994
-0.0899283
-0.299355
0.616366
-0.814521
1.00583
-0.802533
2.04371
18.0146
2.49538
-5.77053
-0.540233
3.57648
1.40261
0.0788578
0.144879
-1.83608
-1.68868
0.0974005
-11.1393
4.03664
-0.239332
-0.200212
-1.42121
-1.30352
-0.634267
-10.4317
-1.52549
0.100425
0.277514
1.461
-2.2559
-0.895923
0.0301036
1.38013
1.33076
1.86697
-0.943461
-0.47517
6.20209
-6.62312
-0.68859
-1.14206
0.0924425
-3.81883
1.43734
3.39408
0.00875237
-0.739216
-0.10875
-0.729514
1.08593
-0.713202
-0.259901
-5.57172
-58.4112
0.340715
2.14792
19.2287
-1.33815
-1.129
12.1198
-1.47755
-0.991777
2.42805
1.08781
-0.65195
-0.660801
-1.02534
0.0119727
-3.71342
0.732344
-0.57833
1.13707
-0.423216
-1.31175
0.112532
-1.31622
2.31796
-0.494324
0.232614
1.5948
12.8784
-4.19671
-2.1569
1.967
3.47788
4.66385
-0.401499
0.544806
-0.786592
-4.65557
0.979725
-0.204993
-0.471586
-0.747393
-0.470601
0.115106
-0.746693
-1.58639
-5.8216
3.19564
0.592103
3.40271
0.00797688
0.638252
-0.344049
1.54882
-1.45946
0.523711
0.986875
-3.45935
-0.41205
0.907131
1.70633
1.63161
0.0894679
0.629603
-14.0328
0.629358
1.19236
9.84436
0.383105
1.53066
-1.41242
0.86154
0.120642
-4.25521
1.2638
-4.32005
-6.05169
-1.59104
0.686019
-1.68917
1.87863
3.34076
-0.484701
-1.11887
-0.647671
0.441203
-1.23586
-0.662235
0.562177
-0.0289636
0.0734621
-2.90256
-3.30461
-0.181633
-1.34006
-18.5292
-7.0977
0.0311378
-0.685267
1.12062
1.14005
-0.349574
1.00028
-0.496405
76.3837
3.59872
1.10873
-0.506298
7.86245
0.140012
-5.6372
-2.83318
-1.96611
-0.681914
-2.7078
1.30803
0.687855
1.19991
1.53947
-0.446594
-0.201158
-3.72258
-0.711433
-1.25164
0.356262
-0.109805
0.968145
-1.42667
-1.76261
-1.44288
-2.45807
0.437994
1.85112
0.5034
-0.868655
5.46932
1.86153
0.0171481
2.07477
0.285235
-6.96231
-0.0161945
0.064441
1.74927
0.0469577
-722.543
-8.32665
0.0564534
-0.0495473
0.603899
60.966
0.244822
0.415332
-8.243
-0.889225
-3.53485
0.805445
1.27992
-16.8
-2.50609
-0.745755
0.52652
1.47376
-4.21296
-1.35856
4.08486
-0.420006
1.46789
0.382541
0.101858
0.366119
-0.0118106
-1.96715
0.552909
6.64967
-0.610031
0.00548044
-1.71807
-1.25438
2.78594
1.27578
0.479225
17.0675
0.0478452
-0.423724
0.121389
-4.41195
0.219989
5.60022
-0.379981
-0.34207
-0.131646
-0.626675
0.548325
-0.437983
-12.1149
0.348246
1.08193
3.15863
-1.12423
-0.333193
-1.62797
-1.65949
0.117754
0.124682
0.652422
-9.28153
8.19618
9.40016
0.107359
-0.265791
-0.0440021
-1.00357
1.62127
0.524196
-1.28007
5.93509
0.864282
1.22205
10.8218
-0.452672
0.430937
0.8062
0.169827
-0.529158
0.193978
3.76845
0.0650789
0.079192
0.461736
-0.0485252
-0.0807265
0.293639
-1.05815
1.66521
0.183593
-0.39716
-2.26151
1.58347
-8.02916
1.0708
-1.85467
-2.82665
-0.408855
0.989122
3.25897
0.981091
0.217375
2.45518
0.57144
0.0389466
-1.11636
0.667353
-0.265432
2.31159
-0.643219
-0.220649
0.40529
0.172191
14.8307
-0.867677
-1.58574
2.10329
-1.63948
-0.637391
0.592
1.83852
-0.424963
19.3411
-0.1517
0.69748
7.23591
-2.18185
0.157125
0.540934
-11.2308
-0.229782
-15.2397
0.64505
-3.92276
1.82945
0.82396
-19.8355
1.44305
1.63174
5.84038
2.80811
-1.83984
0.310786
-1.69557
-2.1502
-3.55399
-3.96102
-0.53951
-7.27122
0.281955
-1.11148
2.07026
0.234932
0.939616
0.244051
0.684242
6.69403
-1.41211
2.23532
-0.210923
1.17751
-0.811657
-7.316
0.595385
66.6879
16.4608
-0.316619
-1.56097
-0.217368
-1360.41
-0.655188
-0.774912
0.772894
-0.446447
0.940411
-1.10523
-0.366975
5.43132
-2.37207
-4.25373
-5.36378
0.808414
-0.515278
4.06293
1.05298
0.0736827
0.316208
0.477766
-0.897485
0.5319
-1.27211
4.29937
0.790812
-0.360103
-19.3969
81.5568
4.36976
27.8226
0.249482
-0.838162
-139.653
1.39925
-2.4879
-0.861926
-1.60612
0.108949
21.2988
-1.09088
0.797743
0.113797
1.11088
0.864753
-0.312091
0.647781
0.151709
3.30724
-2.73181
-0.606394
-1.47769
1.28033
7.76993
-4.7697
-0.536349
-0.717876
0.435848
-2.45015
0.689782
1.56659
-3.07138
-2.29186
1.99992
-1.18746
-0.263372
1.65937
-1.44522
-0.0501096
1.56096
9.64501
0.141263
0.0362669
-0.495714
-10.7213
-3.88214
-1.13614
4.21353
0.974846
-0.45719
13.5404
-1.24505
-0.366912
-0.974447
0.864654
-3.76295
30.4192
0.767439
-2.01111
-9.88106
0.116193
3.61006
0.178749
-0.344333
0.541665
0.123981
0.199982
0.858108
0.718924
-2.24658
3.37263
-0.649161
-0.533779
-1.64621
-1.43131
5.88181
-1.5894
-1.49212
0.321205
0.548977
1.67944
-0.84533
36.3823
0.203919
1.07562
-1.18423
-0.821099
-0.197867
-2.38635
1.02634
2.88965
-0.157334
-0.569666
1.04646
1.95377
-2.83073
-1.54714
0.328414
-0.100183
0.450405
-0.83773
14.9757
1.80866
-7.35627
-1.19185
-1.85852
-0.506716
-3.936
0.305967
-2.72017
1.63361
0.234705
-1.25235
-2.02832
-0.867405
0.51323
-0.719776
-0.185305
4.87397
-1.18722
0.200543
-0.679448
0.531876
0.998119
1.30686
-1.94874
-3.17886
-1.57274
-0.253101
-2.23788
-3.33779
0.441786
2.00587
-1.59209
1.56687
2.33037
2.95775
-1.28405
3.13658
1.06725
-5.20373
4.0708
-2.70921
5.00689
1.18056
-2.56081
-0.527233
0.329681
-0.317464
0.0800708
-0.463295
0.996337
1.21006
-9.3879
-8.375
-0.984853
-0.223068
-1.83081
-0.670465
-2.56154
0.228715
0.247414
-0.673103
68.4942
-0.0149767
-0.437352
0.0589052
-0.00228017
1.63984
-0.538361
8.71109
3.1935
1.65004
0.0062844
-0.671715
-0.162141
2.32221
-0.434575
-0.755375
0.96275
-0.454426
-0.273993
-0.00279224
1.74386
0.330551
6.80746
4.4134
1.14072
1.7184
1.69391
-2.23977
-3.20028
0.39108
3.47683
14.1162
-0.254587
-2019.79
2.54783
-0.316486
1.25271
-1.36155
6.8967
1.44894
0.0554859
1.2621
-0.0330879
-1.77695
0.0302052
-1.02728
-0.779297
2.48954
0.711224
0.884664
-2.80364
-2.01093
1.33265
0.440575
-1.97902
-0.191
-2.09497
0.880726
1.45071
-0.396911
0.706878
2.75668
-0.166551
0.834603
0.869642
-1.4089
-0.370342
0.254155
-0.234506
0.307624
-0.66409
28.7872
0.03215
30.2869
1.00816
-0.807646
0.887565
7.3787
-1.82252
-0.495819
0.0821908
0.749762
1.99786
-12.2142
-0.186896
7.24325
2.60558
0.30373
-7.05211
3.24607
0.521417
-1.98377
8.75049
1.33442
-0.0744127
0.678362
-0.554449
-0.822912
-0.765811
1.22547
1.50925
4.10707
2.29097
-0.792681
-1.69621
3.40367
1.25375
-2.49869
0.963633
1.14083
-1.38085
27.5473
-0.189169
-0.964098
0.544846
5.77245
219.845
-10.0913
1.17214
-0.36669
1.45873
-0.0498829
17.3469
0.96171
0.12099
1.29582
-2.65239
-1.03474
-1.15717
-3.08523
-1.14561
-0.524762
0.201639
1.67357
-3.88571
-0.763717
-0.0945547
2.77656
2.31223
-0.676932
-0.400826
0.52983
-0.074306
-37.5237
0.707472
-0.0691855
49.5866
-1.0463
0.0097968
5.99939
0.499262
0.766765
1.35585
0.756188
0.607983
-0.638252
-0.95545
2.03622
-6.88205
-0.450681
19.028
2.21298
0.216869
-1.26553
-0.0813718
0.253856
5.16103
18.6178
-0.891459
0.0901667
-0.831198
-6.93769
-1.01358
3.47329
-5.15196
0.496683
-0.691137
1.10722
-22.5309
-0.618274
-0.707592
-1.41547
-4.61828
-0.44653
0.1018
-0.868724
-0.489633
0.736987
2.50444
0.454921
3.42473
-0.703182
0.992832
-4.41126
15.2918
0.169616
-1.11233
-0.215931
-1.15058
-17.0102
-2.83234
-0.926181
6.35926
-2.4443
2.44436
2.2898
-2.71091
0.605499
0.6797
-19.7546
0.0256981
-0.549024
6.04677
-2.70085
3.84622
-3.54638
7.13087
-4.21711
-0.598768
-0.347224
-3.54924
-0.128505
-4.01117
-1.23807
-0.396132
0.873013
-5.00842
1.90912
-4.35872
-0.707029
2.12088
0.399415
-0.931962
0.741747
-0.039498
92.6083
-0.956948
-0.904428
0.784242
18.9327
-4.78462
-2.14217
-0.656513
5.24627
-2.83379
-3.65071
0.86237
-3.08384
0.201086
0.194335
2.71604
0.6322
-249.244
5.63937
0.250618
2.36883
-1.15182
-0.616282
-0.688363
-0.0188517
-1.54999
-3.00993
1.27108
-2.56024
-0.190084
-82.0516
-9.07801
-0.253659
4.65767
-0.393055
-0.875632
-7.81338
1.3703
-1.86445
2.35528
-3.99179
0.748844
0.919691
-0.182769
0.996388
-0.309646
6.6946
-1.11175
-1.08348
1.01717
1.88453
0.790244
-0.898931
-1.64904
0.837649
-0.197761
-6.70475
0.627666
-1.40715
0.704976
0.250657
-0.262623
1.12763
-40.281
-8.65493
3.6688
-0.10643
3.09749
-1.11119
0.489973
-0.821514
3.05613
1.38589
-0.893632
-6.7818
2.07846
-0.212942
0.945967
-1.40516
0.864014
-6.64337
-0.228271
-0.0561329
-3.88933
1.36766
-27.6597
0.774657
-2.53628
6.7645
1.28565
-8.00871
-0.320338
-0.524372
-10.3929
0.505642
0.0334562
-1.73274
-0.761958
0.784825
-0.101086
17.5837
-0.0533114
-1.00786
-1.32301
0.544892
-2.84619
-0.255789
-0.144225
-1.08827
0.343073
-0.179643
0.463809
-1.52479
-0.117707
0.882954
0.63722
0.123018
0.459457
-0.41024
0.2095
0.325974
-0.678752
-3.57256
7.52912
-75.6914
-5.45194
-0.150067
1.01801
-0.113638
1.78274
1.67982
-3.88728
0.312523
7.50092
-1.35997
-0.746843
-0.583746
0.801657
1.91651
0.852107
2.77447
33.9396
-0.119801
-0.332685
1.87865
0.802154
0.309369
37.2994
0.572707
0.670932
-0.170337
-0.572688
1.43376
-0.761138
0.290694
4.44705
0.0034523
-5.31888
1.16931
-0.00337579
-0.447749
0.0769837
0.238919
-1.74353
3.07533
36.3944
1.0629
-0.634071
-0.0809404
-0.469113
-0.282918
-0.43543
25.8414
-1.78639
-0.83592
2.3299
-0.228604
0.773564
-0.825923
-5.80392
0.826902
-0.0651007
1.56425
21.9036
-0.100559
0.32648
1.98448
3.24318
1.28025
-1.03912
6.34601
11.9304
-1.6594
-1.94328
0.791994
6.4408
0.962166
-0.884452
-3.94224
-3.67268
-1.31755
0.227165
0.268378
0.0627178
0.0098001
-0.481281
1.32648
-16.8003
-2.06183
-10.4699
0.461962
-1.37928
-0.0812246
0.340932
28.3011
1.48444
-2.68612
-2.2026
0.404077
0.926698
8.00114
0.333176
0.192008
-0.0104304
-1.82845
-1.79476
-0.669109
-1.13386
1.88263
-1.21967
-16.9292
0.243471
-2.71593
4.33724
0.158468
0.262795
-15.8109
-0.80236
-0.270105
-0.64553
-0.908733
-0.560113
0.0670463
-3.91985
-3.69933
4.78598
0.804581
5.19754
-5.46755
0.359264
-1.99649
-0.17427
0.917913
6.13913
1.94305
0.586207
-1.12153
1.37547
-3.25684
2.90854
-0.839363
0.550883
4.75394
1.73266
-0.126677
-0.159178
0.543574
1.73101
0.695952
3.77589
0.0628799
0.769308
9.74497
-0.355306
0.49776
6.15341
-0.794576
-2.9537
-0.0435248
1.4094
0.81103
-0.397914
0.039283
-0.0590093
0.395254
-1.62851
0.917587
1.51725
11.8804
-0.192921
-2.32822
2.36344
-0.409118
1.31497
-0.0865227
-1.83214
4.0479
-1.85647
0.582477
-0.581703
-5.04509
-3.47697
1.73066
0.216998
1.29502
1.77447
1.33632
0.130399
-6.04403
0.191512
-0.410524
-0.241386
-0.0327377
4.17774
-0.599718
-0.244113
-2.38795
0.901261
-0.0336144
1.24753
1.47997
3.05417
224.984
-0.332542
0.258336
-3.12987
15.6897
-1.41515
-1.14591
0.410322
10.4976
-2.81504
0.0917033
0.192366
-0.347922
0.115443
2.23047
-0.928327
0.376406
-2.5895
-0.525937
0.151272
-3.60416
-0.694931
-2.14075
0.527306
-0.787763
-3.87193
-2.60438
