-1.78237
0.372099
-1.37075
-2.73615
-0.579809
-0.736748
0.0164341
2.38473
0.00459487
5.62066
-1.88395
0.0853852
0.0064846
0.336837
0.275751
2.89829
0.159732
3.47229
2.50902
-1.45637
-1.01588
1.56609
-0.271584
-0.549366
-30.9204
-1.19984
-0.933446
0.418062
-0.248288
-0.396823
2.25172
0.780811
0.713152
-0.769866
0.497074
0.924094
-0.247852
0.340689
-0.859781
-1.73498
4.9903
-0.131543
0.0102624
-2.292
-2.64527
3.4916
4.13605
0.64194
1.05278
-21.1744
0.00397661
2.31892
0.359302
1.74553
-0.76848
0.085477
5.85492
-0.29677
-0.199979
-2.99032
0.0331329
-0.882813
-0.106051
0.395154
-0.128697
-8.92012
4.30717
0.494532
-208.564
-1.75934
0.721297
0.400759
1.29815
0.715573
0.408354
0.798861
3.45122
-0.122172
-5.9863
1.84831
-1.86817
9.63368
0.822136
-0.335918
0.455226
-0.365761
-1.56631
-0.89796
-4.31682
-0.0292335
-0.934846
-0.0630715
1.2577
0.497407
5.40485
-2.4509
-1.35418
-0.498573
-0.891458
-3.87293
0.697559
1.38928
0.575865
0.66211
0.285352
48.8122
0.686598
-0.232825
0.89128
0.913824
-1.08266
14.3297
0.540819
-0.46993
-1.19559
0.824761
2.28753
-0.251464
0.476161
-0.70469
1.13284
-0.263295
-4.14143
-0.933612
0.36573
6.24633
0.355466
-0.581554
9.55749
-0.156153
-11.7246
1.75858
-0.138328
-0.135648
0.727583
1.32452
1.18785
3.41696
-1.10962
3.44843
34.2649
-3.3668
-1.34458
-0.713889
-11.7972
0.0905927
-1.18972
-4.45329
29.2974
-16.331
0.672571
-1.39877
-10.788
-0.206782
-4.02674
-0.53309
0.358778
4.37638
0.843421
0.28336
0.268279
-0.641218
1.4477
-1.06652
0.737502
-0.492517
-5.6478
-0.324346
-359.482
-0.263142
-0.103797
-0.950963
-0.902319
-2.62058
-0.628111
1.58763
-0.940756
0.0295319
0.100884
-0.237095
6.66569
0.387478
-0.64377
0.258043
0.0058274
-0.962624
0.289844
0.401766
-1.87195
-0.23776
-0.176294
0.229683
1.22237
17.9754
0.399914
-0.13227
-0.560435
-0.154649
0.254044
1.14874
1.59869
-0.393355
-3.79849
-0.325915
0.321851
0.605566
558.188
-0.040696
0.0367316
-0.4914
0.447971
6.07606
1.1565
-1.16008
14.8943
-3.66382
0.561735
-0.230937
0.185117
-0.32299
0.405427
-0.385618
-4.82175
3.68459
-2.03546
0.40793
0.366063
0.375041
-1.05103
0.0320517
-0.58255
3.64626
-0.0600022
0.236489
1.52694
-0.164832
12.5423
0.438366
-1.62934
0.904071
0.498742
0.0428464
-1.31493
-2.58992
-0.693797
37.4904
-6.6288
0.340695
0.601223
2.86179
2.76592
0.61119
-0.433734
-0.415133
18.1375
-0.151932
3.69826
-11.8557
-0.409084
-89.9437
-12.7731
-3.89981
0.243362
-0.615969
0.298715
-1.17346
-0.0949295
-3.42797
0.509176
-0.208415
-0.142165
-0.448655
0.712381
-3.68519
-3.17873
-2.47596
0.416405
0.56711
3.49908
0.13376
-0.524814
0.519598
3.47992
-1.89524
-0.915575
1.71825
2.23198
41.2505
2.76802
-0.960492
0.230875
0.504326
-0.120414
-0.518033
-1.2409
-0.354359
0.3294
1.57148
-2.26898
-0.0755058
-9.80691
0.258523
7.03144
2.24764
-1.41131
-0.772087
0.0751617
2.32922
-0.686739
-0.361192
1.35354
-0.0487967
-0.246614
-2.15342
1.59409
5.45966
-2.01133
-7.4161
3.74228
-14.6484
-1.2513
2.44089
2.64162
-0.682558
3.02307
0.043197
-0.431983
0.328867
2.57781
-0.453532
0.29102
-1.95884
0.756585
0.981436
0.801245
6.00968
-2.34584
-0.318973
1.58751
-0.168256
0.196748
-1.49875
0.660228
-1.36266
0.102028
0.637029
-2.96403
0.0182346
0.653968
0.572779
-0.429192
0.153821
-5.32753
8.79105
132.38
2.68261
0.65481
-1.42033
0.726902
0.669052
-2.65445
195.497
-0.776887
-0.238724
-1.75583
-26.5361
-1.36782
-0.00984231
-12.635
0.0459675
-5.62253
0.353789
30.1957
-1.07967
-0.649444
1.20904
-1.22522
-2.4858
27.4734
-3.93496
-5.77412
0.626906
0.687289
-2.17025
0.992331
-0.993592
1.01517
1.08557
-0.404133
-9.32634
0.96358
5.1603
5.40135
-0.27951
-1.38875
0.088541
1.1166
-2.77042
-4.98215
0.57349
-0.386139
-0.742466
-0.854087
0.337691
-2.09431
-5.12586
0.521601
-0.675839
-25.382
-8.3508
0.123507
0.91002
0.152803
-1.1946
-1.55682
1.17016
1.38986
0.651953
-0.00135898
4.38475
-0.851259
-1.2637
2.46309
-4.90182
0.807385
-0.508185
3.4686
-7.30572
1.35405
0.479147
2.34498
-0.648963
-0.289783
-0.310355
3.16999
-0.156311
3.09839
-0.338079
4.64618
0.0157658
1.85965
-7.4928
-2.25294
-0.0838452
-1.11041
26.8067
0.00574133
-0.35928
-43.4431
0.0489066
0.572334
-0.831318
-2.73147
-1.04906
-0.677116
2.13202
-1.91429
0.963423
-0.320491
0.0178456
-0.278154
-0.842772
-0.00761159
0.275697
-0.70809
1.17295
1.74683
0.851139
0.4259
0.818391
1.66211
-4.16183
0.399103
0.405652
-0.862304
1.05918
-0.402215
-1.14798
7.41167
-0.178988
0.0980948
-16.1723
-0.478657
1.02059
-0.727985
-4.42941
-1.21521
-1.77166
-0.268249
-4.19789
0.452681
-0.890022
0.548933
1.57101
2.65206
-0.0205442
-2.03996
-1.20486
-0.98491
-1.81362
-0.874552
-16.52
0.636804
5.71938
0.424096
1.73628
14.8669
-0.0444138
6.64591
-0.32416
-1.00263
-1.62409
4.65853
0.997305
12.0648
-6.83842
1.49823
-0.969098
1.30177
-0.670498
-3.12118
0.542576
-0.948935
-0.331226
0.288004
-6.73677
-0.909205
-1.12197
0.486808
2.02987
1.98061
-0.0669544
-25.2648
2.05733
-0.0449493
1.91346
1.07289
-0.00889076
0.877682
-3.53986
-88.4354
-0.261255
1.1352
57.8523
0.288271
-0.187372
-1.72414
0.47113
1.23091
0.200677
0.917011
-1.13172
0.13339
5.64837
-0.817037
-12.6561
0.587566
0.339157
1.52454
-5.2093
0.913463
-1.8079
-0.482176
-0.979962
-0.167745
-3.03442
-0.296591
-0.888779
-0.708826
3.45436
0.317352
-1.98492
2.34719
1.95455
1.41233
1.83161
1.95392
-0.0863807
3.38554
-0.506687
-0.252309
1.41475
-0.480285
-1.64862
0.0121752
1.12404
0.217327
2.84196
-1.29351
-7.56448
-2.8772
-0.0611009
1.52888
1.23557
1.0868
5.40479
-0.376084
-0.58348
0.551704
0.0963792
-0.327537
-0.143495
0.350219
0.717542
-0.585394
10.2211
-3.65121
-3.14181
-0.999735
-2.45715
-1.79094
1.97497
-1.0107
8.90684
0.304468
-0.311694
0.420899
-6.98083
-9.19673
0.138258
1.76919
-1.32643
0.855233
5.27214
-2.22902
-0.407164
1.5874
-6.35543
-1.73747
2.32333
-466.418
1.4514
-8.41884
0.518245
-0.391505
1.37695
4.76652
0.874089
-1.78931
-1.06506
0.381496
-2.49722
0.0882201
-1.17964
-0.0227878
3.48724
1.10599
10.2473
5.37973
1.49556
-1.22603
-3.08522
-0.430304
1.30109
0.47278
-5.86773
0.249375
-0.196086
0.97455
0.927363
-0.101083
0.521242
-1.64198
-0.390683
2.466
1.05745
3.71404
-0.132938
-6.92194
-1.18905
-0.117183
-1.658
-0.735933
-3.66487
-1.92522
0.89528
-1.88805
2.79576
2.50394
2.67144
2.63913
-0.887724
0.373932
-4.03712
0.825966
0.531368
-0.666538
-0.589937
-2.1232
-0.912725
-5.59995
-0.327855
4.91855
-1.13612
12.7121
-1.70714
-1.50274
-0.315895
3.16158
0.583133
-0.861794
-5.73816
0.896598
5.53527
-2.31902
0.856991
-1.55996
-0.196427
-0.216152
0.309211
-0.0482947
-0.00806704
0.96073
0.207509
-3.28813
-0.97814
6.7992
0.28782
0.145275
4.28646
9.93273
-3.47579
2.29303
-0.0785411
0.0157929
0.238467
-1.69603
0.425344
-1.85403
-0.254958
-2.76897
0.0163859
-0.140567
2.99383
-13.7318
0.30729
-0.373742
0.125409
2.85005
-0.254619
0.296814
1.02532
-0.576633
3.93949
0.639037
-0.027909
0.0780875
-1.47034
-2.07353
-0.157554
0.911991
2.54066
3.84363
0.549615
0.438729
-0.351856
1.42204
-0.302139
-5.12507
0.0912588
-0.895669
-0.766817
-3.57134
1.15301
2.72912
-2.37386
1.8502
-2.51068
-15.0378
0.407998
-2.5926
0.347687
-2.49922
1.95154
-1.70749
4.64949
0.764132
2.72555
2.13393
0.522603
-0.890949
2.53564
-14.9554
-36.594
5.00941
-3.25273
3.59504
0.559911
-0.531048
21.487
-24.7741
1.82396
0.0614998
0.385564
-26.8533
-0.729714
-0.593921
0.333294
-4.38267
-0.326058
-1.05874
1.01016
-1.57546
23.6994
-0.0321106
-0.75526
-0.513533
-0.710706
1.07747
-7.1765
-0.564478
-0.116436
1.92732
2.34848
-0.610967
-0.690289
1.4475
-0.836299
7.75336
1.05043
-0.187443
-6.35522
-0.242787
0.868574
-28.9633
-1.86982
0.271478
-1.71381
1.8379
13.9736
-0.337102
-3.56632
-6.50593
0.0550064
1.73403
11.6419
-0.198366
5.64021
-0.163564
0.302194
-0.157786
-0.517679
-4.98581
15.0776
-0.321068
-0.448959
-21.7637
-0.556475
-4.25449
0.64015
8.06167
-0.343419
-2.3944
8.87795
-2.41631
0.0890638
0.630314
-2.71176
-0.475434
-0.0435685
120.945
-1.34222
1.03212
6.27253
0.345313
0.0510555
2.7067
-0.135829
5.71664
2.78218
-3.30273
2.0164
-1.60871
0.553122
-0.317596
-0.164372
-0.30309
5.98131
0.31933
0.989344
0.220812
-0.127954
1.07901
2.36374
0.423449
-0.280136
-1.37411
0.667344
2.15512
2.07373
119.695
0.623834
-3.79602
0.246572
1.30486
2.71283
0.172374
-0.865817
1.0288
-0.139993
0.827591
2.05695
-1.6911
23.5703
-0.319061
-0.352717
2.25326
24.1105
0.347884
1.84634
0.758188
0.146363
2.84975
2.06704
-22.8504
-2.96944
0.664287
-0.0555918
-2.38127
-0.342783
-0.0474217
-0.0923862
-6.57825
10.3053
3.01785
-1.95494
-1.78664
-0.320845
0.180085
0.184772
-0.628258
0.418485
-0.00729024
-0.375883
5.5941
-1.00607
-0.509686
-26.207
3.19181
7.70197
0.0561318
4.57241
-6.82515
1.59904
-4.45422
3.41225
-2.45758
1.32609
-1.61049
0.714272
0.505418
0.355009
-0.500906
-0.481043
-1.01482
0.0701621
-2200.07
-1.29585
0.156135
-0.159935
1.33385
41.3419
-0.810737
0.0192075
0.658781
0.731584
0.657286
0.72569
3.19838
1.83991
-9.98662
0.425444
0.93247
0.926583
0.188148
0.891303
-1.18109
0.86024
3.66786
-0.283266
-0.174553
-0.92848
1.42758
2.19522
0.48018
0.0976426
-5.12841
-2.39856
-8.21807
0.81394
0.358462
0.412443
-5.01034
0.386834
1.77115
-1.21728
0.539775
-1.2758
0.542513
0.583631
-1.73171
0.450873
0.0584357
0.431886
-7.45289
0.0285586
-3.74881
0.984333
-9.04948
1.77391
4.76622
0.821128
-18.829
-0.230715
-0.702979
-2.4908
11.0895
-0.0431579
0.437706
-0.25669
-2.70871
0.022508
-3.74546
5.60362
-0.854404
-0.779718
0.802191
-0.619027
0.592885
4.19735
-1.34495
-0.214039
-2.79459
6.68945
-1.1045
0.146509
1.2436
0.0404745
-0.118199
-0.619733
1.13552
17.409
-1.07592
258.451
-2.03956
1.38341
2.82523
1.63273
-0.696077
-1.6915
0.157588
-0.928048
-0.175438
-4.23174
0.404217
0.40421
5.74794
0.229592
-0.665444
0.316699
-0.132457
-8.50589
0.197213
9.92445
0.283343
-1.10384
-1.29329
0.471432
3.74135
-0.115171
-5.89105
-12.3024
-1.13282
4.08045
1.76453
0.813796
0.172624
4.86055
1.56922
-5.3559
23.6127
4.44986
-4.68119
-8.55763
-2.90146
0.697572
-2.39399
1.11806
-6.40253
-1.6042
0.645287
-0.656316
-0.647531
-7.75463
-0.992015
0.566167
0.0677997
-0.138827
1.91129
7.36934
0.54528
-0.52549
-2.50017
0.585579
-0.572529
1.78588
1.03412
0.275507
-0.318786
3.10534
0.0405169
1.33547
0.736134
-3.38521
-0.315521
-0.231286
-0.92915
1.94239
-0.897364
0.218042
767.583
1.18793
4.05432
-0.206121
-0.547141
-0.171524
-0.852175
2.35828
-0.159397
-0.158887
2.85262
-0.57092
1.3009
-0.226031
-0.592725
-0.166625
0.254177
0.160865
1.68113
-1.29169
1.79849
3.5143
2.14889
0.377023
0.0973385
0.17186
0.107061
0.483857
-1.20109
0.153317
-1.3054
50.2118
1.16443
2.7715
2.37438
32.2099
1.57147
0.173826
0.447004
-1.30461
0.776179
-0.131155
0.958661
1.08387
0.0448754
-0.778198
3.20687
0.0968061
0.0722642
0.273844
-2.28397
0.545901
0.248437
2.16216
2.21201
6.48721
8.16184
-116.393
-0.689463
9.90979
0.222886
-0.0513933
2.57454
0.233539
0.995033
-0.0402981
2.341
-0.220569
0.97928
1.07176
2.37733
-17.9035
0.232511
0.992362
0.363643
2.39982
-1.70313
6.60247
-0.812963
-0.737085
4.2144
0.630328
-6.7749
-1.2716
0.109272
4.14967
6.37732
-1.03464
0.161399
-1.16
0.945491
2.05144
0.4156
1.86586
0.581919
1.17058
0.213086
1.75702
0.229581
0.603265
-1.58019
50.3921
-3.90661
-0.132538
0.724601
-10.1883
-3.50081
-0.00864916
2.49058
-1.0004
-15.1028
-3.67843
-0.482363
-7.86398
11.1079
-0.161164
-1.37536
2.66149
0.92773
1.08771
-3.10959
-0.724759
-6.88573
2.51731
-2.64708
-2.07047
0.0892753
-0.226118
0.467816
-135.331
-1.00543
1.13358
0.241434
-1.14202
-1.89537
0.534571
-0.426759
-1.11678
0.12138
-0.273329
0.141817
2.2795
0.333872
0.368704
-0.472673
-16.6844
-3.28801
2.89207
-3.14487
-0.334694
-0.0865169
7.52124
8.14444
-0.799442
2.1275
0.609133
-0.145557
0.246651
-0.139555
0.311065
-1.2659
-0.60916
-14.2041
1.02915
0.00629464
-0.379488
1.03584
-2.11487
13.5948
-0.0961595
3.6566
0.375321
0.956038
1.28263
-0.127323
0.304917
0.607532
-0.12713
-0.477018
2.35203
-0.9707
-1.14701
5.9803
-0.412748
-4.96841
0.924731
0.605578
-2.05393
-3.33329
-9.27798
-0.857742
-1.04429
0.975201
-0.219825
1.34665
0.0694754
1.60019
-14.0246
0.622426
-0.193454
-0.381196
0.705061
-1.4127
5.12129
0.658101
0.295235
1.87225
10.5119
0.434764
-1.07757
0.0298306
0.847392
-1.42388
0.405668
-0.0113863
0.209572
0.190119
-0.468755
-0.0854295
4.36054
0.991267
0.106543
-2.60083
-0.168199
179.137
2.387
-1.00268
1.2831
-1.07222
0.625454
-0.283249
0.348341
-0.35904
26.5113
-0.318623
-3.38819
0.415135
-1.98659
-0.384495
-0.296839
-0.430358
-3.11987
-3.92876
-1.59973
2.85483
3.82043
1.94737
8.22272
1.31635
0.0457868
0.19588
0.384838
-0.87832
1.28449
-1.37036
3.82486
-7.63068
-0.295163
-0.836693
0.335197
-7.36532
-3.23302
2.51549
0.849375
-0.100461
-0.103558
0.524996
-0.910398
-1.15547
-1.51417
0.797512
2.8593
-0.195589
-1.26049
0.0824495
1.19296
0.46891
-5.06311
-2.72287
-4.50243
-0.360426
-6.85879
-0.214036
-1.00126
0.235416
0.785334
-1.17193
2.07467
3.80984
0.848946
-1.09155
1.58183
2.55646
0.30511
-1.39585
1.35095
-3.80927
-0.140909
1.72952
1.72076
1.66467
-5.42297
0.203774
-7.24019
0.0389592
-3.827
-0.767183
4.19556
29.4454
-0.219359
-0.00741618
0.653587
-2.33783
-0.301253
1.26377
7.23007
-65.9251
0.620448
-4.5387
-11.3769
2.76877
-0.37244
-1.37609
1.34798
-0.349986
3.45276
0.663424
0.398622
0.200638
0.10148
6.33559
0.513173
3.99937
0.950162
-0.273058
0.393077
1.07151
0.380779
0.105592
0.0182145
-0.768695
-1.14609
-33.0289
-3.60677
0.871784
-2.58025
-0.683971
0.421303
0.184298
-0.13334
-2.08376
-3.80421
-2.54872
-0.881501
-2.61161
-0.280426
0.595227
-0.787689
-0.902566
2.91202
-0.709423
-1.94146
4.12255
-0.947277
2.35632
-0.23617
-0.557386
-0.267915
24.5767
0.525454
-0.127659
-0.0819283
1.6716
0.36339
1.75324
0.556633
-4.71155
1.75312
1.40955
0.0493063
0.856978
-27.3658
-0.22119
-3.09126
123.667
-16.5562
0.441591
-1.89325
-0.373296
-19.7085
-23.7722
28.8314
-15.9863
0.273621
7.35408
0.459416
-0.260764
-0.155408
-15.0904
-0.637747
0.306141
0.488181
0.369334
-0.174772
-0.256142
4.51614
-1.97035
0.624094
-1.50402
0.382564
3.29554
2.1652
0.33516
0.513456
0.0189396
0.171883
-4.12621
-0.23684
-1.39216
-2.07746
1.88234
1.78838
0.948745
0.829043
0.547035
1.22974
0.826591
-4.17445
13.0192
-1.05758
-2.35111
17.6481
10.1454
0.53239
0.350411
-0.585388
-2.28746
-1.1217
-0.0117932
0.715787
0.343727
0.53289
-0.298672
0.559102
0.521044
-1.38613
-4.04417
-0.144473
1.39643
0.408104
-0.228927
-0.941539
-0.966227
-5.40711
-0.422292
1.23121
1.2719
2.08962
-0.660057
5.3791
2.98279
-0.192759
-0.0570216
-5.42497
5.3965
-8.74898
-0.80797
0.037174
0.121691
-1.18218
0.17975
0.882049
0.429264
-1.65986
-0.525353
0.686348
2.87069
-0.833599
1.03236
-0.759504
0.292104
-1.66885
0.627693
-0.297891
0.0896793
-0.837126
0.966439
-3.69462
2.41335
0.688258
-0.616719
1.40146
1.48118
0.0406237
-2.19962
1.26553
-1.04196
-0.396503
1.22347
-2.59829
-0.680104
1.40639
3.03493
0.541168
-19.3394
0.35021
1.88902
-0.176979
-2.71304
0.0738969
-0.00141372
1.84954
0.00236871
-0.208351
27.4211
0.568925
-2.94587
-3.16576
3.85039
0.684176
0.33418
1.03729
-0.472454
-0.758418
3.54816
-1.31381
-0.296566
-5.58709
-1.68938
-5.6116
0.094966
-0.42814
2.97913
-1.16903
-0.597076
-13.763
3.06938
-0.61966
1.76704
-3.61131
0.419656
0.751876
-8.31017
-4.4128
-0.159609
0.231169
2.55768
-1.0184
0.575517
0.0861729
0.127742
0.377651
0.270097
2.01312
-0.781198
6.20074
3.39058
0.825808
-0.839232
0.517594
0.684053
-0.250005
-18.2652
-5.25488
1276.14
-96.04
-0.649433
1.21251
-1.51838
-2.53565
4.96574
2.1838
-1.04191
3.91621
0.243674
-0.789668
-1.03669
-2.50221
4.96367
0.0567345
-1.13564
-1.3575
0.21136
1.43578
4.09679
-33.5438
-0.553751
0.687136
-0.20345
1.28051
0.0831078
0.262376
0.990235
0.669571
-2.84843
0.0330034
-0.640592
5.73323
0.754423
-0.12056
-0.561543
8.2192
-0.0447701
-0.308401
0.948533
0.125291
-1.21375
7.78656
10.0584
5.52603
-0.319246
0.473893
0.258835
3.53751
6.11934
-1.20574
9.85967
1.67916
-0.407842
0.114956
-0.156424
0.298725
-0.554589
0.593407
-0.216486
26.889
-0.0581116
0.392995
-0.00451765
-1.52291
0.0134763
-31.1556
-1.79905
-1.51004
0.549932
1.58523
0.952248
-0.153903
-4.72915
-2.30182
-40.0414
-124.699
1.17315
-0.549391
0.136495
-4.16062
-0.554104
1.79126
0.448643
-0.321405
2.10547
-0.157619
-0.250106
1.53803
-2.42569
-0.0998155
0.559767
-0.334347
0.835592
-1.73304
-0.942443
0.73881
-0.260145
-2.71796
0.378608
2.56712
-0.204769
-0.134546
-0.278229
-2.26552
-0.682396
-0.830438
-0.509996
2.80808
0.567332
-1.50351
-1.1995
-2.58749
2.04302
0.0676521
-2.16859
-3.52592
3.98155
2.11683
-2.58121
-0.0245521
-0.522582
0.0978418
26.5055
-12.1292
0.138387
0.949783
-0.552276
0.240017
-0.640967
-0.888546
2.78198
0.535183
-0.903542
2.75546
-0.411781
1.6353
5.59599
-5.09833
-1.31334
6.64002
-0.446681
2.57437
-1.27708
-2.35302
-0.687046
-0.0518485
1.37722
-0.485859
0.148638
1.439
1.04827
1.43975
0.553565
0.0296689
-0.0812412
-5.76546
555.8
-3.90382
0.491402
0.728692
2.29434
-0.04433
-7.74443
2.68095
17.7269
-0.472021
4.90178
-0.483479
-0.550074
-1.10265
-4.42147
-0.61697
-1.24286
0.412391
0.149589
-4.56263
-0.24084
0.803422
0.118169
-0.253277
2.34488
-0.911207
-0.174538
-1.30428
-0.510804
-0.00441718
0.315751
0.409229
-0.433417
-5.23663
-0.711097
-13.3242
-11.0041
16.3493
-3.95534
15.9478
-1.46731
-0.257356
0.438162
0.0136538
2.06108
-1.2167
-1.51778
0.0999988
-0.0443312
-3.50822
-0.123259
0.939407
0.342771
-0.25387
-0.106215
0.360405
-1.63876
0.204447
-3.28158
8.98816
-0.953752
-0.930437
0.917379
-73.5377
3.17384
0.130014
0.479868
1.95963
-0.96404
0.569636
1.83953
0.499357
-0.814933
0.445379
1.61804
1.8568
-2.35283
-0.868345
-1.50607
0.187985
-128.046
-0.273399
0.501302
-4.78402
2.19336
0.166938
-0.291271
-0.634716
4.32061
-0.669843
0.273502
3.58687
-0.0772871
0.571195
-0.88365
0.0731795
0.0309049
0.217705
-1.71354
6.2841
1.61485
1.23369
-200.294
0.997569
-0.0732293
0.180114
5.78598
-0.323595
1.47822
0.680085
2.75802
23.6594
-0.630789
-3.78011
5.85658
1.39101
1.78408
-3.45762
0.174291
-0.387122
-1.36236
-0.665938
-0.53581
10.8087
-24.8567
-0.570494
-9.64919
0.503537
-0.570037
-4.15666
-0.215862
-3.12422
-1.91314
1.13088
0.0677151
-7.65758
0.741633
7.79759
0.119216
3.79388
2.40805
2.51596
1.70029
-2.24391
1.41733
0.589903
-3.27462
-0.434596
0.477189
1.17913
1.68571
1.48848
0.16034
-0.866392
0.132047
24.069
0.982301
-1.61408
-1.06776
-0.196125
-1.41838
1.49058
-1.17568
1.06134
0.0555612
-0.177838
0.74544
-0.239196
0.448632
0.514425
1.28244
-0.22904
-0.0935137
-0.2666
0.185396
6.80763
-0.655579
0.0427914
0.162824
-10.2437
-0.0171263
1.38283
2.48863
-1.40422
-2.83242
0.0923751
3.44327
1.55041
-0.422189
0.64854
-2.30601
-0.694786
1.25935
0.6251
-0.408617
0.325857
0.239357
1.24434
1.65003
-0.939862
0.0778344
-0.445182
-1.44101
-4.2384
1.71936
0.396748
-0.84334
-1.44731
-0.964476
0.24057
0.927918
-0.575405
-1.93584
0.755349
0.0236234
0.614404
1.42729
-0.246339
-4.04079
-2.05115
-0.0516156
-0.179108
8.77972
-1.39027
-35.4459
0.233021
0.525367
1.16761
-0.0640962
-15.1005
1.18793
1.91374
-0.470856
-1.24115
0.895496
0.0173434
0.528365
0.761912
0.383525
-4.05185
-1.10273
-0.443479
0.445606
-0.190076
-1.26859
0.514515
-0.855669
-0.89163
0.0683786
-0.671842
7.55701
2.63561
0.148741
-3.34614
0.233734
-1.24896
-1.22365
0.896645
-0.790079
10.824
-0.723075
-0.140709
0.66157
-2.53067
-0.921233
-1.1983
0.801981
-21.1954
0.130435
-0.0520881
1.5498
1.47499
-0.61936
0.457728
0.575851
6.52209
-4.80298
-0.915386
-12.8743
-1.7068
1.24286
-0.439504
17.1827
0.158702
-0.853228
-0.310722
-0.13434
2.04851
0.689935
-0.925584
2.19889
-0.903866
0.418841
3.08219
34.2932
4.79029
4.78607
-6.50152
0.295333
1.39869
0.56359
-0.12551
2.23533
13.0132
2.53941
-1.64435
1.94592
-0.00615577
0.0337776
-1.93264
1.02046
-0.47442
-0.553365
-0.547725
0.114897
2.78237
3.25351
7.64102
1.43501
-1.77699
-2.43014
-0.74754
-0.706596
-5.66449
0.375072
-0.647343
5.0107
-0.111139
1.61105
0.750177
-0.233871
-0.0511208
-0.672632
-1.23254
-0.11527
2.89752
-1.15432
0.647177
0.359536
-11.1935
-1.00351
-0.093867
-5.38557
0.952132
0.101449
-1.69355
0.434638
0.0246683
-1.32017
0.653635
1.51986
3.17539
-1.70635
-0.193542
0.463233
-0.992058
1.65137
2.52292
-0.315252
-0.198961
-1.04081
10.4692
-0.435839
0.148496
-1.74729
-0.531726
-1.27756
0.911982
-0.472961
0.823212
-0.147796
0.893481
-0.200896
-0.776112
-0.34052
3.46916
-0.343997
-0.0272533
23.2846
149.808
1.27751
4.12288
1.27231
-4.73029
-1.34988
0.71014
2.97831
0.00337015
-0.67285
2.25213
-0.678134
1.29522
-0.942109
-0.0270065
0.824261
-0.258449
0.0346066
1.54349
-5.73716
-32.2409
-16.6155
-0.694258
8.0482
-0.093219
0.131849
0.926372
3.97173
0.817007
-1.15618
2.7952
0.801508
2.35056
2.67609
-0.616526
-0.250694
-1.34136
1.04986
-0.419932
0.65804
-1.62578
-17.3948
-3.3512
-28.1315
-0.87484
-6.93664
-5.679
-1.73206
-12.6381
-0.920501
0.111367
-1.4863
0.171522
0.294956
0.14709
4.91819
3.98011
-0.393195
-2.88875
-0.300789
2.24849
0.866348
-0.306297
-1.47819
-0.704513
0.425678
-0.167371
0.160051
0.772832
-7.51305
-3.62293
-0.708728
0.759848
0.0589125
0.18904
-3.28305
-0.568051
-12.2568
-0.353953
0.0220241
-1.6583
0.345215
-0.736887
-1.41047
0.65165
4.87005
0.985421
1.6878
-0.235246
-0.321138
2.75218
-2.97673
-2.59483
-0.237732
0.81294
-4.69295
-4.6213
-1.98967
-2.29671
-0.113673
0.0750091
-0.00990153
0.252412
3.2669
-1.86927
0.667558
5.63578
0.522283
-3.94564
-0.87022
-1.61251
2.1685
0.486848
0.484584
1.25541
0.576547
-0.10719
2.88921
0.17051
-0.498659
-0.0724241
-31.0645
1.00836
-0.194248
0.67812
-3.1948
0.0777599
4.99528
-0.239549
-0.731558
5.96233
0.979452
1.65328
-0.119592
-2.76257
0.52538
-0.0219525
-3.67693
-3.46954
0.231367
0.792419
2.91335
-1.95387
0.132582
0.234175
8.89362
20.7774
-1.39534
3.04352
-2.06872
0.739808
0.652
0.955646
0.507375
0.281921
-1.47817
-1.73429
-0.683797
1.167
-0.871213
-118.891
0.476287
0.683754
2.22284
1.72967
0.850281
-2.64743
0.193567
-1.96953
2.12998
0.283013
2.30227
-0.577487
-6.22013
-0.448293
0.166875
-0.0733171
0.893445
-1.42798
-5.70894
16.4044
1.04771
-4.27706
0.533715
12.4704
-0.183075
-0.457639
26.0622
1.44613
0.857374
0.55408
1.84534
0.588791
-1.05395
-0.647165
-0.607257
0.317391
-0.331629
-0.60527
64.4686
0.614823
0.568732
-0.00485241
-0.03898
-40.8867
5.7926
0.683904
0.479489
5.39278
0.333281
-0.856274
1.85447
-0.0982399
2.11497
-0.231369
-1.55101
1.11071
-3.20673
0.910904
-0.0998195
-1.18546
-0.218417
-0.46545
6.47446
-1.04858
2.7877
1.06126
0.780151
0.233621
-4.37825
0.495326
-0.550131
-0.85075
-1.3553
-0.739743
151.369
-0.168649
-4.55521
-0.14615
-0.729947
0.399404
-0.207562
0.335248
2.34291
-2.55432
1.95334
-1.94188
-0.541039
2.24889
-26.0205
-39.4235
-0.0595679
-0.44861
-0.516982
0.399481
1.90357
-0.129154
0.347645
-1.63939
2.23795
-0.451589
-0.15545
-1.03254
-0.0132195
-1.07064
-3.65098
0.452266
-8.39723
-5.74345
2.87778
0.845203
-1.51336
-1.63694
-0.945026
0.825322
-5.98124
-4.02894
-0.80602
-1.75771
1.12352
29.8057
0.837725
-0.337899
-2.87573
-0.186985
0.158665
-5.28178
0.887341
-1.828
4.83252
0.113345
-1.68239
2.205
7.37953
-1.23873
0.245518
0.655998
-0.0365015
-3.12986
-0.452844
-0.251642
4.09493
0.970556
-1.01507
-27.3022
-4.44755
-1.51193
-8.10889
-0.949066
-0.875172
0.0196448
-1.83285
0.0137433
0.0550804
-0.756824
1.25968
10.8252
7.7739
-0.496378
-1.07879
-2.08364
-4.85561
0.0819843
-0.461463
-0.68432
0.0491575
-0.431291
0.262807
-0.751641
-0.156695
35.8776
-1.19148
-2.19235
-10.9867
11.1712
3.88243
-0.780466
0.793114
-1.35591
0.263921
1.3899
0.36026
0.285106
6.12349
18.7836
-1.96232
-3.82927
0.128016
-0.131095
-3.40321
24.7423
0.122455
0.157106
-1.95248
-21.7621
0.522744
-0.852857
0.0923018
0.144693
-40.2952
0.431811
0.37963
0.114988
-1.69987
-1.39655
-0.875567
-0.230444
0.338136
1.08142
3.08004
0.0352179
3.6664
-502.878
17.897
0.679731
-5.14787
-0.449446
-10.3222
0.696867
5.70953
-3.20026
-3.75898
-3.46655
-23.21
-0.334325
-42.8946
-2.05827
0.303478
-1.303
0.473292
-0.0988523
-0.551236
0.837498
-0.804855
-0.0289979
-1.46431
-0.191192
0.568994
-0.885789
1.0064
6.83549
0.853254
-0.694207
-0.397685
0.722036
1.28433
22.8665
0.807331
-0.987499
-3.51423
1.09804
0.494852
0.369384
0.243192
1.96565
2.13004
-2.14217
-0.277573
0.0520081
5.8027
-0.863022
-1.22071
-0.61295
1.50917
-0.34111
-0.119986
-3.07558
4.70877
0.0340414
-0.0556585
0.927303
-1.56926
1.76116
-0.956518
-0.033267
-0.865782
-2.74378
2.57883
-0.547096
-2.986
-10.0076
0.123131
5.62343
0.495817
0.704418
-0.226049
-0.155607
-1.47237
-0.409829
-0.212209
-0.283265
0.516473
0.655523
2.00781
2.19407
-3.85234
-2.47992
1.14709
-0.292543
1.06264
-1.48177
0.977739
2.13365
1.93362
1.24325
11.7138
-0.473531
1.07792
-40.8309
17.9189
-2.53618
-8.91238
-3.47505
1.44023
-0.409384
3.97388
1.1335
-3.18304
0.665939
-0.193061
-2.72229
-0.565099
7.6184
-0.0359637
-0.204251
-3.26463
0.360463
0.256637
-0.669317
-0.310205
0.702197
0.468118
0.156765
-1.54139
-33.7944
-8.43075
0.0638684
-0.665628
-0.580676
1.69107
-0.249492
0.96137
-1.17444
-0.24711
0.675374
1.44381
-0.686987
1.19735
-0.655682
-2.11834
2.40068
-1.2152
-1.21728
4.65812
-0.194682
-0.292558
-1.69551
-3.9045
-0.1603
-13.2641
-0.390139
-0.150101
-0.727063
0.150422
-1.64597
-0.239218
-0.00449171
0.8225
-0.132764
-2.5144
-0.0302795
1.67351
-0.755359
1.93737
-0.230131
-2.10259
-1.3714
-1.82668
-0.549959
-0.0891954
-1.80012
-2.4112
-1.09565
0.00537621
0.158716
-0.102977
-0.28485
-0.107685
0.607695
1.1231
0.101828
4.89806
0.722034
0.410597
-2.60289
-1.05039
2.12931
-0.662918
-4.3278
1.14038
-1.79095
1.73527
-2.20657
-2.57007
-0.922776
21.3641
-1.16411
0.532628
-1.08414
0.719321
-1.37088
-0.780058
0.778898
2.59793
-0.361966
-0.170303
0.625725
-1.4365
4.78865
-2.56824
9.65809
0.883899
0.579048
2.9461
2.52953
0.0510611
-0.522394
-0.754914
0.116751
1.1417
2.794
-1.10661
3.54007
7.17039
-1.04153
-1.29908
-0.526037
0.787463
-0.227976
2.05079
-0.930872
-0.730169
6.63529
5.95914
35.5558
1.12202
3.19533
0.458348
1.95334
0.120642
9.92218
0.94946
8.89612
-0.31644
0.13889
0.226787
0.466035
-4.12576
-1.4031
0.117141
-0.705239
-0.918977
0.48606
-0.720135
-0.512979
-0.860112
1.36958
0.810655
-0.928951
-8.77062
-9.40557
-1.97768
3.17965
-0.105105
0.225436
-0.981838
1.10044
0.454267
15.4587
-0.217372
1.28931
-0.33229
-2.65136
-0.526764
0.381586
0.282597
1.74397
1.20496
-2.87336
-0.44491
1.6732
-0.259975
1.90141
-0.0437764
-1.27891
2.92065
-1.75046
-0.0625376
-2.84408
2.25326
1.91451
-13.0558
-5.53379
-0.720178
0.469888
10.1849
1.45742
0.0872597
2.51269
-2.45373
-1.23265
0.652887
1.15436
-2.46372
-0.413481
0.667385
3.30455
1.81123
-1.4517
1.33405
-0.621183
2.08823
0.609939
0.50285
-1.27857
-2.78167
-32.1432
0.227051
0.0428733
30.2124
-3.48944
-0.595314
-0.525577
-0.92497
-1.47993
-0.876732
-3.60337
1.3814
-0.875175
-1.60091
-1.66936
0.0760778
-2.07039
5.08313
-0.231964
0.588597
0.465669
-2.58934
5.13432
0.736919
1.3194
0.280649
0.263613
-0.165679
-0.0487767
0.41346
0.0706686
-0.869231
-3.7024
0.120585
3.76713
-0.00462698
1.7446
-0.936871
-0.25536
-0.538334
0.187528
-0.282364
5.22074
5.04931
1.1405
-0.346683
-2.2131
0.433167
-0.665973
1.33474
3.37953
16.4081
-5.70307
0.192794
-5.55617
-0.562901
-0.300078
0.699836
-2.01143
1.88647
7.9886
0.258458
-11.2352
-0.525271
-0.317966
-1.84859
4.73941
0.695865
-21.1921
1.68275
-1.94981
0.979251
-0.501275
0.214982
0.217647
1.25892
-10.7857
-0.573577
-0.105502
6.54842
5.34387
-26.4595
0.324712
0.43876
12.8601
-2.86086
-0.800385
0.976184
-0.714116
0.31217
-0.801027
-0.88307
0.83377
-2.44064
-0.46174
0.825656
-1.75544
0.121
0.0864729
-1.22983
0.92842
-0.952265
-2.38151
0.436166
-0.558279
-1.10365
0.094502
-6.59742
0.845391
1.18507
-0.00330098
-4.54671
-0.201537
-2.04661
1.47191
1.54299
0.463079
0.271543
-0.257274
-1.18304
-5.96142
0.743142
0.103815
0.498057
-2.5961
-0.579258
-0.408778
-0.059551
2.84329
3.10493
14.1379
0.917625
-4.14433
3.06798
-0.750578
-16.1776
-0.04844
6.34539
-0.91376
-5.7149
1.88922
-0.454062
-1.07744
-2.3957
-0.424156
215.092
-0.113596
-0.638209
1.57538
0.414034
-3.14465
-4.07561
0.546903
0.0023496
0.485986
0.979468
-0.48695
0.585255
-0.557749
0.670423
-45.4569
2.398
0.0909847
0.224381
1.00438
1.05627
0.935708
-0.597852
-0.458713
-3.01989
-0.744341
0.839152
0.224603
1.46189
-0.0202861
0.39453
-0.890144
0.185461
3.5761
-65.5813
-1.04669
-0.00957434
3.61235
-1.8741
-1.66585
0.504946
-0.873455
-4.36942
-0.290908
0.121692
-0.0569961
0.110781
-1.13974
-18.491
-8.25462
-1.50266
0.835055
0.319424
2.037
-0.276663
-0.144887
-0.337232
-0.203649
0.0143594
-3.84306
0.601676
-0.798375
-0.244465
-0.868025
-3.9246
0.232777
-0.975772
-0.860989
3.43658
-4.33528
1.64234
2.44991
-0.722395
1.57449
-0.335126
0.639839
0.162659
8.01072
0.0347986
-1.51711
-0.269582
0.0720151
-0.801031
-0.555106
2.62468
0.740284
0.663016
-1.7294
-2.96749
-2.01864
0.508552
-7.87964
2.41698
0.561141
-0.554894
0.136314
1.02098
0.352802
0.846497
-0.811801
0.344646
-4.47621
0.210907
-2.55443
0.196494
7.05307
-0.723686
-8.19545
262.001
4.21424
-0.444978
0.274628
-0.603777
1.7522
-19.7785
-3.23727
-4.05817
-0.669607
-0.347609
5.83449
-0.392272
-5.62949
-0.0891754
-3.05476
1.22044
2.3033
-0.252479
-0.151092
13.6373
-123.01
-2.36034
0.322629
-0.697711
5.8146
-1.80048
-0.628776
-0.650334
1.7306
0.935126
2.49472
-1.21783
-1.63173
-0.386077
1.90442
-0.712411
-1.30879
-0.479768
330.594
47.6278
2.76886
0.309188
0.788405
0.665589
-4.4831
-1.57757
0.11958
1.56618
-1.02821
1.01314
-0.806023
1.40143
6.69229
1.87683
1.572
0.485896
-9.07628
1.14044
2.53732
3.507
-0.986957
19.7149
0.657609
-3.54631
-6.75475
-2.66543
2.0737
-1.84123
-1.36191
-1.65328
3.91495
6.67765
-1.16466
4.05145
0.730259
-3.02646
-0.142053
-0.0349008
-1.16329
-5.64585
-1.02317
-0.556335
-0.15264
0.478913
-1.33029
-1.05007
-6.53497
-1.43572
8.15514
-13.1809
1.25248
0.935791
1.93238
0.772151
-3.83336
6.086
-1.40656
-0.258981
-2.62828
-0.675781
0.317867
2.01158
-2.37061
2.21007
-0.111098
0.0466133
-0.224145
0.911493
-0.171099
0.633088
-0.343078
-0.216182
-5205.96
-3.56554
-0.979974
0.563537
-0.132892
-6.57898
-0.775699
-1.31052
-4.18328
-3.18664
-0.772092
-1.34977
3.1374
0.0905349
0.890371
-0.0834787
-0.547279
0.352836
-310.467
-0.763289
-4.31493
-2.60448
0.589806
0.878352
-2.05794
0.00696556
0.584048
0.482893
0.762814
-1.14878
5.649
4.93555
-0.415447
0.753582
1.04696
0.187361
-1.14696
1.89528
-0.571749
3.12618
-3.70838
-0.397106
-0.243678
0.585823
1.90809
-0.276108
1.56321
1.16608
0.387326
-0.598755
-0.399215
-0.0611454
1.09636
0.150631
-0.955568
-0.362718
-0.215784
1.18665
0.980018
0.364918
0.03063
-1.35116
0.580511
2.41805
2.00918
-0.113197
-4.56147
0.259524
0.641287
-2.67163
13.2828
-1.50084
294.776
-1.32076
0.373497
-0.358748
-0.510951
-0.62227
2.73538
-4.24676
-2.19744
-0.213498
3.75157
-0.280595
-5.99029
-1.73496
2.5283
-3.10108
-2.24632
-0.929987
-0.182803
-6.90074
0.146361
-0.2094
1.17354
-2.68984
1.16554
1.21094
1.38554
-1.20533
-2.33534
-0.01444
-0.193267
-2.63798
-0.239787
10.8835
-0.181614
0.0711296
-1.18097
-0.747698
1.22138
0.381104
2.19273
-0.533395
-5.55381
-0.467513
0.65064
-0.395935
0.726946
0.224463
-2.7526
-0.485153
-0.237356
-71.9468
-0.594641
-5.27158
3.1124
-0.801156
0.485643
0.103686
-0.741636
1.15067
-0.617258
-1.09959
1.07193
2.8004
-19.6369
-0.140797
-3.70735
-2.21803
-0.307795
1.71304
-3.78512
0.77073
-0.599494
-0.904641
-0.819662
0.368269
-1.87285
-3.06924
0.666925
-0.411782
1.08346
135.15
0.742353
-0.114494
1.61488
-5.78856
0.636742
0.548061
-0.248205
-38.1978
-6.58396
-0.356471
-0.797421
0.229081
-0.106929
-0.655339
-2.89581
-1.37406
-0.142069
10.8752
1.05269
-0.75862
-1.47425
0.20125
-497.329
-0.279335
0.0604377
-0.209852
-4.36684
-0.591154
-0.840869
0.668931
-0.376996
-1.51452
0.0846314
0.621697
-0.827924
-1.01757
0.89727
-10.0997
-1.84523
0.893334
-7.89756
-1.217
0.510178
-4.81503
19.8978
-0.790209
0.419533
-2.50939
1.10172
0.378184
6.63886
0.145878
-0.165523
-3.95438
-0.500545
-2.58174
-0.66181
5.47002
-0.130102
-1.6762
-4.46178
-512.257
0.756797
-0.707113
1.80297
-0.708311
1.91383
2.23026
0.927908
0.278366
0.64049
-4.49825
-0.9565
-0.680741
0.833172
0.341423
3.0695
-7.60921
14.8948
0.874479
0.0214018
-0.753046
-0.287561
0.591193
1.18414
1.4137
-2.07565
-3.65773
0.776851
-6.58803
-1.30882
0.00247216
0.0566593
-0.19775
55.7446
-1.50517
-6.69885
0.098462
0.913944
3.07325
1.95887
0.736228
-1.21676
-1.00951
-0.246085
0.034767
-3.09578
-32.5505
-0.733889
-2.16152
3.97925
-0.93759
-0.843692
444.517
-0.228454
0.252099
-0.118825
2.29323
1.00764
-0.749187
3.86629
-0.923855
-1.67686
0.248136
-0.627197
3.42527
-0.917104
-1.68425
1.10027
-0.911647
0.653831
1.783
0.747495
0.966901
-0.787515
-1.54047
1.16023
-2.44101
2.29081
0.482907
-0.641452
1.11023
-0.906025
-4.20382
-11.0435
-0.41727
-0.499838
1.17367
-0.760265
0.807551
-2.29308
-1.99926
0.490654
0.109536
-1.18013
0.488805
-2.44021
710.417
-0.124666
0.720371
-0.832072
2.73523
2.58862
1.27294
-2.84089
-1.75484
-0.868735
1.06179
0.8991
-0.619642
0.300474
0.93184
-7.01679
1.89981
0.53574
-0.002286
28.4794
-0.388865
1.57733
-0.117449
2.33395
0.264626
-1.79794
-1.86743
-31.8053
-0.953211
1.06129
0.287009
0.81934
10.6355
0.810563
-0.291584
-0.714425
-0.158164
-6.89266
0.551542
3.19038
0.0795662
1.17831
-3.88443
0.982751
8.1161
-2.44669
0.238092
-5.11337
0.53022
-0.737381
2.03585
0.753427
1.98517
1.94355
1.87653
-0.104698
-1.47555
19.8039
0.752746
-0.781608
0.452761
0.54677
-20.0349
-0.247582
-0.953744
3.10476
-1.03033
-0.724774
-2.02933
-2.90344
-0.374077
-1.24477
-6.94097
4.83884
-3.12661
-0.171231
-1.24459
1.60167
-0.217527
-0.402265
-0.822025
-0.608845
-4.65942
0.118393
-0.53615
0.566806
91.2556
0.445337
-1.01302
-0.529504
-0.0134789
1.51767
-9.82382
-0.0546259
0.0571725
0.390301
-0.548993
-0.987665
-0.547556
-2.52385
-4.63974
-0.638736
0.805767
1.79365
-0.0907774
-2.12333
-26.5477
-0.257489
-0.739077
1.09999
0.604075
63.5899
0.281728
-1.26927
-1.23729
-0.209452
-3.45265
-0.0951187
0.265163
-5.57313
1.51537
1.63663
-13.4408
-0.347647
0.49764
-0.371263
-2.02666
-1.72699
0.982209
0.427265
-0.38756
1.60761
-0.6268
0.171688
-0.988527
-1.5032
-5.55226
-6.2744
2.95987
-2.34493
8.99551
-0.746255
-22.7173
-0.363143
-3.07996
1.15424
17.468
-2.36038
-0.414016
-0.957042
-5.07915
-28.0501
-3.86183
0.113389
4.23261
-0.554808
2.77756
0.629796
-0.196
-0.410438
0.654553
-3.06152
0.753
-0.353788
0.114279
-7.32578
0.487711
0.634851
-1.24367
0.344344
1.12313
0.662488
4.70008
0.745462
2.4518
0.0677872
9.84214
1.22499
1.83158
0.345627
-1.54107
0.0668091
5.11663
-2.79534
4.8522
-0.521585
1.1309
-4.036
-10.2974
-0.72116
0.214746
21.5908
-0.856411
-0.157212
-3.04312
1.37535
-3.29749
1.12627
-0.495962
4.893
-276.682
0.652888
-0.45916
-16.3912
0.780656
0.167548
-1.31038
0.480072
-2.36495
0.528047
-0.151334
-2.55149
0.743242
4.0347
1.16124
-2.89207
2.84901
0.453553
-0.671709
0.62355
-0.45864
-0.986214
-0.180388
4.06931
0.506819
-3.59126
-0.0242661
0.977337
-2.01669
26.4886
-0.188547
-8.75153
1.76625
-0.0989317
-0.410495
-0.8283
-0.480166
0.776419
-2.08055
-0.26968
0.448439
0.796068
0.896475
-0.718439
-0.899026
-0.526818
0.119216
0.870132
-0.811036
3.80832
-7.54256
0.243602
-1.01936
8.80871
1.28282
0.87989
-1.11699
0.0126912
2.85337
0.568661
-2.57901
-0.526633
2.18286
-4.94559
-0.414626
0.261514
3.91796
-1.22785
-2.19287
-0.0284739
0.2491
-0.0423713
-1.48545
0.833548
0.0844455
0.490312
62.3836
0.442151
-2.28347
-0.770333
-0.795362
0.527291
-0.412878
1.39159
0.51046
-0.430344
28.1417
-0.715966
0.183969
10.294
0.152537
-0.718187
0.591883
-4.16389
0.230647
-1.36829
-0.269485
-0.854689
-0.806881
-1.66774
8.22287
-3.72067
-0.936226
2.28417
-0.58106
-1.5582
0.237258
-4.57097
0.04052
-0.15397
-0.276472
-0.213426
1.42339
-1.63129
6.81587
1.78655
0.147507
3.55001
2.55083
1.06794
-3.73031
0.202855
-3.74319
-0.346528
-5.31688
0.315013
0.0727239
-1.02176
0.757206
-0.0899069
-3.53259
1.53964
0.140343
-0.115978
-0.628239
-0.932487
-0.840064
0.901992
0.939337
1.50881
0.456957
0.488043
1.79038
0.0116499
0.00947729
0.397269
-5.26851
1.50997
0.19937
-1.7847
-0.660703
-0.360699
2.12311
28.4971
-3.82545
1.25175
2.11444
-2.14986
-2.64768
-1.19557
3.02117
-1.94862
-0.133118
-0.842303
2.06944
6.60197
-0.0198545
-1.10748
-0.174862
-1.34921
-0.499734
0.274353
0.0928735
-0.393308
-2.19698
-5.17321
123.853
-1.30734
0.0818653
0.743302
0.66559
-0.809929
2.39513
1.81286
2.18517
-1.07973
-0.161653
-0.0927017
1.36541
-0.553672
0.202778
-2.20075
-0.947181
10.3177
0.0431363
0.203115
1.2692
0.0397177
0.356004
-8.29454
-0.539955
-9.61208
0.814279
0.964205
1.1855
-0.610851
3.17887
-15.4468
-0.455216
-1.29075
1.11085
-1.48089
0.161361
0.0233751
-0.137835
-1.28461
4.21034
1.05193
-0.754522
-0.0842716
-0.448552
12.6396
-1.65084
1.66058
0.332344
1.31403
2.23023
1.27046
1.63435
11.0265
0.839718
2.07594
0.956259
-0.54648
1.17747
-1.85369
1.45709
5.43643
1.20652
2.1291
0.13121
-1.38154
0.840115
0.372894
-0.59438
0.100614
-0.394804
-0.76083
0.727997
-6.60093
0.257305
4.22048
1.31034
-1.6779
0.490255
0.30373
-0.851163
2.24072
1.5146
-7.79154
15.8971
2.5745
2.17433
-2.49873
24.1373
-5.87399
-3.83553
0.213528
1.59974
1.90669
-0.266556
0.420961
-1.25708
-3.45261
0.0293463
-0.419619
-1.67091
0.42652
-1.27641
-0.55601
-0.345306
1.14392
6.03668
0.457673
-1.01545
-1.00543
0.0239136
1.21734
2.53633
3.56508
-0.175796
-0.131703
-1.75854
2.98388
-0.860013
0.587388
-130.448
-2.97056
-1.50497
0.111867
0.722478
-0.239558
0.7188
0.0684389
-0.305373
-1.85123
-2.42837
0.926844
1.77851
-0.604165
0.0362999
5.17894
-0.486434
3.60177
-0.426925
-0.194325
0.786367
0.528141
0.240842
-0.416304
0.0060032
-4.70346
0.00271169
-5.6948
-0.486732
0.197171
0.377751
1.49911
2.24774
-1.74823
-2.44825
-0.550157
-0.595845
-0.141862
-0.168399
0.353639
3.60657
-0.818244
-1.06904
-0.580696
-0.277845
-0.107866
-5.84493
-0.539546
0.411939
0.830995
-0.771563
19.2608
-0.266104
0.519333
-0.0895881
88.9767
-4.93506
-0.113644
-3.18654
0.722447
-3.78542
-2.65039
0.141156
0.509478
-0.267504
2.07318
-0.879269
0.880816
0.547183
0.0364837
-14.8255
1.66983
2.52335
0.00382802
0.171953
-0.449284
1.11514
0.855614
1.93423
-1.52793
-0.168568
3.30575
-12.1368
3.89556
2.13257
-1.79585
65.1009
-2.02894
-1.40541
-0.42641
12.2422
0.0101435
-1.87217
0.846466
-6.5452
-0.270853
-0.9304
-1.21009
0.414789
-0.911653
-0.94015
-0.49495
0.0384497
4.95228
0.112775
0.361612
-1.44652
0.0762703
0.0985904
2.59052
1.29608
3.48435
-0.87331
-0.389962
-1.80289
-0.0563533
-1.78672
2.87399
-2.64739
-0.775933
0.104437
0.775622
-1.65507
-0.582114
-0.200218
0.61648
0.140148
-1.67512
0.00761023
19.6056
-0.583462
-0.0875105
-0.743828
6.62433
-0.164717
4.07917
-0.789649
-3.81054
3.33852
1.51643
4.36933
0.860674
0.0126451
1.22015
-3.87092
1.69844
0.137031
2.40531
1.78087
-7.69827
6.71436
-0.650241
0.163612
7.06924
1.10358
9.70431
-0.37793
-1.33067
1.75394
0.145169
-2.07458
1.88524
0.349038
0.228075
0.418699
0.775326
3.35327
-4.92477
26.1379
0.132643
0.0987483
-4.16948
-0.222197
-0.703675
2.22639
1.62834
0.652103
0.591001
0.355001
0.107794
-8.64185
0.0545799
0.989315
0.0487921
0.801581
-1.08975
-0.114253
-12.6337
1.11613
0.706372
-0.686777
0.83049
-0.122546
-3.51537
-0.198221
5.15281
-0.0643218
-11.1477
-2.09343
0.0570319
-0.886156
-0.917013
0.236403
-6.76506
-1.53766
-0.125929
-2.40392
0.409761
0.382104
-0.338084
0.445044
0.991333
0.825584
1.56624
1.2106
1.2539
-1.02739
-0.601
1.20547
0.29453
1.27631
2.25739
2.52412
0.729116
3.70056
-0.526093
-17.0025
-3.60492
-0.286872
1.09631
-1.01725
-0.130495
-0.448273
3.12968
-2.02176
-2.41317
-0.413941
-2.44382
2.29007
0.00618676
1.08434
0.212557
-0.429574
0.594608
-0.34329
-7.45399
-0.228326
2.42007
-424.577
-1.66228
-1.18784
1.96511
0.149481
0.69372
0.613503
0.149497
2.02754
1.62843
-1.94259
0.0210755
-0.066826
2.49641
6.31059
1.20606
6.65612
24.7909
-1.37709
-1.57053
2.48913
3.57576
-0.333875
-15.7267
-2.02692
-1.16522
1.56403
0.30047
-2.86998
0.866459
-0.154506
-0.770524
0.320749
-0.232379
-0.267493
-0.153949
-2.24871
0.20662
0.212291
-0.563158
0.308561
2.70034
-0.337292
-19.5873
-0.0126452
-0.743447
0.933613
1.66804
0.495237
1.7371
6.0794
0.0150459
-0.118692
-0.17702
-0.787546
0.301542
0.811992
-15.8961
1.54911
-1.74139
-0.360208
-0.716741
1.37554
-0.695396
2.54084
1.07801
-2.42814
2.23186
-1.05099
-0.972853
1.15958
-2.62153
-3.53733
-1.56676
-1.33626
0.35902
1.42541
-1.47631
-3.12813
0.192013
-0.767507
0.23855
-1.62699
577.667
20.0443
-0.161325
-0.197812
0.247469
0.785278
0.123412
-1.3588
-1.38571
5.72131
0.75816
6.07083
1.67682
-54.1904
-1.09787
-96.8347
-2.32445
0.381323
-0.406221
2.12097
-1.00656
-1.50977
-0.327077
0.396544
-1.91302
-0.505033
-2.97756
0.724117
0.13652
-1.70512
-45.6314
-0.0994692
-2.00187
9.80463
0.625067
0.0867234
-1.81794
4.38395
-0.549324
-38.5988
-0.446492
2.19736
-1.93155
0.0262926
3.14508
-2.71369
1.37303
2.22545
0.465038
-56.6227
-1.16537
1.61535
-0.490423
-1.55656
10.1985
-0.482755
-0.508937
-0.880241
0.089679
2.39222
-0.974024
-1.87923
2.00163
-1.07125
0.705097
-9.30877
11.0116
1.98103
0.795025
-14.3317
-0.58437
0.57636
-1.96655
0.0846419
-2.03361
0.377811
19.8511
0.594094
-4.44054
1.97004
-2.01347
-0.634508
-0.717448
-0.424111
-2.4084
-0.402273
0.157722
0.864403
6.67416
0.103096
0.413478
-2.35823
0.00497143
-0.320245
-0.16405
0.135277
-1.07714
0.799686
1.15545
17.3759
0.37637
-0.109073
0.873413
-0.205181
2.26941
-0.448264
-12.3015
1.40119
-1.02237
1.27657
1.50833
-0.528388
-0.292498
0.831721
0.310015
3.53948
2.07351
-0.868411
0.307103
0.0987102
-3.38188
-0.779207
2.31554
-0.0280958
0.00588114
-1.82173
0.686908
-0.140579
1.43481
-0.516783
-55.3054
-7.73781
12.6167
0.256323
6.10665
-18.8173
-3.38753
1.51851
0.358269
-0.527734
1.43669
-1.1111
-1.67336
1.49338
0.830719
0.54033
-0.604867
1.04485
0.178252
0.727545
0.373042
-0.109272
-0.597593
0.832645
22.4432
-0.309479
0.600302
0.460432
8.11632
1.6862
1.11823
-0.301666
0.748379
-4.20785
-1.44068
-0.0302253
0.341216
-0.956696
1.14869
0.71832
0.572467
-0.193277
19.1518
-2.77056
1.85771
11.8656
-0.713303
0.981022
0.19299
0.953216
-0.183775
-0.564094
-1.29093
-2.42289
0.750951
-3.34026
-0.139151
1.06559
-5.14403
-1.3411
0.171576
-0.0171057
-1.87387
2.1041
0.100614
-0.0524111
-6.29147
-0.317443
0.218394
-3.85389
0.365926
0.550063
22.0892
-0.581593
-1.21884
4.61593
6.99372
-0.76752
-0.808999
0.393341
-1.64933
0.549346
0.659702
-0.599264
8.61591
-1.13114
2.5367
4.89819
-3.91684
2.82937
-0.242383
-0.869609
0.974636
0.430523
-17.823
-2.37567
-0.357414
-1.53619
-5.71306
0.379308
-0.605144
0.101031
-13.8238
2.25984
0.799622
-1.33743
-1.46767
0.169751
-97.4079
-3.02038
0.778231
-0.922816
0.426783
0.84296
-1.0638
0.505064
-16.0043
0.610896
1.14883
0.477679
-1.91967
0.78572
2.71846
-2.15233
-0.325502
-0.413392
-13.6426
-2.19659
24.7994
-0.321363
-0.571347
0.281871
2.87786
0.580483
0.278152
3.06811
0.394383
-0.0223007
-1.08379
0.707771
-0.850375
0.056915
1.3842
17.8195
-0.741669
-0.447121
-3.12497
1.94296
-0.831988
-0.670227
0.70834
2.85436
2.06616
0.0569107
-1.23205
-1.10936
-0.367934
0.447745
-4.73656
3.39861
-4.69525
0.473308
-0.594074
1.50489
-1.0209
1.56814
-0.507664
-0.699532
0.35117
-0.937847
-11.4425
0.811471
0.124889
-5.51072
0.929667
1.50888
2.20859
1.67116
-0.867772
-57.9076
-0.0245585
-1.10975
-2.23024
0.171184
0.90176
18.9317
-0.327692
-0.944554
414.542
-2.28526
1.49418
7.57034
-2.3533
-47.1038
0.242911
3.48643
2.12752
0.169186
1.08702
-6.89806
-1.03902
0.0505895
1.67126
-0.828383
-0.274372
-0.792069
-0.276536
6.77963
-0.521365
-1.62972
-0.0669315
-0.991967
-0.24617
0.122935
-0.166566
-1.05848
0.0362646
-9.83499
-0.220616
-5.0248
-0.894499
6.83814
-8.3748
1.66031
-1.30756
-0.363426
-1.91363
-1.28211
0.122964
0.41091
1.4035
-18.0219
-0.119893
0.16051
-0.75468
0.842415
-0.793428
1.03804
0.27903
-0.850513
1.07982
4.16051
0.167557
0.124602
0.165782
-0.652121
-0.00714593
12.5936
1.73636
-1.34586
1.64415
9.03628
-2.42852
-0.272536
-1.37095
0.355629
0.15357
0.554371
5.1958
-2.74763
-0.878878
1.29005
2.57783
-0.12878
-2.90944
3.2156
0.668553
-0.672207
2.07788
-3.62486
-1.32633
0.137332
-10.6083
1.7394
-6.98942
22.5998
0.48884
-9.3058
1.04352
0.500665
-3.13127
-3.86506
-5.15382
-1.11866
1.15657
-1.77585
0.0495935
-0.310295
0.255341
1.08208
-2.57199
-0.125138
54.0093
1.10388
-1.98543
0.69969
-0.311475
0.802733
2.39077
0.0128706
-0.565166
-1.29865
-73.8185
4.29062
-0.103289
-2.91244
-17.6732
-0.1267
-3.28402
-0.899928
-0.712128
4.46398
-0.159819
1.20689
4.07695
0.778557
-85.2241
0.172164
0.439288
-0.302572
-0.246055
0.549816
-0.219765
8.30703
0.320221
6.27592
-0.420634
0.804978
0.152699
1.27399
0.553551
-0.593206
2.67792
-0.737339
-1.08179
0.171044
-38.7262
-0.0727056
-0.0699894
0.440067
0.319597
-17.803
1.65661
0.466473
0.784595
0.0924729
2.41979
-2.04026
21.7625
-0.110646
-16.0956
0.0515485
0.34939
5.41033
-1.37178
1.65972
-2.97447
-0.221842
0.0451115
-1.46884
0.0702727
-0.703239
976.202
2.2499
2.17981
1.14607
1.03769
-7.02885
1.69877
3.51265
-0.256403
0.548358
-0.411189
-0.548344
-5.43001
2.21248
-0.311034
-0.716832
-5.66385
14.7505
-0.222859
-3.60906
-0.834966
1.80999
0.226165
0.769471
-0.778109
-0.296785
-0.0852496
1.59062
-1.33997
-1.59747
-0.532413
1.21456
0.457399
-1.56754
-0.561661
0.2403
-2.14736
0.357301
3.54313
56.1568
-1.01235
-0.278957
8.18005
-0.787607
-9.58659
-4.73776
7.65423
1.33795
0.757199
0.0176267
-0.56023
-0.87478
-0.384608
-5.21556
-1.25887
-0.0759692
-0.207668
2.06984
0.136497
23.4826
-0.573658
0.0483815
0.439873
-0.5421
-14.4801
2.93992
-1.63158
-2.47898
-0.532033
-0.0782
-0.650111
-4.26783
-0.621618
1.79122
-0.139973
-0.217122
0.567062
0.238775
-3.03132
4.99164
-1.29374
0.654663
13.8279
-3.18226
-1.17963
-11.0179
-21.6651
-1.79305
0.851209
-2.21378
0.674307
4.17017
0.00943125
0.545609
0.492778
-0.269411
0.504844
-1.327
0.202364
32.2977
-0.772297
-1.44312
-0.153968
0.127578
0.377889
-3.33265
1.77669
-0.864302
0.0423974
-0.584356
0.882112
-3.42823
-0.0650218
0.598627
-3.44095
4.13481
0.539135
-0.459009
-0.954646
-1.70375
5.42387
78.9116
0.31595
-1.10915
3.25022
0.486054
5.28483
6.45128
-2.58506
-5.57199
1.25077
-15.7607
0.357584
-262.739
21.3096
-0.0720979
0.926416
-0.364929
-2.77392
0.115409
4.00207
-2.05944
-0.475354
-52.3764
-3.79444
0.542076
34.8745
3.98036
-0.43121
2.81096
0.602423
-1.02034
0.657054
-4.81056
-0.73413
-0.0213962
0.0803848
-1.09569
-1.94138
-0.156331
-0.80776
-1.77534
-26.4588
-8.75324
-5.00016
1.17505
-3.46204
-1.58185
-0.900114
-32.3181
1.50548
1.05523
-1.49333
-0.44126
-14.1602
0.622781
-0.0449499
0.0292961
-27.9755
-0.304537
-0.758696
33.6784
-0.19255
-5.47277
0.132214
0.485962
-2.98492
-2.74074
3.89572
1.11033
-0.199907
-0.65433
0.360341
-0.806313
-1.98702
-3.28411
0.418095
-0.30831
-0.812625
20.9337
-0.196287
-21.0279
-0.461504
0.221145
-3.3955
-2.05992
1.94665
0.697007
-0.200492
-0.0481066
1.8818
-3.16525
1.39638
-0.331538
-3.7548
0.312789
0.838033
-3.41309
2.32556
-0.425962
0.225489
0.935235
1.78551
-0.502141
0.465429
-2.35557
-3.56339
-2.88763
0.498089
0.906711
1.54116
-0.54825
-0.982513
-1.70575
3.20037
4.62031
0.447735
-3.85399
-1.60362
-0.401995
-0.225764
0.432911
0.619108
-0.773039
-1.18835
-0.143108
0.526031
0.950562
1.87299
-1.99196
0.5471
-0.255741
-1.63966
1.66934
-0.333908
0.206142
-0.269709
1.01094
0.704554
-0.728067
0.0450534
-0.500148
-1.35568
-6.24264
-2.38136
0.515501
4.62874
-0.934802
-1.28723
-0.905219
-1.69532
-0.587837
0.477843
0.32983
0.600075
-3.53933
-10.8746
1.46851
-0.233981
0.274918
-0.18325
-6.99059
-0.992247
-2.7501
-0.616927
-0.219847
4.12164
-4.97637
1.6704
-1.94543
-1.64087
7.74916
-0.676114
-1.25113
-0.10708
-11.9958
2.08946
1.79338
-1.09464
0.82698
106.544
-0.105713
-0.332306
-1.35318
-1.72986
3.37918
0.459042
-0.869957
-0.867765
-0.407339
0.149563
1.17438
-1.25255
-0.959179
-0.900974
56.2767
-0.279606
0.258231
-0.219507
-0.330147
-1.178
-0.439342
0.185124
-2.78515
-0.452819
0.0804226
10.9595
0.577906
0.901892
-0.250793
-0.106596
1.31155
-1.34625
-0.73615
-6.41743
0.246009
0.990108
3.09078
0.186853
0.338622
0.521473
-1.09103
-0.548869
-1.52536
0.755589
0.764638
-1.84641
0.193125
0.896884
1.4218
-13.0211
2.62552
-5.25957
-1.81353
-2.30103
-0.420679
-0.905915
1.65113
3.51703
-4.23065
-3.13494
-3.12805
1.35578
0.26868
-3.42245
-19.2976
-0.278759
1.88819
-9.24059
-1.03988
0.563181
1.47877
0.688033
-1.93275
-2.09892
1.03095
0.0986726
6.85638
3.04828
-1.26648
0.669489
0.924278
-0.410003
0.0495293
-0.644165
3.96104
-0.245664
-0.419587
-0.49271
2.40361
-0.865663
0.57297
-53.7756
0.84342
-0.272663
2.99207
-1.0837
-2.80193
-1.32351
-0.656103
-0.00975294
-2.69702
-1.75505
-0.437314
-4.30153
2.11656
6.29899
0.706574
-3.64885
-0.480116
-4.00796
-1.73472
-0.0626946
0.186434
-2.22723
-1.34948
-0.831984
0.966964
-5.44985
1.56322
-2.70726
0.513643
3.00857
0.308997
0.842596
-0.617157
0.719846
-0.17214
-0.0237074
-3.61172
0.631
1.34685
-0.449378
3.56467
-0.561894
-0.265499
2.61225
0.922649
0.820084
-1.83209
0.372794
-0.206417
-0.33123
2.8796
-3.21716
-0.0807821
-1.16283
-0.676693
-1.15855
-4.91951
-1.1791
-0.893067
0.643752
-0.191796
0.701968
-1.04667
-0.151133
-1.25914
8.66392
0.0540546
-18.8163
-4.4009
0.960075
-2.63549
1.09947
-0.101872
1.27375
-0.0829736
4.20963
-0.0557116
1.85683
-4.37195
-3.09467
-1.20118
0.95202
-3.23144
-3.18388
43.4913
-20.7322
-0.40362
-0.73295
1.43229
0.449099
-0.542487
-4.36427
-0.279961
-1.05524
1.34029
0.765246
4.77191
12.751
-1.23717
-54.1115
-3.03017
-0.973122
0.611789
-0.625644
-0.00832547
-14.9763
0.0632558
-164.36
0.601968
0.138835
-1.2523
3.31797
-0.45884
-4.09473
-1.50561
-4.19913
-0.340726
-0.564715
1.08343
3.58528
0.673167
-6.21799
-2.0324
-0.623934
-10.2412
2.29338
-0.190082
0.0148375
1.61743
0.987463
38.3655
1.13298
-1.92809
-0.207938
0.554423
0.574992
0.834561
-9.94448
-3.23479
5.17669
-3.64671
0.392274
-1.67615
0.289435
-0.140841
-0.543186
-1.53234
0.578071
-1.72334
-0.200342
0.872859
-0.871787
0.229999
-0.939921
3.51764
-2.17679
2.23361
-0.847493
25.1937
0.215882
-0.241742
-0.393213
-0.714345
-1.47365
-1.09304
-0.291365
-0.360684
-0.183542
-9.26174
-0.270173
-0.949363
0.0523293
1.51475
-0.814591
1.21629
0.0880938
0.465991
1.02914
0.720963
0.00664565
-2.02943
0.378675
-8.96005
21.1905
0.825729
0.716851
0.760752
-0.347616
-14.1765
-3.04675
1.70514
-1.38052
5.4244
0.370911
1.17073
-0.677784
0.179631
-0.770832
-9.9721
-0.0447356
-4.04028
9.97755
-20.8947
-0.306224
0.455643
1.28753
0.645657
1.75449
-0.497084
-0.258969
0.218007
-1.25779
-1.31577
-1.13949
13.155
0.253072
-0.16928
0.729805
2.44109
0.194844
-1.38275
0.608554
-3.73208
-15.6603
-3.20008
2.03834
-8.16517
-2.48796
0.114516
0.0380956
-0.246957
-0.28938
1.2084
2.00981
-1.11687
4.36062
1.56165
3.88957
2.77321
12.046
-0.0616719
-0.976087
73.6431
0.459209
0.299259
0.703581
0.255718
3.48751
-5.00063
5.01895
0.0741604
-0.347372
-1.77743
-1.14375
0.0669375
-2.04546
-0.0745458
-0.555812
0.0440416
-0.143306
1.24249
-0.295048
1.5537
-4.32841
-5.82681
0.229274
0.329818
-0.585756
-0.17076
-0.363981
2.2081
-0.298603
2.64758
-1.05003
-24.2166
-0.382957
-0.228769
0.603787
1.72203
-1.28886
32.611
1.13469
1.13958
-0.617508
-0.731078
-0.647916
-0.792653
-0.326622
-0.0550489
1.64753
-6.55134
1.35239
-1.52757
-1.98682
6.01628
-1.12676
-2.18505
-7.39605
1.83583
-3.83306
1.66156
-0.84535
-1.51928
20.4625
1.46908
1.56029
1.40705
2.48073
-1.47944
-0.371228
0.758584
3.25958
0.0557522
-2.49398
-1175.25
-0.50356
-2.50294
2.59183
2.52558
0.125626
0.751482
-3.60617
-5.32682
-0.915386
-8.12431
0.208137
0.85684
-0.646198
-4.5424
-0.43283
-2.12907
-4.30678
0.298685
-0.812783
-8.54454
-0.49529
-1.79878
0.444889
0.295606
0.472449
0.917
-1.01871
-10.0824
-0.325274
-1.41648
-0.0309005
-0.736672
-0.978591
0.188845
-0.176042
-6.40748
-1.4806
-0.0634979
1.29944
-0.101072
1.0629
-2.04898
-2.38284
0.0406413
1.54356
-0.308231
-7.60592
-0.98644
0.0590069
-0.609797
-2.95787
-0.115552
-0.633318
0.603834
0.486788
-6.21166
-0.311555
1.16943
-5.58508
-22.3336
0.270044
0.455642
0.734834
-0.200897
0.607505
5.05435
0.975047
0.383025
5.68836
-0.455692
4.25186
-0.331326
0.848929
0.677434
0.619848
-3.57821
5.05859
0.500495
-0.490905
-10.8293
0.969011
-2.3855
-2.48815
0.522753
-3.01226
-0.214244
0.538171
-6.96571
1.4388
2.02956
-1.11983
0.222119
-0.799839
0.48385
-0.25183
14.197
-0.563883
3.19555
-2.79664
0.115241
-0.875295
-1.25579
0.243565
8.93688
-0.306958
0.319055
0.875615
-2.82137
-1.65896
2.43164
0.4267
-0.498536
-0.745474
2.09574
1.01489
-1.20213
2.53468
0.904659
-2.59184
-0.800879
0.468237
-0.438899
1.04628
0.38175
-0.229472
0.093794
1.67561
1.28195
-0.599174
-4.72261
-0.542374
1.93948
3.00495
10.671
-0.986717
-0.670086
0.20757
1.20352
0.663971
0.507111
7.87284
-7.34771
-0.000212391
-1.59725
-0.361998
-2.40124
-78.535
-0.116263
-24.7088
-1.26881
-0.143694
3.35552
0.0449583
0.64041
0.852678
-0.212063
-2.75021
3.36224
0.135538
0.054608
1.46574
0.113625
17.6617
-1.06904
-2.25905
1.47028
0.795342
-2.99191
3.597
2.37346
0.199434
0.0846414
0.445417
-0.900015
-1.82742
-2.64741
0.704828
2.77988
1.52194
0.812112
-2.01381
-0.130292
-0.523065
4.47358
-4.88232
-0.444274
3.17348
0.0255992
-0.327801
5.09248
-0.480816
4.37326
-0.179046
-1.028
3.27447
-1.72249
-7.09892
-8.62005
-0.932616
-1.76901
0.638895
-0.443635
0.218508
-1.4974
1.62424
-1.29798
0.144713
-1.73324
-0.763283
2.62656
0.720258
-0.450139
0.487351
20.2261
-0.0630492
0.702907
-8.96569
1.32853
-2.83218
-170.105
0.144466
5.88088
-0.511688
0.501175
-2.51249
-0.156535
-5.61289
-0.594792
1.20135
-0.410928
-0.733162
-0.061369
-0.313777
-0.883583
0.448268
4.51687
-4.70676
-0.00619761
-1.04924
-14.0547
-0.187576
-2.52058
-3.22602
-0.534361
-0.609605
1.52101
-2.02949
1.5932
-0.581653
-1.12342
2.47971
-1.44197
0.670805
-1.55792
0.0763226
22.2572
-0.736703
-3.41088
-0.29193
-0.758826
11.1769
-0.584693
0.438018
0.0624329
0.608091
-0.707151
2.89388
-2.66086
-1.09586
-0.801636
-0.231583
0.126371
-0.842617
-1.53725
-0.298045
-1.92608
-1.18408
-0.184363
-40.9454
2.59236
0.355565
-13.3744
-0.297125
-0.636199
-2.40972
-1.47853
-1.88232
-0.470265
-0.452144
-5.24261
0.215216
5.21744
-1.73978
-0.541218
1.31031
-0.406471
1.09443
3.73659
-0.175711
0.893105
0.315054
1.20478
-1.03512
2.84573
-6.14109
2.57221
3.21756
-31.8099
-1.19144
-18.3346
0.23539
-0.805998
1.16287
2.13553
3.57501
-1.40009
0.255172
2.4468
-1.80838
1.29917
-14.4957
0.83687
-0.13217
0.0168579
1.17808
2.11565
-0.793505
-0.0509589
-1.98296
-0.678488
0.27936
-0.44903
-0.89156
-0.83801
-0.922933
-0.163198
-2.71124
2.64597
-1.9021
-0.645444
-0.501457
0.625899
0.233394
-0.630015
0.354838
-3.99173
-5.00489
3.15562
0.370232
-2.17818
-2.35728
-1.59751
3.34663
0.472028
0.81059
2.18034
1.39009
0.360187
2.69573
25.794
-0.796418
0.476185
2.01263
18.3621
2.62189
1.8475
1.36248
-60.7233
-1.18302
0.286811
-0.443541
-0.513252
0.727713
0.159963
-1.90914
0.403154
-0.320105
0.0135635
-0.37599
-0.210862
1.04317
-4.22826
-6.21656
-0.843348
2.20841
-1.97461
-2.57431
-46.9077
1.6458
0.404785
-0.971579
-1.93609
0.125021
1.65186
3.50293
22.7709
-0.770466
-0.00221836
1.45894
-3.21569
-1.10413
-12.726
53.4822
-3.14284
0.43431
-1.01815
3.21437
0.842478
0.973135
-0.944181
-0.0100955
0.133639
0.648801
-2.16221
-0.293039
-0.897137
-0.227678
-1.12232
-0.75637
0.823494
-2.37736
0.20888
-0.747267
-0.0488608
0.457763
1.20018
2.79625
0.797077
-1.15302
3.49242
-0.633504
2.94098
-0.11614
-0.0792102
-0.178507
4.02561
2.2116
5.09195
-0.774507
-21.2422
-1.43132
-0.648688
-0.325507
1.4787
1.35938
0.843992
2.85188
0.597911
-1.80532
0.166378
3.79185
-2.32648
0.413399
9.74583
-0.368844
14.3968
-1.31166
-1.5253
-1.91181
-1.64526
0.472622
-0.124786
-1.53918
-3.50222
-1.79206
0.386424
0.851524
0.176522
-0.964315
-3.79457
-0.302951
-2.83927
0.432972
55.0882
-0.325331
1.23925
1.01856
-99.9151
-1.74791
6.39523
0.437081
1.92326
1.62439
1.9784
0.59691
-15.2597
4.0992
0.387208
-0.370438
-0.455862
-0.411419
1.44098
-0.648653
-3.13405
-1.40214
-0.243862
5.4821
8.26208
-0.154569
1.48836
-0.322096
-0.0190327
-0.0186348
-3.47817
-0.133373
-0.851578
-0.272282
1.56399
-1.2112
-0.405784
-0.302274
0.337906
-0.12231
-0.531171
0.128774
0.914161
0.18391
2.48877
-3.81667
-1.05121
-26.188
-9.6032
-0.75674
20.1056
1.49727
-0.639004
2.51319
0.147716
-0.401469
-1.56304
1.17735
0.976474
0.392869
-0.836749
0.862896
0.090406
-0.468215
-0.281186
1.43159
-0.377857
14.3226
2.09473
0.775071
-0.339985
-0.553551
0.991829
-0.42202
0.704943
-0.599318
-0.304786
-13.1509
1.03175
-1.95167
-0.0220073
-0.130325
-2.62661
0.984565
0.172578
-2.97847
-4.1486
0.312137
2.91283
0.614181
0.107416
-1.21959
-0.283485
0.370981
-2.73142
-1.37173
-1.14317
1.87084
0.0393786
0.602667
1.42893
-0.601979
-29.7883
2.36574
-1.56199
0.108472
17.0002
-0.30916
0.912947
-2.05206
-0.551897
6.64915
0.856572
0.00354295
-4.06435
-2.65782
1.01906
-0.0102831
0.148431
-0.521287
-0.180003
-4.4382
-0.215285
2.50106
0.0386503
1.09058
0.609418
2.35631
-2.55209
0.229688
-1.97051
-0.442078
-0.691578
0.305245
-0.46918
-0.744755
-1.68605
0.552041
0.132541
22.6678
0.424559
-0.702974
0.209441
2.67576
-0.21031
1.27049
-0.765818
0.0809044
1.50241
7.81913
0.208442
2.50343
-3.70986
1.54068
1.14201
1.18719
-0.759905
-7.76555
-0.996932
1.16921
1.17659
-2.60766
-1.1506
389.524
3.41769
-0.168323
1.05605
1.03382
5.38644
-0.586938
0.186172
-0.203992
-0.319191
-25.4082
0.269733
1.22163
0.218097
2.62272
-1.22948
0.306883
-0.198845
-0.770557
-0.335301
0.685368
0.664527
0.827468
-0.470056
2.46204
2.33484
0.0333591
1.60317
0.111277
0.423001
24.651
1.32861
-2.10202
-1.29044
0.0793142
-1.26737
0.779429
-0.0334676
0.925154
0.313458
-0.158504
-0.818647
-1.17034
-0.145386
20.5942
-0.0774688
0.204792
-0.96002
0.266245
-0.501102
0.278964
-1.49274
0.522997
-0.404235
1.83956
-6.55092
1.36134
4.99504
11.4226
0.201587
-0.595497
0.302032
-5.34075
-6.75126
0.29515
1.38276
2.21654
0.779645
0.00921332
-6.11698
-0.343814
0.0364015
0.248139
-5.34763
0.906834
0.211146
-1.40693
0.510893
-0.494323
0.414214
2.20144
5.72024
-13.5868
0.738526
-0.393387
1.07995
0.335227
0.229737
10.2966
-5.07444
-0.45439
0.323187
-0.524168
-1.24287
0.407772
-0.919472
5.71108
-10.0476
0.439762
0.382263
-2.57993
-1.1839
0.140179
0.155235
-0.248667
-0.211912
10.739
-0.856124
37.4567
0.388742
-1.49059
0.252882
-2.60582
0.288554
1.00943
-1.52988
-0.393685
-0.696044
1.15607
13.3946
-0.00766787
0.0122579
-0.905568
-0.732529
-5.80545
0.327443
0.0661529
-2.24181
7.93885
2.36752
-0.131191
-2.45509
-4.49161
0.693736
1.1752
2.04812
-0.406179
-0.348104
6.94007
1.76879
1.03957
-0.0102133
0.675689
-0.704112
0.551928
-0.43798
0.0637372
0.763375
3.99019
4.37641
0.888562
-1.76762
-59.3863
0.960802
2.34142
-0.714803
-5.24876
1.38064
-0.277268
2.1867
-2.53334
-0.00860893
-0.44423
5.0003
-2.04773
-3.45753
0.131951
-0.895406
-1.44407
0.143462
2.77756
-0.959697
-0.106802
2.11227
0.61253
0.19916
-1.40837
-20.5927
2.49824
0.338992
-1.66253
-1.75219
-0.986479
0.918342
-9.82658
-0.288077
0.572553
-1.30368
0.793421
0.0503197
-0.440296
-1.19912
-1.39531
-1.23104
3.02974
-0.732786
0.36929
0.0723242
-0.39322
3.09123
-1.27251
-6.95609
1.20816
-0.164163
3.38687
-0.488064
-110.179
38.7506
12.2431
-1.15655
-3.26337
-2.69192
-0.0851362
-0.264818
1.0806
0.0548074
-0.101851
-1.83824
-1.84659
0.131421
154.135
3.01421
0.159162
-3.3219
0.453719
1.78819
-0.451977
0.262009
-0.0520976
-7.06733
-0.929363
0.455527
-0.379155
-32.883
-0.282803
0.26008
-3.88426
1.18881
0.547247
0.332707
0.536258
-1.91769
0.0615868
-3.07704
-0.172616
-0.277861
-1.72925
-3.02398
3.40592
-0.167855
0.804386
-2.40581
1.17071
-3.58193
-1.01016
3.30872
4.46368
0.720205
2.11769
0.88759
10.8642
3.01838
1.17083
-0.665136
0.980257
-0.829721
4.67369
0.846035
-0.628769
1.53617
1.72412
0.647429
0.00422603
-3.28563
2.29658
-8.3399
2.46162
-9.24267
0.00105906
-0.452756
-0.439865
0.131011
-1.07761
-1.18263
0.264868
0.920166
-0.47299
-41.7531
1.22213
-0.16369
-0.312151
0.797479
-0.376518
0.889261
-0.608383
2.02773
0.516784
-5.08157
-2.39045
1.21305
2.40188
-0.453735
-4.16327
9.21893
-0.543085
-0.168862
6.29704
-0.235916
1.61639
-0.716268
-0.0181237
1.04584
0.78488
-0.989846
1.37864
-1.78618
0.363699
-0.395038
-1.77031
0.311651
-0.235543
0.531417
-2.01139
-1.65156
-0.101112
0.356409
-0.982735
1.53801
-0.0943373
-0.29847
-0.0960491
1.84473
3.75123
0.883584
-1.77857
-3.05187
6.17174
0.375677
-0.103014
-0.219901
-6.6533
2.1273
0.345818
-0.15759
0.190613
-0.779441
-1.22043
-0.619599
-2.31646
-0.923683
-16.8626
1.96253
0.323921
1.13703
0.961539
-5.74463
0.679288
0.717089
1.12186
-0.924446
-1.24733
-2.06517
0.631454
-0.324283
0.400946
0.0894765
-4.99606
17.0601
10.6389
-7.96931
-0.640421
0.30811
-0.594612
-1.26131
11.064
-0.599618
7.59914
1.29332
-17.3848
-1.30684
0.531413
5.48521
1.97393
-0.262605
1.95214
-1.75415
-0.584901
0.324777
-1.36152
0.0315272
-0.944244
0.472981
0.657476
-1.17885
0.552877
3.69889
-0.194246
-3.8708
-1.35436
0.645884
0.0126315
-0.0616672
-0.64215
-0.798358
-0.272012
4.32599
0.90485
3.76984
2.61256
-9.10185
-0.898427
0.0266204
0.490597
-1.49767
-0.937916
1.90375
0.229873
1.19803
1.02382
4.36451
-0.721024
1.08348
-0.718855
-7.936
-10.254
0.535893
0.595592
1.9515
-1.1945
-0.770711
-0.146853
0.567956
0.550622
0.684147
0.401999
-0.368325
-0.346668
19.7372
-4.89779
0.436445
-3.01708
2.60738
-0.248523
-1.20751
-1.65905
-0.0674378
0.208367
0.639363
-0.799793
-0.45311
2.19096
-0.104003
1.3517
-6.35272
-0.0350109
-0.218542
-0.0566921
-0.590889
0.355941
-0.458563
-0.878887
2.5023
-2.85974
-3.73799
0.413205
-0.708538
-0.631569
-0.176768
0.421249
0.856297
0.374535
0.782858
-0.420518
1.00228
-1.09646
0.527198
0.679781
2.71452
0.55945
0.338505
-0.855527
1.0905
-0.860497
-3.84918
0.427844
0.438509
0.470708
5.6604
0.0644843
0.0534017
-0.987392
0.183916
-0.66727
-0.374291
0.475902
18.0558
8.97183
1.54508
6.23003
3.23915
0.636866
1.28663
0.131275
-2.22068
3.74997
-0.0214019
5.58175
0.711401
-0.129894
-0.612213
1.12012
-4.13705
5.67145
8.67741
-0.292588
0.0550916
-0.357845
-3.40598
-5.99417
-5.95209
1.89531
0.337999
1.0348
-23.7032
-0.581352
0.553811
-1.43216
4.16812
-2.94216
2.4497
3.67573
-1.77477
-0.0398013
0.0345697
0.152619
-0.337921
0.410114
-0.818479
0.98135
-0.28711
-0.473451
-0.237691
-0.225762
-1.56655
-1.20975
0.0806152
-1.53393
-1.02524
-2.31039
-0.925545
0.530822
-9.06494
1.07847
-0.957115
-0.396996
-1.59274
-1.0536
-6.76314
0.136576
-1.25916
-1.15301
-3.29421
0.992272
-12.4486
-0.911632
2.30488
0.365639
-0.861553
-0.963544
-0.174644
-2.09111
0.680353
0.88927
28.1372
-0.56211
0.0667564
10.3798
1.47408
-0.884464
-4.54175
-0.118429
10.2429
0.62838
-0.746441
-1.51182
0.79625
4.59064
-0.251675
0.904649
-5.35288
-1.5737
1.83637
0.892203
20.0954
453.052
0.137159
-0.0413539
0.434503
1.87904
-0.588444
0.628698
1.07145
2.29356
2.82432
0.842957
-0.076291
-1.62362
-0.179299
-2.29223
1.12566
-14.4008
-15.4593
-0.38982
-0.461045
7.29249
0.446671
1.14258
7.83969
1.23819
-1.58097
0.559767
-8.87334
1.05256
0.0339696
0.801166
-24.9832
0.153039
-0.508488
0.0289775
2.01034
11.6435
0.000679014
0.232658
1.21219
-0.10728
-0.03062
2.32075
16.619
0.641225
-2.79457
-0.245125
1.17424
-1.25966
10.3138
1.02822
-1.15333
-0.254295
2.23749
-0.0890345
1.26764
-0.587255
0.530542
2.07104
1.56886
1.53398
-0.829628
-0.153511
-0.737528
-0.600138
-0.134851
-0.878648
1.79687
0.598173
5.94632
0.96907
0.805944
3.87541
-0.0209604
2.59674
-1.0266
0.106241
3.49473
-0.0310955
-0.505813
4.19521
1.24013
-2.63989
2.33396
2.01298
9.72885
-0.919252
0.643858
-0.439929
0.396473
2.19437
1.56012
-0.386547
-0.982394
0.17316
0.38351
-2.3582
-0.443299
-0.0699316
-6.66251
-0.512259
0.830656
-0.799242
-0.543243
-0.274056
-3.07205
-9.04947
1.58525
-121.476
-0.283502
0.334287
-0.971522
0.787371
0.182624
0.445775
8.60954
-3.00654
-3.99597
-6.37886
3.45163
12.6193
0.974026
0.435481
6.37196
-0.964501
4.91615
0.866181
-1.61298
0.486153
-9.50173
9.72035
-5.43354
-1.47711
-3.93432
1.2017
0.357212
-1.09245
-1.45779
0.735894
-0.553552
1.12278
-0.947266
2.99944
0.7361
-0.812491
-0.118204
0.33115
1.07971
3.52962
4.00737
0.0267035
-2.98436
1.14134
0.0670271
-0.719066
-0.791328
0.819792
-1.0864
-8.90287
-0.112689
0.650576
0.183053
-0.747227
-1.5278
1.25488
0.263989
1.51913
1.51279
-2.34406
8.94277
-3.58181
-1.00836
0.0290534
1.93098
-0.89981
-0.774511
10.8544
1.26886
0.0936121
2.63782
-5.96748
-0.342448
8.49594
2.2299
-1.75563
-2.95527
-0.00579676
2.54505
0.300243
1.43985
-0.0390016
-1.43344
-0.513195
0.0380617
-3.52545
5.07469
7.4325
-3.0503
-0.826978
5.35939
-0.849095
4.35275
-1.37769
-65.1666
4.77228
1.14607
0.0643662
-1.35286
-1.52328
-0.102838
0.654971
-0.0692741
2.50634
0.421365
-3.49282
-1.23536
1.25128
-2.31796
-2.20573
11.0109
0.345463
0.787212
6.36901
9.82066
0.467691
2.13877
0.146985
-0.128531
0.920081
0.528175
1.51592
1.15764
8.09811
20.5828
1.36216
-0.0962324
-0.447938
-0.164664
-3.15761
-0.145114
4.26276
-0.802644
-0.961646
0.543211
-5.9781
0.438725
-2.90802
0.907828
0.283954
-0.768776
-0.820366
2.62307
0.0994028
-38.2214
-0.913682
5.40935
-1.55355
8.39077
2.08398
-9.04898
0.642493
4.50016
0.265054
0.00741657
-0.343106
-1.77277
0.799038
0.986791
-3.09443
3.14229
10.0808
2.4225
0.891795
-3.54695
3.49448
0.0753787
0.867206
1.8805
-0.331876
1.23735
-1.08226
-1.40178
0.3822
0.0356592
-83.7304
-0.815779
3.66255
-6.02455
-0.194958
0.680763
-0.65985
-0.338019
-2.72247
-2.97371
1.58518
0.829955
0.26243
-0.53142
2.08879
-2.49211
0.739114
0.469717
0.431759
0.728721
0.0307737
-2.00394
-0.481467
0.873275
3.88914
0.221542
-0.560768
2.12023
-51.1487
-0.788275
-1.05514
3.98628
-0.314221
-23.6698
-28.7373
-1.67799
-2.32542
0.268418
-1.42581
-4.05112
1.05277
-0.514283
0.0865857
-0.119395
0.228967
0.226593
0.799587
-0.453709
-11.2155
-10.5511
-0.710563
0.366722
0.690355
-17.6287
-1.11621
0.820661
-0.0669584
1.24921
-2.20698
0.298585
-8.65112
6.87236
-7.79988
-0.315244
0.375253
-1.56226
-2.57029
1.35726
-1.81612
0.0508186
-3.64037
-1.43477
0.348168
-728.977
-1.00361
1.33269
0.333106
38.0144
2.49047
35.1198
3.00054
1.39901
-1.14854
-0.812685
-2.4833
-0.0996833
0.535521
-0.604599
3.69437
0.113971
1.50518
0.400699
-1.50698
3.32182
0.732146
0.29556
-1.1449
-6.80884
-4.42462
-0.312749
1.68849
-0.0861769
0.997551
16.1429
-0.390852
0.644045
-1.1425
146.106
6.1821
-0.343919
0.0964542
-0.966049
-10.4526
0.421194
0.287315
-0.380378
1.20851
-0.069963
0.060224
0.187403
-46.4229
-1.44168
0.398588
-0.381052
1.86651
3.27982
-0.0496774
0.0157795
-3.66097
1.78295
0.451001
15.3933
-0.0727368
1.96526
2.67984
-1.87358
-0.00123185
1.47376
1.63249
-14.5868
0.966006
0.898609
-0.58089
-1.34041
-0.600226
1.72942
1.67338
0.342899
-0.638435
-10.9244
1.09313
0.144527
0.28893
-1.71105
3.22596
-6.48034
-1.11891
34.9814
-0.828039
-0.1139
-0.578337
-7.45577
4.58742
5.03131
2.66027
0.81663
1.75799
1.38017
1.09475
116.76
0.577477
3.03947
-2.32268
-0.0256532
-1.31435
4.23095
3.18371
2.12775
4.00553
-0.223341
-0.0755528
-1.41954
2.56828
0.835938
0.705717
1.03596
0.221661
-0.804827
-1.1845
-0.407309
-1.06263
-1.6368
-0.0564581
-3.05821
-14.4442
0.49208
-0.760521
1.3188
-0.257339
-0.353397
-1.13388
-0.174991
0.608962
10.5548
-0.351731
-0.755079
-0.971931
4.67929
18.936
-0.557874
-3.54704
1.2352
-0.725813
10.2582
0.699633
-9.71982
1.5056
-1.34337
0.061134
0.550992
-5.05335
0.207787
0.185006
-0.974504
-3.03883
-0.683717
0.501747
-3.36111
0.0391137
-0.499951
0.0642143
1.94701
-3.30851
2.20575
0.0210977
2.44098
0.650342
0.206397
-2.73055
0.878862
0.285172
0.164043
1.28411
0.730882
-0.502484
6.3441
0.166531
-0.926515
-2.11576
-0.201012
-2.50924
1.41021
0.157191
0.346945
-1.16172
0.96039
-0.153315
-3.14916
-0.176199
0.0508632
-0.853488
-37.3937
-1.23609
0.605767
0.511687
0.698967
-390.824
-0.844423
-2.49805
0.358116
-0.678274
0.362807
0.102062
2.18718
-0.219356
-1.66827
0.622892
-3.12032
0.175891
-1.4382
-0.525671
1.46632
0.172485
0.201258
0.22604
-0.498048
-2.02134
0.705745
-0.246781
-13.2307
-0.349767
0.861905
2.4863
0.306689
-22.326
0.144735
0.281312
-28.9034
-0.0991575
1.5954
-0.609846
-1.06296
-1.82538
0.950533
0.0856783
-1.00259
0.826354
-1.61978
-9.93326
-3.87563
-0.294975
1.07953
0.056562
-0.135719
-0.0145531
0.741517
2.63617
-0.531029
-2.0064
0.222983
25.1446
-0.0329062
0.498864
-0.766947
-0.6253
-0.61059
0.118185
0.0554558
-1.28659
-0.10657
2.3808
-0.0723854
-0.563073
-0.21833
-1.92855
0.480018
-12.9969
0.273491
-0.831737
0.213351
-1.67031
0.345819
-0.701958
1.27748
0.531442
3.4348
-39.5972
1.07847
3.7617
3.83831
-0.518998
0.336825
-1.66362
0.941421
-4.88627
1.15247
0.455087
-1.2507
0.25543
0.243073
0.943247
-0.430466
1.49359
-7.5847
-0.602978
-27.692
-1.10975
-1.97241
0.786304
0.601694
-2.48313
-963.127
-0.833701
-0.973792
3.1007
-8.00133
0.776548
-1.51062
1.39247
0.173521
2.17847
-0.320649
1.77408
0.284802
-0.762906
1.3398
0.33999
-3.30973
0.497095
-2.25234
25.2333
-0.671399
1.92514
-3.796
0.527381
-0.391431
-13.1664
1.97486
-0.213812
-3.28067
4.54129
1.30941
-1.51414
10.0149
-0.511156
0.62081
0.0325533
-2.86011
0.00566462
0.739286
1.72059
-2.67631
4.95786
-2.9858
1.2395
0.669967
-1.69465
-0.628972
5.43182
1.01756
-0.601096
-2.04339
0.808909
0.384812
0.490839
-1.31455
-3.70863
-1.87197
0.376156
-1.08076
0.00549141
-2.19311
-1.20198
0.808111
-0.716963
1.02091
0.475893
-0.174319
-0.117077
-29.5118
1.46833
-0.332004
-4.56785
-0.324648
3.69025
0.703467
-0.306615
-3.26392
0.171636
2.15433
-4.34502
-0.264196
0.126925
1.54965
-1.22964
-4.41461
0.667424
-1.37365
-1.62061
-3.85518
0.290031
-6.20006
0.088247
1.44817
-1.13706
-2.34954
1.14846
-0.177486
0.00034018
-0.283095
-0.744675
-8.44566
1.7217
-0.12393
-1.07413
-2.18846
-5.13577
11.5878
-0.813718
-1.28064
-0.276723
0.438106
0.590336
-4.68913
-0.467083
0.739835
0.731989
-14.7401
-1.3971
-0.0785928
-45.6173
-0.240685
-104.062
9.38428
-0.281055
-0.110011
-2.74615
-0.1297
-0.162526
12.7209
2.74775
1.29715
0.701534
2.74689
-0.750522
0.220912
1.06299
0.0965602
3.83507
-5.73786
0.527303
0.214079
-1.58463
0.337341
-0.240755
217.422
-0.942393
0.190414
3.04917
5.60062
-0.364685
-0.60274
-7.22721
0.638585
-0.574122
4.20612
-1.08189
-0.0343463
-0.342441
-0.78693
0.141995
0.371986
0.728797
-1.50712
1.42048
4.42869
-49.0366
0.0798967
1.48214
-0.257344
0.506685
-0.263606
1.25468
-0.258778
1.68557
-0.113926
1.82162
4.14626
-2.46655
-39.0834
0.574218
-2.66482
1.5247
1.27328
0.407666
0.16546
-0.485201
3.44098
0.624325
1.76526
1.3842
1.52917
-21.6138
-0.746359
2.97242
0.427108
-22.7667
2.24711
2.47041
0.0511073
-0.325384
-1.7381
2.54567
0.0529816
-0.107497
0.709706
0.190068
-3.83003
0.176594
-3.42806
2.82714
2.06849
-3.6815
1.42671
12.9038
0.0615002
-0.15627
1.85331
0.496293
0.142185
0.774113
-0.403494
0.697225
0.559713
0.184685
0.276301
1.30786
-51.443
-0.71739
1.0998
2.52214
-3.73249
50.7018
-3.94826
0.471052
0.484161
-0.256381
-0.107252
0.106754
-0.105067
-0.116841
-0.595778
0.275427
-0.592806
12.4525
0.225527
-3.10705
-5.41548
0.316878
-0.329804
-0.159694
-0.758388
-0.821414
3.07654
0.337801
4.31278
0.714889
0.161216
0.552782
0.38394
18.1186
0.460058
0.0325512
0.84842
0.480368
0.973233
0.776634
0.292245
1.64491
-0.181138
-1.09681
1.03864
2.26184
-4.29613
-0.299011
-4.66886
0.108715
2.50452
-0.170278
1.97701
1.13891
-5.6423
0.241483
-0.591675
-2.84415
0.78015
-3.3123
1.25636
0.701735
-1.18865
0.518744
-2.70149
-0.17896
-1.49021
-1.88879
-12.8442
0.202737
-0.342273
-1.84519
-0.370791
0.449647
-0.988601
14.6909
0.365236
1.99826
-4.14987
39.0771
0.315321
-0.207034
-0.60261
-0.103943
0.212972
0.408076
-1.41959
-0.0608552
0.973187
0.0861364
1.94031
-0.352329
-2.26162
1.52108
-0.25574
-1.03202
-0.163957
0.512171
-64.1013
-15.8568
-1.36528
1.74158
0.146367
2.01435
0.621857
-0.615131
0.864929
0.261956
0.221952
-17.4547
-9.63526
48.2199
-0.284673
-0.346666
1.07547
-1.2436
2.26329
-1.29445
-0.972676
0.956706
4.95954
7.92677
1.05614
-1.77547
1.96972
0.0991997
-0.164599
-0.382341
1.95291
-2.15558
-0.939817
-30.6481
2.94002
1.58476
-8.60851
3.1931
-0.550623
-85.1152
3.42287
-0.963823
1.21097
-0.126106
-0.334836
-1.32711
-0.487626
-0.0637309
-27.5346
0.342213
-6.10673
0.452023
0.350522
0.778999
0.541544
-2.47758
3.8452
1.77078
-0.212291
-0.0629512
-16.7278
-0.670362
0.121514
0.401687
1.34647
1.12441
2.92394
-0.148447
-0.589698
-10.496
-0.455112
-1.27657
6.92526
-18.2654
-0.0526817
-0.190559
-2.40383
1.18398
0.594352
-0.0429836
4.15048
0.901522
0.191109
16.3726
-2.71428
5.1039
9.83706
-1.60877
-1.76097
-2.06966
5.76769
-2.03663
0.43952
-2.79431
0.877643
-0.345027
0.0407264
2.71528
0.622343
0.455796
-5.38929
0.322546
-0.12762
0.315823
-0.393909
2.48615
-0.771658
0.0460561
2.66263
4.37318
1.09773
-0.191127
0.505644
-0.774917
1.76438
0.489368
-1.5201
1.80236
-1.2013
1.2478
0.793069
0.463723
452.364
0.854667
-0.78233
0.078637
-1.84521
-0.128423
-0.795924
-1.3138
1.13476
1.36038
0.702626
-2.62788
-0.311856
-0.997939
1.19991
3.15223
-1.18834
-0.845901
0.798856
-0.750567
-1.01803
0.809209
0.529075
0.771214
3.74039
-0.441307
15.2557
-1.06941
-1.54664
-12.966
1.63706
-3.97002
0.735614
-0.143369
0.520988
1.5428
0.600564
-0.0243886
-19.678
-71.7148
-0.139788
-0.562986
-0.257402
11.8453
0.450076
-0.77318
-0.842552
-0.65106
-0.0277731
0.165261
-0.534746
-0.0489921
1.45674
-0.652392
2.27602
0.568386
-1.76765
-5.67261
0.381347
0.588625
-0.423126
-0.291444
1.50855
0.633416
-108.577
-0.427795
-1.10841
-12.8336
1.21996
-6.69233
0.563706
0.865352
0.380067
-0.273723
0.310604
0.232564
0.476428
0.455545
1.6659
-26.9503
1.53513
-0.271768
4.35357
1.71445
-0.929307
0.0364649
2.13949
-0.256756
-0.576467
-1.75441
1.11429
-30.2243
-0.194365
0.345082
0.5322
-1.54745
1.63658
-2.56045
-48.5683
-4.46407
1.70506
-1.46956
0.224742
0.815552
5.984
-0.179377
0.412388
0.667584
-0.590415
-1.98466
0.563117
-0.00798191
1.52721
0.824298
-5.97239
-3.74985
-0.631475
23.8622
28.0256
-10.7822
-0.417266
2.44827
0.356488
5.06389
-2.28999
1.50375
-0.898647
0.481475
0.157205
5.82514
30.8099
0.0126061
-0.221926
2.82946
-0.73496
1.86287
-0.918391
0.453201
0.900977
0.384018
0.293778
-0.359184
-3.70797
36.2956
0.0372263
-0.00198867
0.884926
0.0385829
1.58496
0.462807
3.23163
15.7299
-1.42959
1.25219
2.72203
0.150508
-3.77428
4.54051
1.37531
-2.28933
-0.276576
2.0081
1.22345
1.19369
0.0669982
-1.9181
0.0752283
1.00371
-0.107058
-13.9554
0.852224
-4.74353
-1.12763
-5.68481
-3.90476
1.92796
-0.131527
-0.64023
0.223662
-1.30032
-19.9806
-0.758871
-0.0130878
0.79609
-0.925502
1.9897
-0.950396
-0.174897
0.549939
0.611697
-2.95711
1.05319
2.66113
-0.0416003
-1.30075
2.30322
-4.20754
-0.109409
0.0027756
0.315422
2.37198
-1.87147
1.12835
-0.398698
-1.05996
5.49531
2.36374
-13.0625
-1.51581
-1.17201
-0.0384351
1.25286
0.548353
-0.482358
1.04664
1.86855
-0.592121
-2.89823
-0.447555
-0.00109238
-1.22536
-0.111715
0.518677
0.261424
-0.59516
-8.22049
-1.00429
0.850242
0.178998
-1.08112
-1.25374
1.62257
0.0362045
6.10884
0.497309
-0.346202
-3.26682
0.882605
-0.219868
-0.280173
-0.492762
-1.24892
-0.973297
-2.3127
-0.0640222
0.819788
0.383504
0.311178
0.963963
0.123205
0.549545
0.333489
-2727.51
0.438831
-1.17732
0.577578
-0.443975
1.19343
0.870574
0.880389
-0.100184
1.15601
-0.531786
-1.73839
-0.682604
-0.110736
-0.392986
0.486913
-0.923564
-3.75294
0.806982
2.4341
1.11715
8.46696
0.662457
0.439303
0.649524
43.6388
-0.844424
-0.468894
0.154349
-0.635705
0.300215
-0.447001
-9.90657
-1.36639
-0.402924
-1.14963
2.18759
-0.486749
-0.731137
0.559401
0.0833405
-0.463487
1.06875
16.7903
0.0925301
-0.629137
-0.765745
-1.74955
18.5243
-0.226009
0.616602
0.174011
-0.402354
-2.00975
-5.30394
0.0345696
-0.323837
-1.03215
0.497737
0.397006
-6.19796
3.87238
0.00882909
1.09504
-0.207835
-0.184238
0.167405
0.199208
-0.253014
-0.72727
-0.173732
-0.873046
1.67545
2.93429
-0.22124
6.78835
-3.91759
-2.51464
24.4902
0.79132
0.796961
-5.92562
0.124963
-1.23135
2.34922
0.344054
-2.23152
1.62078
-0.311581
0.339852
0.683289
1.97549
0.796403
0.248273
-0.762857
-0.251427
0.411149
2.48652
1.81902
0.564529
2.75087
-1.19193
-0.154051
0.3668
-0.178935
-0.570795
-0.0935213
-0.421188
0.668208
-0.213743
-13.5923
6.83969
0.42167
0.0165545
0.040921
-1.31154
-0.0953045
0.078977
-0.407972
1.30456
-2.45311
-0.491105
2.10998
-0.314716
-1.50777
-0.668446
0.555662
0.019263
-4.69658
-0.147633
4.15179
-0.00416401
-0.964666
-0.0970504
0.62027
0.820008
-0.436297
0.684032
-2.77838
-0.280156
-1.30927
-0.497416
-0.299689
0.141392
1.67376
-0.604437
-0.410538
0.403395
1.53641
0.714978
2.88411
-0.34754
-0.656153
-0.603793
5.51746
0.976
-1.98435
-0.00275883
-0.889915
-5.2811
-0.446272
0.133953
-0.315508
-2.19872
0.438036
10.6635
1.25505
0.175774
-0.928337
-5.2984
0.701389
4.33008
20.6641
0.127498
-0.698888
0.320372
28.4451
-0.434363
-0.0702113
0.86561
-0.308131
0.457457
1.14926
-0.587416
-0.772634
1.12141
0.827618
-0.465278
-2.60125
1.08955
0.12787
-1.53171
-0.32052
-0.217175
0.642901
9.64949
-2.10412
-0.822317
0.887209
0.810916
0.815002
-6.97964
0.491895
-67.8663
-0.540038
1.34303
2.61264
2.09913
0.700808
1.02466
2.00091
1.69769
-0.331875
1.00498
-0.123123
48.8242
2.76799
-0.43839
-0.416797
1.99796
-5.81942
-1.07693
0.294468
-4.13822
-1.2108
-0.114787
0.623258
3.47999
0.419177
-1.76195
0.140181
0.194182
0.000789244
0.12534
-0.926865
93.9509
0.503302
0.364242
1.17027
0.28901
0.521166
0.916835
5.5237
3.13042
-0.202079
0.554492
2.50095
-1.9128
-0.321483
0.461163
2.06297
-0.983606
2.26148
235.843
-102.546
-1.39316
0.172564
0.442399
-0.127697
0.0862275
6.23977
-0.188462
-13.8664
0.333928
-0.101728
0.80584
-0.199794
1.44439
2.33997
-4.12664
14.6837
0.79625
-0.0408475
-0.953534
0.672787
-0.721406
-14.0443
-0.0410516
-0.922218
0.302054
-2.46185
-1.70139
-0.909682
0.128868
9.73
-1.70265
0.168563
-5.53472
1.36906
-0.349316
-0.661697
1.20563
0.447214
2.96807
-0.239273
0.771742
-30.2687
0.699809
-1.87764
2.0131
0.665001
-1.02275
4.58814
-1.51431
0.87423
4.44764
1.17629
0.111633
-16.4972
0.194809
0.771864
-45.2314
6.2183
0.668751
-0.157343
3.71621
1.11111
-0.162265
7.62172
1.02269
-0.255657
-0.344453
-0.548957
0.802417
-8.87428
0.474288
0.471671
1.04329
-1.40483
1.19261
-2.35503
1.00228
-8.70467
-0.627078
0.615639
1.32426
1.12579
-0.89669
0.382229
0.170091
-0.405231
-1.20578
-1.75568
0.448624
-0.770869
0.898157
10.5743
-0.817282
-1.30797
-0.0498638
1.95195
-11.7056
-1.5788
-4.40568
-0.88376
-0.762606
-0.342256
-0.216862
0.262783
-1.13475
-0.187925
-2.36852
0.727912
-4.09964
4.67977
0.0920067
3.02257
0.672387
1.14139
0.407474
0.918307
-0.508131
-0.970642
-0.366795
-0.421737
2.75353
-0.218913
2.68245
-0.827065
2.6398
0.585551
-1.89969
-0.485467
1.97311
0.198944
3.48324
-0.490973
0.34043
-0.639902
16.5204
-0.515436
0.215719
0.536547
-2.7283
2.85663
1.73123
0.0801461
-4.99967
-0.776522
-0.750899
0.00329856
-3.37246
1.35263
3.41159
-0.975196
-0.359926
0.570815
0.484993
0.832986
-1.18691
2.78911
-64.7953
0.420573
1.19616
-0.726037
-1.0463
0.525018
-0.432746
-1.36565
-0.839444
-3.50711
3.88755
1.4466
-1.59045
-2.07866
0.408415
1.67768
0.381962
3.68452
0.125167
0.915664
0.213717
-0.212085
31.9943
2.75827
-1.96176
2.68202
-0.648643
1.14816
2.10681
0.47667
-0.393061
2.6702
-33.4085
0.580565
-3.73938
-0.233245
-5.20756
-0.0665706
-1.45066
0.433632
12.3936
-3.52354
-2.94392
-53.6211
-1.10868
0.464103
-0.52279
-0.0944888
6.45126
-1.59171
2.16335
-0.78677
21.1486
-3.1358
2.63062
-0.322424
0.327838
1.299
0.597389
-0.77617
-0.43343
2.45577
2.31733
-0.22539
0.206313
-1.43381
0.354201
0.834574
-2.10454
-0.887708
0.821477
0.467371
0.0969711
-1.8164
0.647509
7.08289
0.790148
-1.85834
-2.82265
71.65
-0.598893
-4.03256
-0.759013
-1.22255
-0.714102
0.872396
-3.68366
-1.10299
0.294243
3.42751
0.315209
0.3598
1.16073
0.00916657
0.727932
-0.175476
-0.645937
-0.9605
0.886883
-1.37475
-0.825033
9.25883
-0.331219
1.6187
-2.00609
0.433457
0.183325
-10.3877
-3.33669
-0.647448
-0.0600987
1.84236
-0.557668
0.125023
-0.440028
0.467731
1.24909
-1.09331
-3.20172
2.03654
-0.399621
-1.64637
0.776376
0.725102
3.63621
0.301959
-0.587793
0.282982
1.95916
-1.42986
-1.5072
2.47965
0.92669
-0.252151
0.414594
14.5829
0.419913
-0.688344
2.81832
2.68978
0.249389
1.78709
14.3145
-0.870281
-4.44413
-5.10287
-0.459617
0.930478
8.8891
-376.563
0.00893031
4.06299
1.10061
-1.83228
-2.90374
0.14472
-1.17621
0.997719
-0.53267
-0.535949
0.591209
0.0685018
-0.484964
0.0544301
0.645728
0.614435
0.481238
0.0641668
-5.11306
-3.82714
-8.905
-0.126905
0.603621
-0.890223
0.556013
0.720987
-0.622347
-0.961355
0.359499
-0.0652316
-0.297082
1.17279
1.05451
-0.109833
0.17837
0.537708
-0.784151
-0.855421
0.970074
0.10931
0.221878
-0.199918
-0.338883
-2.06494
1.28381
-1.12762
-0.497874
17.7457
-2.94464
-33.2413
0.326943
-0.0368429
-0.00388806
-0.906873
0.198263
-9.41919
0.0560913
3.28762
-0.223647
-0.386397
-0.490229
-4.32705
-0.548914
1.90181
-12.6515
1.79753
4.8752
0.596049
0.939032
0.756234
0.60438
-1.95157
0.0375543
0.689613
-1.11673
-0.325289
-0.129185
0.453001
-5.44906
0.0580474
-0.466062
-0.229163
-8.54456
0.535652
5.19198
1.37529
0.255621
0.517252
-2.57349
-0.361899
-3.91666
84.8538
3.76694
-3.8774
-0.372815
-10.9902
1.01294
-0.217835
-1.21422
3.60146
1.07241
-4.63103
-1.28782
-0.0321815
-3.23255
-0.57774
3.01128
-6.0655
-0.0412637
-0.565773
-0.206009
-1.19429
2.99178
-0.507521
0.578014
-0.226435
-0.700484
-0.251044
-8.58911
-1.2627
2.40126
1.82957
-25.8943
-0.026559
0.315697
0.358504
-0.516617
-0.267014
-7.87322
2.25291
696.044
-0.67631
0.599227
2.85994
0.315156
30.1099
-1.98708
0.0277007
0.540402
-0.221396
-0.797529
-0.260119
-0.860916
3.20894
0.0613655
0.0924582
-14.6012
-1.4907
-1.06526
0.720996
-0.581033
-1.65267
-0.211067
6.65166
0.834372
1.72476
0.54077
1.07084
0.971946
0.18386
-0.0192595
-2.97376
2.06426
-2.79828
-2.24276
1.9323
1.03597
-8.87435
0.820054
0.319686
0.370429
0.681278
6.18973
7.54717
-0.645093
-0.0775805
-0.0517198
-4.93189
1.25695
-0.446485
1.47145
0.545286
-1.97583
0.457117
-0.841369
2.13275
10.7932
-0.499394
-0.504751
1.33989
-0.344262
0.875584
1.60084
-0.553638
0.385562
-1.51795
-1.23454
0.188745
-1.61648
-3.19591
-0.0890549
1.21771
-32.9111
0.0815675
0.180382
1.45191
-0.679624
-0.200198
0.64635
-0.191165
0.302448
0.0685049
-2.32561
-1.06943
0.174748
-0.0640953
-1.32116
2.86277
0.944429
0.464274
0.549846
-1.50639
1.24315
2.31294
2.35041
-1.51866
-0.520344
1.09584
1.38238
0.222685
-1.5939
-0.439192
3.14254
-2.78991
0.0490004
10.4228
0.32028
1.15666
0.669289
-0.156024
0.0822353
-0.478375
-2.38709
0.140322
1.3035
-0.190847
-1.16149
-1.27347
2.59013
-0.78898
-0.364752
-1.18432
-2.5232
-0.397745
2.96525
2.43757
0.259298
-0.0144577
1.56707
-1.94883
-1.77611
1.45406
-0.651897
2.80213
0.518512
1.47598
0.973293
-0.0539202
0.882594
1.00579
0.849103
-1.84064
1.95049
-5.21069
-0.315151
-9.76374
-214.536
1.52579
-6.95095
6.50614
0.499433
-0.224549
0.283507
0.125671
1.24325
-1.80219
0.990098
0.943645
1.48044
0.35169
6.95735
-1.81874
-0.582588
-1.05084
0.596484
0.044409
-0.407531
-1.2088
1.84302
3.64472
-0.640564
-2.95673
0.602337
1.15812
0.445574
-2.38078
40.8067
-0.0324775
3.98174
0.651986
1.83257
-3.09531
-1.03092
0.0950029
61.3001
0.368148
-4.48495
0.558934
1.12007
1.28662
-0.981395
3.68148
0.78035
0.333095
-3.06223
-3.75935
2.1224
2.65268
-0.091665
-2.86323
2.03774
-1.4998
1.52941
-1.39964
-8.69191
-0.810936
-1.55044
2.37641
6.56209
0.107995
0.001163
13.3658
1.1419
-0.963302
1.27417
0.176825
1.8559
-1.62511
-1.01668
0.555022
-1.89109
-0.52536
1.27344
0.744709
0.478405
1.00533
-0.720416
0.364263
-0.0817841
0.0944624
1.7347
-0.138615
1.99771
2.28596
-2.09351
-0.344314
4.18199
1.50852
-0.400394
0.752755
0.544736
1.77934
-2.10571
-0.619565
-0.108845
-0.533781
-1.39177
-4.14326
1.06083
2.1852
-0.718396
1.31258
-0.0801399
-1.30668
1.80835
0.7276
0.554196
-0.574767
1.98121
0.961619
10.6495
0.731681
-1.42709
-6.90584
0.487533
-1.32785
7.03369
-4.45107
-0.850862
2.19901
-0.0369571
1.14558
-0.719617
2.42327
-0.0200905
2.44204
-22.0835
-65.7577
-0.587289
45.1351
-0.77045
-1.05944
-4.71449
-1.97388
0.0894492
0.52933
-0.599934
-2.70986
-0.581444
-0.278844
-0.617134
-0.877532
0.811792
0.00016747
-1.40436
-1.65314
2.43653
-0.430847
24.1399
0.831567
0.161921
0.310935
-2.06448
-0.197652
-0.395314
-0.44736
-1.13389
0.0184897
1.80038
0.501855
-0.0891121
1.08455
0.871528
-1.34275
1.15926
-0.205434
3.47501
0.0159697
-0.248814
-0.715852
-0.56593
1.57329
-2.52647
1.13721
0.631864
0.0984591
-0.470469
-0.994599
1.39412
-270.526
57.541
-1.17634
0.508614
4.27294
-0.617147
13.4738
0.0629679
-7.1761
0.456332
-0.327838
-0.939998
3.60197
1.47388
-10.1151
2.131
-0.448965
0.391541
-0.932704
0.884795
1.09464
1.13988
0.355018
0.400404
-1.12274
4.35871
-0.591352
-1.09483
11.935
-2.60752
0.5643
-1.17832
-0.0897756
0.132208
0.995821
-5.70139
0.0669769
0.349035
-123.219
-0.285897
0.42354
0.798003
0.754729
-2.59594
2.48984
-3.89324
0.332208
0.710733
-0.702294
3.7915
0.151409
1.72664
-0.488436
-0.509865
1.78447
1.38197
0.303138
1.76347
-0.348471
-4.30767
-0.483707
-10.3706
313.053
-3.0115
-0.947232
-2.78077
5.23802
-0.424919
-0.594214
-3.77539
0.468008
-0.66273
1.02163
0.373779
-0.273448
0.937619
-0.580246
0.414578
0.111222
4.69082
10.4177
0.434302
0.894246
1.21703
0.147535
-0.00401389
0.601618
-0.527592
-1.62248
-4.65067
-2.7163
-5.76529
-1.70907
0.0262215
0.113383
3.46674
0.956515
1.41352
0.380239
5.23218
5.06858
-2.51048
0.0123112
0.696796
1.84696
9.70792
2.25284
1.28521
-0.563004
-0.830817
-0.547762
-5.6693
-1.66072
-1.00805
-0.177339
2.66766
-1.00775
0.495866
0.960581
1.18673
1.97839
-0.0875683
-2.94726
1.09517
-2.416
1.25269
3.9591
-2.14493
4.21401
0.133545
-1.14133
-0.212783
1.46321
-0.219563
0.673023
-1.28504
-0.619676
-0.904973
0.899328
-1.69174
0.352769
-0.535475
-0.210801
-1.03281
0.948783
-1.4096
0.472765
-1.81933
0.720296
-0.537288
-0.967443
-2.87933
-0.00963601
5.55112
-1.04523
0.52148
-26.725
1.23009
0.537555
-1.18656
-1.36311
-2.80796
0.228403
-0.119517
-1.05808
-15.2843
1.11199
2.1323
1.41133
-0.647151
-0.205171
-0.144249
0.156259
-0.109936
-0.494075
1.34207
0.0496154
-1.74762
-0.467307
-0.153198
0.457121
0.100958
0.530507
0.203966
-0.895127
0.949226
-1.75123
-33.8855
0.509785
0.156125
0.811508
0.728187
1.87459
-0.168717
0.361263
-0.203104
1.02957
-6.63011
-0.822293
-1.92571
-0.564933
-5.07274
-0.229898
-0.54618
0.992099
2.42079
0.0615509
0.490798
2.21495
2.89785
1.05708
-0.735707
-1.10366
-1.95678
-5.50355
-0.77172
-0.807716
-0.0617576
0.376941
-0.448977
3.17413
-3.46655
-2.16246
-0.804791
-0.78093
0.684268
0.574399
-3.01126
-0.820622
2.14886
-2.10911
-1.06264
-0.280457
-0.238165
1.68122
0.652381
0.772082
4.65967
3.433
0.702574
0.699893
-4.137
8.61697
-0.281252
-1.55114
-1.946
1.08105
3.15118
1.48193
-4.41453
0.40008
-0.201109
0.247253
-0.0496927
0.110533
2.51267
62.2784
2.6493
1.10708
0.736131
-0.0121241
0.45197
-1.82255
0.911093
3.60713
-1.91379
0.320202
-0.977314
-0.4209
-0.818788
0.844685
-1.42212
-2.5463
-2.01886
8.2432
0.549547
0.481889
1.63328
-2.28133
0.16676
1.00375
-0.0790868
-6.10837
-0.381417
2.18381
1.40254
1.02736
-7.06023
-2.97418
-11.2034
5.32286
-0.293668
-1.05621
1.21159
0.124154
0.0561445
-0.27225
-0.570326
-0.969465
-6.4968
1.59571
0.389098
-0.23304
15.7516
-1.85228
0.818784
0.918884
-0.0676975
0.85285
-0.121065
-12.8689
-8.66216
-0.441698
-3.48796
1.13633
0.567929
-4.40858
1.459
0.801477
-0.116985
2.66185
-0.378209
2.47489
-7.02694
-1.02675
-0.540644
5.86609
0.200385
2.93032
-1.54197
-6.71668
126.693
1.64326
3.09682
-0.050927
0.889131
1.59467
-1.70808
1.78602
0.188686
0.464324
-1.26455
0.361312
-1.51859
0.541936
-0.133351
13.7924
1.06123
-0.371982
0.515534
-0.344627
0.785915
6.43544
0.10167
-0.382479
0.416615
-0.866061
0.291326
-0.737606
1.24403
0.211939
0.606243
0.527533
0.854333
1.02291
-63.242
-0.507539
-0.555117
-3.45701
1.03082
0.740029
-0.289347
-1.04924
-0.241962
-1.50205
-1.15592
0.642085
0.342093
2.05292
-3.19332
-0.691355
-0.456517
0.0281341
0.463328
-1.11388
-16.0215
-1.00874
8.77583
-1.23186
-0.655497
1.96129
207.181
1.78404
0.185548
-0.0948734
0.601031
1.12388
0.136427
1.14093
-2.39029
2.46263
3.25763
-3.53271
-2.17079
1.41575
1.35587
-1.13195
1.06388
-7.92153
-2.58412
-4.63454
2.50185
-5.79715
2.03611
-1.11371
-0.136802
-7.54236
0.102784
0.873805
-0.410306
-7.11144
-0.109883
0.992004
2.84459
-113.736
0.507776
-0.0575601
1.94276
-14.7994
-2.37439
-0.236943
1.03736
1.99584
0.294856
-0.199473
1.43074
0.501005
-0.995399
-2.88315
-32.4352
-0.207184
-2.88556
-0.276208
-2.08196
3.50228
36.2002
4.45505
-0.790728
-0.0266432
-0.0206141
0.959017
2.88026
0.551008
3.09523
1.7935
1.2551
-0.0612552
3.20154
-3.62077
-3.65179
-0.54707
1.69421
6.83124
0.0754041
0.120446
1.60273
-0.533188
5.93363
3.97653
6.55265
-2.60237
1.4337
-5.3039
-0.113353
1.05135
0.417729
-1.24331
-2.01404
-1.30259
-0.0839522
-0.617315
-1.72165
-0.553787
-11.061
-0.195267
1.66284
-0.50835
2.76975
-0.477387
20.2406
-48.6299
0.524439
-0.72832
-0.341459
-0.203038
0.559946
4.88643
-0.0731874
0.0729051
-0.399212
-1.36392
0.00158405
0.539566
-0.151933
0.209855
-0.025434
3.75688
-3.76405
-0.101538
-0.636001
-0.679055
-1.28288
7.1212
-2.44071
-10.7759
-18.9442
-0.0171605
6.08908
0.868015
0.634225
0.833135
-0.55152
12.0142
-12.7764
-1.13868
1.03222
-0.218774
0.288011
-0.951195
-3.20574
-27.6973
-0.692767
0.0763435
-0.378396
-4.29409
0.566965
0.0817639
0.543855
0.501145
-0.270756
-0.10533
0.45321
-0.444596
-1.33529
0.993412
1.54524
-1.20658
-0.0317647
0.415566
-0.561452
0.373602
6.85401
-1.2261
1.72334
0.849944
1.01671
-0.617481
-2.72486
2.79981
-0.680896
7.49191
0.0521375
-8.52004
1.13423
-0.230842
0.34101
6770.3
0.493905
-0.343873
1.25182
-2.47255
0.313551
0.671083
-1.22664
0.905696
-2.27156
-1.92787
4.88516
-0.132099
-0.0503896
1.83145
-1.13757
1.28934
-0.0880961
0.402089
-1.29328
0.868177
-0.194667
-0.0313754
0.605915
-3.36811
0.66522
0.156249
-1.28695
0.667269
0.762292
-0.291858
2.9431
0.0211389
10.2693
-0.803942
-1.04618
1.74851
-0.172054
0.369737
19.3418
-0.267269
-2.24179
-12.6842
0.347143
4.63871
2.09979
-13.4134
-0.300434
-0.657463
0.343405
1.09971
8.19967
5.961
-1.19641
-2.02202
4.54377
-0.28991
-3.7181
-0.883132
-0.423455
0.394151
-0.526037
-0.410805
-0.970615
-7.1251
0.695359
-0.827305
-0.0450316
1.88839
-2.04827
-10.349
-3.57484
-263.902
6.90938
-2.58917
-0.830496
0.732882
0.197282
0.0284728
3.09617
-2.50275
6.87619
-0.223945
0.357046
-0.954779
0.275285
1.25526
-0.115903
14.5396
-0.139344
4.26054
-7.29644
-1.43021
-0.354472
-0.639209
3.13668
-0.00891088
0.0321191
0.578933
-0.725666
-0.472655
-3.07142
-0.224781
-2.08187
-6.43702
0.56589
-64.2116
0.308462
0.513578
0.145787
1.53664
-1.17883
-0.528189
0.517288
-0.610384
0.28308
1.36834
-0.00735103
-0.908115
-4.34213
-116.648
-4.20635
11.5391
0.404705
1.18377
-2.57651
-1.10621
-0.490961
0.265035
9.50123
6.37651
0.472039
0.0685891
33.29
1.96636
1.376
-0.0675689
2.12973
-20.6377
-1.29909
1.11051
1.70868
0.283953
3.43493
-0.289876
-4.64591
-0.896787
-1.41669
-0.377163
0.875163
-0.203208
-23.7563
2.00212
-1.13267
-21.2842
0.621119
0.170987
-0.158314
1.10769
-0.833037
-18.0103
-2.94051
0.625808
-2.36704
-298.568
-1.32759
1.00001
0.532913
10.4557
1.02099
0.496487
42.3092
-0.791105
0.851798
0.285669
-1.61224
0.465186
3.89986
-37.7007
-6.95692
-3.92539
-1.02516
-3.48223
-2.54447
0.492046
-0.0182996
1.28467
2.14892
-1.55444
0.0879934
-0.300268
-0.627041
0.577596
-0.546502
0.95245
18.7077
2.69918
-1.09987
-0.66607
-0.526087
0.498322
-0.748105
-4.44802
0.50394
100.124
0.0416602
-0.728744
3.3114
0.99001
2.35191
0.0271542
-4.88498
0.512465
-0.78137
1.62398
10.155
0.685767
0.606189
1.36991
-2.60802
