-1.46357
0.408998
-2.1923
-11.2644
-1.09427
21.0723
0.199554
-11.4014
-0.559773
0.312446
-0.505445
0.978111
-0.824368
-1.68509
1.2368
-0.89583
2.0489
2.06268
-0.408722
-0.947831
-0.511239
4.77172
-1.07106
-4.768
-0.571441
2.803
6.29224
-3.83876
-1.06344
0.559118
-1.32783
-0.259352
-18.6737
0.308566
0.0859854
1.17297
0.11437
11.3088
-0.310992
-0.759252
-0.428075
0.410344
-2.53061
2.2754
4.42236
0.0281777
-3.46104
0.654976
-2.61539
-0.748072
-0.172186
-0.836486
3.60634
0.299072
1.05087
8.96636
-0.163996
5.76883
0.73659
-1.09605
2.01265
-117.111
-9.14945
-0.101235
5.29859
-2.43943
2.64703
7.21287
-0.566975
-0.451584
3.26114
-0.130234
-1.13925
-0.496222
0.550162
3.56426
0.377755
0.17263
-0.0453092
-3.06209
-1.55399
-0.814688
-0.786532
-0.222203
0.826602
-0.598881
-66.4534
1.8947
1.1341
-20.8613
-5.84216
0.143657
0.226937
28.958
0.278645
1.20888
-0.63133
-1.98071
-9.35112
0.277116
-2.81238
-0.776304
1.07706
2.50847
-1.16035
0.362116
1.8275
1.02805
-5.30983
-22.8857
-0.203069
2.18727
0.0505242
1.1361
-0.943474
-2.11075
0.049501
0.691429
-0.958223
-0.330349
11.5489
-0.0428699
-0.44503
-6.0434
-204.628
1.16544
25.3604
0.942115
0.645107
1.00823
2.20509
-0.705925
-2.75559
-1.27279
0.328234
0.339403
-5.70782
-0.281961
3.96298
-1.29688
-1.50356
3.42654
-0.582897
-24.2062
-0.219875
-4.18054
1.67745
-0.400851
1.38922
1.00227
3.51081
-1.39817
-0.263799
0.867532
-1.24128
-1.62805
-8.23206
-12.5285
0.375941
-1.29505
-5.4281
2.88945
-0.165123
0.517846
1.08518
31.0573
0.324242
1.9833
1.59056
-1.78836
-1.84156
-1.82487
-1.67208
50.6212
-0.651625
1.03791
-0.968322
1.76976
0.363348
-0.198379
12.1347
-1.70295
-0.122942
34.8244
2.83198
-2.25202
1.2813
9.08373
0.138653
149.84
-1.93181
-0.195424
0.869557
2.06339
0.919695
0.351516
-0.685932
-1.00875
0.202719
-0.455748
-1.15555
1.28626
0.968674
-1.5149
0.0182931
0.901251
-0.625218
-4.21726
-0.339508
-1.5954
-0.052051
-0.0761688
-1.02569
-2.36435
-0.241938
-0.421114
24.3936
0.364837
-2.52782
-0.460728
0.171583
0.64144
-0.469395
0.406569
-0.476687
-0.448642
1.98046
-0.397458
0.962824
-4.16247
-0.10861
0.507778
3.18482
1.77518
-3.51728
0.744257
-3.32272
2.24908
-0.625628
-0.103273
-0.710158
-5.23669
1.31296
1.49422
-0.553653
-7.01738
-1.03766
1.85332
-2.25418
0.0566862
-1.84921
-0.102463
-33.9558
-20.1532
0.17084
-3.78244
0.125165
-0.24667
6.58302
-0.13165
-14.2505
-10.1975
-0.169078
-2.97296
2.75953
-0.0345432
-0.250931
0.369126
-0.455257
0.0883765
1.25713
1.64863
-0.582781
1.64555
0.486965
18.2048
6.1108
-2.2692
-2.10583
-1.07227
-0.842746
-9.17644
0.606378
1.51186
-48.6641
-1.62393
1.3038
-4.01934
0.828658
1.61914
0.720441
4.14253
0.0987876
-0.0339527
-0.839341
-25.9015
-0.920752
0.164652
1.02926
-0.16088
-0.269089
5.62573
-0.497822
-0.185626
-0.00257713
6.28378
-0.836757
0.162126
18.1248
1.05786
4.61153
0.209472
-1.27082
42.2142
-345.994
0.525587
0.241388
4.3644
1.19474
-0.941737
0.132139
-0.411782
-0.756049
-19.5242
1.87751
-0.790356
-0.820793
-0.177494
3.75357
-0.42383
-1.88111
-6.24577
-1.60311
0.728575
0.780901
-2.10486
-2.05637
11.3659
0.103235
0.645275
0.242494
0.495725
1.43951
-1.43028
0.167508
-2.08033
0.376244
-1.00745
14.7365
-5.31789
-0.0806525
0.997612
0.226746
1.46236
-2.67778
6.7207
0.961671
0.74335
0.799886
-18.3398
-0.0480368
0.754602
-0.418679
0.846762
0.295673
0.252539
0.68254
0.207874
-0.0497666
0.459117
-0.353944
-0.098804
2.40455
2.45495
-4.66691
-0.156069
-0.46934
2.30971
0.136151
-1.71706
0.107351
2.2953
-0.252551
2.03365
-0.222415
-0.375756
4.11054
-17.3797
0.0642192
1.02214
0.378341
0.175968
-0.276044
0.0891349
1.33618
4.11137
1.67189
8.58378
0.214447
0.226122
-4.46262
-1.2007
0.392589
-19.1005
0.313667
0.849814
1.65497
0.279209
-0.269283
-0.496651
0.391551
0.310988
8.5879
0.950875
1.15588
-0.279987
-0.601275
-1.37759
0.645645
3.07802
0.136729
1.42178
-2.96534
0.406813
-1.45508
1.32913
0.916148
-0.186151
0.0566528
1.55034
0.241795
1.13617
-2.13438
-5.38511
-0.0660347
-0.767756
-0.453145
-0.698848
0.599944
-2.28184
-2.05303
-1.68181
0.200561
0.501501
-0.94465
1.21754
-7.61102
1.17892
19.4279
-1.6011
4.27644
-0.785562
-2.9249
0.045077
-1.93952
5.727
0.782624
-2.10732
-4.5639
-3.31523
-49.5433
-1.10339
0.449198
-1.35176
2.27282
-0.929062
0.132704
0.821556
1.48186
-5.86028
-0.817264
0.425872
-1.5736
-0.507943
3.33728
0.68551
-3.82468
0.0572804
0.166457
-0.260996
7.49228
1.12849
0.994097
0.882868
0.124168
-3.69809
1.45269
0.770316
1.34017
0.104389
-1.48837
4.24693
0.45669
0.161184
-0.811513
-2.16157
0.065696
0.46083
0.246284
0.13945
-0.126937
-48.1912
-25.3291
1.01148
0.293379
2.23335
1.0062
0.618658
0.602537
0.683711
0.363454
-1.50891
-0.420973
-0.5614
-0.490083
0.974329
0.37351
1.80303
2.71123
0.998397
2.19392
2.12333
-0.669039
4.24009
-6.21386
-8.16225
1.66274
-24.4712
0.0016905
1.35477
0.0905915
6.32067
-0.401766
3.96849
-0.19233
1.48077
0.945487
0.251164
-0.493909
-0.0793905
-0.73368
-3.38883
-0.398111
-1.66472
-8.03462
-1.05781
-1.28492
-1.40246
-1.43779
-2.45461
-2.56594
0.386385
0.974766
-0.0866207
-2.61409
-1.1055
0.0628455
-1.78655
0.724621
0.00708429
-0.753052
-0.108029
0.266916
4.64129
0.342006
-1.31897
2.16511
0.438092
1.46615
0.402196
0.211109
-1.16804
-1.27178
-0.0471785
-0.108036
-1.14114
12.2124
0.381413
1.16032
3.81772
-1.57642
0.0597936
1.01811
0.0859986
0.509635
0.584199
0.757711
2.34184
-0.765387
-0.298952
-13.2929
0.824861
-0.630396
15.1323
-0.656527
4.6709
-0.517067
0.607755
1.13117
1.61602
6.60278
-1.09286
-3.33666
0.670265
-2.11225
0.32378
-1.18808
-2.70705
-0.625108
1.92026
1.48844
0.335942
0.844587
-0.382661
0.46452
-1.43281
-0.857638
-2.51435
4.29846
12.1377
9.60029
0.637543
-0.328066
0.169844
0.601843
21.2271
4.2327
-1.13649
8.13955
-2.71462
-0.906547
-0.217388
-2.63623
-7.34394
0.305267
0.342339
-0.741416
-1.52316
1.05127
-0.948181
0.613983
0.937323
-0.698826
6.1506
0.760299
0.765083
0.991131
0.147795
-4.53745
-0.981979
-53.3003
0.0944796
2.8867
-0.834311
2.7207
-2.19866
1.05708
-0.572717
0.207209
-3.57227
0.671456
0.639857
-0.135505
9.66491
-0.011206
1.1384
0.414291
-4.40675
3.53728
-2.09525
0.53047
-1.45857
1.26813
-0.383009
5.25761
-5.32662
0.021559
-0.75343
-1.62088
-0.596152
0.495177
0.190964
0.10133
0.437468
0.297077
-0.228204
-1.21871
-0.184578
1.93243
-1.70824
0.914098
0.551828
-1.51623
-2.44873
1.39147
1.60385
0.520341
-0.261953
-0.309007
3.44159
-0.74932
0.841044
-0.302477
0.2152
0.683477
0.796137
-1.603
-2.90948
-13.5454
-0.95623
0.276067
0.255078
-0.553539
2.36669
1.16047
-1.15339
-1.42577
-0.332807
-1.39132
-12.9489
0.0167463
-1.35448
1.29761
0.56259
1.52139
1.37645
-0.269148
-4.40804
-0.940359
2.36556
-0.231722
-5.22418
-0.283343
1.39178
0.173893
1.96183
-1.29629
1.11487
3.95418
-1.03806
24.8457
1.81316
-2.30729
146.5
3.34749
0.219048
-0.598877
-0.358761
3.78276
-1.64013
-0.568968
2.54174
4.57692
-1.34923
0.0376512
1.25582
0.779841
0.139737
-0.517696
0.496826
0.0545179
8.70563
3.35077
9.70174
35.678
-1.24273
0.153034
0.382534
2.30593
0.438142
1.07856
1.31444
0.11901
0.174663
1.62065
-1.46389
-0.341447
0.872997
-2.72941
-3.58928
0.157705
0.816682
0.609963
-0.156356
-1.38673
0.562305
1.16014
2.4994
0.40209
-0.56609
1.41264
3.39709
-1.34105
10.4022
-5.31954
21.1218
-1.95323
-1.63636
-0.701497
-0.0018922
-1.25525
-3.32787
1.49576
0.571891
-4.09552
0.494005
-0.392804
1.40421
-2.2668
-1.08339
0.640898
-0.139761
9.7236
1.21905
1.84088
1.00073
-0.37462
0.590706
-0.746787
2.7289
0.0747574
1.35286
-0.53347
0.283091
-0.39559
0.209682
-1.26639
1.23429
0.15996
0.957609
-0.0326392
1.07157
0.0214123
14.384
-2.40964
-5.11593
-0.354538
2.20519
0.0328402
0.094925
2.71889
1.70642
2.933
0.323204
0.603435
-0.722356
-0.720959
0.452813
0.362251
10.4395
-0.0584695
0.166057
-36.2497
0.0223837
-9.57256
-2.64714
0.936902
-1.21412
1.12506
1.10061
-4.71236
-0.352819
-0.00665599
-0.00611362
1.8571
-1.47738
0.722849
-0.263276
-5.30346
0.230075
0.621204
-22.3459
-1.67824
-3.45313
3.38786
2.41971
-0.487153
-0.473991
1.59921
-1.36987
8.34239
-1.1557
-0.554852
2.04688
-0.174048
-2.18304
0.174799
-0.571155
0.359282
-11.3524
21.3279
-0.028858
28.8682
0.397139
-1.86203
-0.0567816
0.522069
-0.192628
-4.44356
0.381182
-2.6491
-1.80966
-0.643268
0.405999
0.634718
-0.42419
0.0129154
0.727279
-0.0699719
0.808303
-1.86373
-0.682174
-0.590917
-0.0621059
-0.0272298
-1.07991
3.53917
-0.303728
-0.790029
0.324703
0.323192
-55.7019
0.332862
-2.80919
0.961716
0.498655
-2.26617
0.434288
0.3585
0.619476
-0.0337351
-0.175101
642
1.3255
0.0792788
-2.78283
3.05701
0.734694
1.06723
2.15342
2.55476
3.58068
4.45128
-0.957674
-2.22624
1.29661
-0.866117
0.210903
3.39874
2.12397
-0.567117
-1.00699
2.95827
1.50022
-0.71031
1.34838
-2.16032
-1.63416
-6.54997
-2.71348
4.26843
-1.29971
0.650122
-0.606097
1.20855
-0.0970088
-1.52758
-1.81325
1.90791
0.295915
-5.75572
-0.566081
-0.25458
5.56897
0.925863
0.212989
6.40458
-3.45441
3.36593
2.11951
1.73844
-0.114083
0.103921
-0.104502
-1.27872
4.58377
-29.9742
-1.30062
-2.35025
-1.20357
-0.644374
-3.62901
-4.93491
0.0681573
-1.31
-0.747351
0.477385
-0.336898
0.252996
1.55046
9.1182
1.57429
-0.314809
0.378817
0.388647
-0.0118348
-0.122257
3.91251
-8.65462
-1.2292
1.2119
1.16967
-1.05574
-14.7534
-0.346644
0.0916895
-0.420501
-0.790261
-18.3232
4.44271
-2.7294
-14.9141
0.654559
-4.68515
1.60885
1.30587
-0.405649
-1.07676
0.531957
0.744935
-0.155652
1.30994
-1.68644
-2.00517
-2.23663
0.129166
-0.544044
1.13666
1.25377
-1.22505
1.03301
-1.80901
1.24241
1.93297
2.29654
-0.284452
-9.10235
-0.232516
0.225783
-0.663659
7.28512
5.21859
0.961732
-59.492
-0.0801035
4.89121
1.95148
-3.20406
1.30016
-0.367526
1.54758
-0.135382
0.0833717
0.534751
-8.47611
16.8414
3.11293
0.495151
0.0227236
2.0775
4.79281
1.16156
2.98333
-0.0500755
1.0947
-0.0132699
-0.188973
0.493148
-5.89701
2.49128
-1.05208
-0.108755
0.34195
-3.64221
-0.858441
1.78461
0.192002
0.223753
0.0792817
-0.655883
-0.199832
-3.87534
-0.464448
-74.7839
0.000449372
3.73819
-2.074
20.802
-10.6261
-46.5687
1.42853
0.702961
0.371323
0.483756
3.12013
7.18995
-7.83559
1.15515
-1.07479
0.970289
-0.439639
0.812788
0.376725
-1.62716
0.0710063
0.180599
-0.287292
0.101539
-9.14258
-2.64785
-0.901559
0.897336
-0.377835
1.10213
-0.516706
0.458715
-0.0619857
13.1699
0.169116
0.438855
-1.37421
0.314654
-0.160621
0.300664
-1.77116
-3.69657
12.3317
-0.426904
-17.8287
2.73258
-0.140737
-0.191693
-16.2011
0.591828
2.86863
-0.969026
0.0934887
-0.40896
0.753102
0.466093
0.310101
2.63833
-1.2467
-0.586205
-4.78938
-0.844993
0.0720033
0.238034
2.95463
10.9509
-0.125051
0.754292
-0.107624
-1.86508
5.87008
-0.609979
4.47662
-1.99968
-2.85407
0.222029
2.63808
-0.0657812
-0.65849
0.660871
4.68351
0.0417424
-3.27518
0.958415
-17.7446
2.82322
-0.120723
-0.0139824
0.483813
2.98265
-0.584994
1.21627
-2.21125
-0.473864
-0.15564
-0.898536
2.21777
-0.00276878
9.72369
0.975425
0.356845
0.20315
2.93344
1.35918
1.7602
-0.303074
42.6675
0.490832
-0.34567
0.476724
9.20636
-56.8245
0.474771
0.370546
0.0993507
-1.38627
-3.12469
-0.836982
-1.70302
0.173788
-3.58766
-7.80482
2.61813
-2.39226
4.26384
-0.142738
4.10504
-16.0234
-14.5286
-1.18358
-14.4262
-0.198833
1.71231
0.80672
1.43047
-0.822998
-1.69629
1.49072
1.78537
-0.476494
0.898148
0.833515
-1.91622
0.490306
9.91376
1.93899
6.05642
-0.194643
0.278179
-6.34681
-0.134215
1.19639
2.13258
2.40917
-0.559946
-1.75671
-0.0458944
0.975982
0.475257
4.98693
1.44307
-0.461267
-0.0040668
5.89974
1.22367
3.87717
5.19348
-1.2455
0.278205
0.665011
-4.01965
0.92063
-0.0739965
2.11093
0.54855
0.172336
0.610524
3.80136
-0.739399
0.832983
1.56566
0.243436
0.250863
-2.9696
-1.87051
-4.98987
0.477025
0.0805749
-1.4509
-0.137493
-1.77828
-1.51165
-1.22018
-4.9451
-0.22763
-1.35736
3.73391
1.25616
-1.60349
0.290553
-0.658896
1.94006
26.1021
2.405
0.427791
-0.736149
0.0665693
-1.50713
-4.93692
-11.223
-1.64346
-0.417943
-0.664042
0.353869
-0.306006
14.3519
-0.467621
-0.197146
3.65284
-0.194872
11.0015
-0.291218
-2.14977
0.265744
-14.43
0.537022
-0.398205
-2.47712
-1.36789
0.457012
3.43086
2.67322
0.247651
2.24883
-1.45168
4.23546
0.991164
-0.178043
-20.141
-2.5728
0.15116
8.97784
2.79174
2.30994
-0.959568
1.50107
8.64716
9.66015
0.760713
0.731536
0.0921042
-1.35448
-3.65174
1.9137
1.4384
-0.0125101
-0.243635
1.32458
16.619
1.24989
-2.09602
-0.274431
6.02157
0.304355
-1.18118
-0.146484
-4.3875
-0.745675
-1.78118
0.668677
-0.233074
-0.0350795
-1.61798
0.148604
-1.33671
-0.529981
1.73789
-0.666222
-0.0772076
-0.221516
0.456163
1.01553
0.297909
-0.529272
0.0464841
-0.00165056
1.13433
-4.23287
-1.3376
-0.0971705
0.333279
0.150647
-1.83379
-2.85838
-0.123704
-0.72374
0.226143
22.918
-4.42842
-13.976
-0.916846
18.3777
0.256347
-0.921794
-2.43544
-0.107797
0.694471
0.199893
-0.353137
-1.087
5.07929
-0.891357
2.3212
0.535293
1.66475
-0.0557045
4.21162
4.10879
-7.28692
1.27578
-0.673807
3.9693
-1.61897
-2.90559
-0.766504
0.59324
4.99019
-0.527899
-0.135006
-1.79807
3.20752
-0.47416
2.88629
-1.55498
-1.96862
-0.683303
-2.09865
0.00983519
1.18957
-0.608875
-0.194381
-0.85194
-1.23315
0.928431
-1.40937
-1.07968
2.05776
2.30557
-1.20517
-3.43287
-0.415829
-0.715439
3.68781
-0.247611
-1.69336
0.00873293
-1.05532
-0.100979
-1.74821
-6.49441
0.0219124
1.25992
0.535975
0.149517
1.52715
-2.28715
0.972251
-0.71439
9.08282
-2.21988
-0.349437
-0.592289
-0.0662889
-1.01751
0.577499
-0.533679
7.8268
-0.671412
2.30975
0.512406
0.617638
-1.13473
1.8042
0.530083
4.3321
5.86604
0.764675
-3.71128
0.992482
-1.26342
-1.04416
0.0269991
0.339442
0.713958
1.28275
1.28424
-0.896164
0.0677741
1.1125
-0.172743
0.672449
0.0505071
-0.676118
-0.113469
0.652929
0.593426
-0.852148
1.30982
-0.881539
0.147656
0.787445
1.37211
0.587393
5.48644
0.764123
1.13288
12.0542
0.820454
1.82739
-0.354082
-0.682407
-0.253792
0.345577
10.4621
0.255254
1.52259
-8.75025
-0.278837
0.348393
-0.00419497
-9.59007
-31.325
-3.24171
1.97348
-2.89633
0.184778
-0.319645
-0.535211
-0.589644
-14.4474
3.8416
7.75583
-0.509878
1.06367
20.656
0.187457
0.289024
-0.829144
1.73375
0.530289
8.50363
-26.4857
-1.18366
-0.443502
-3.82294
1.06923
-2.85772
-0.586566
-1.32836
-1.10496
-8.66026
-10.3922
-1.5086
0.725742
6.65086
-2.09754
1.16594
0.232852
-0.0112875
4.71312
0.358569
-0.72233
-54.7534
-7.39093
0.97823
1.19715
0.79101
1.08142
1.89543
0.615974
-0.548744
0.62114
-0.39955
-0.464557
17.0756
0.176735
9.47262
1.407
1.4927
-11.315
2.41501
-2.78715
-0.255295
-9.71444
2.29046
1.71538
-0.910977
-0.612031
377.564
-1.08965
0.098985
0.228381
-3.26685
-0.338803
-0.844342
0.0905437
-2.22706
4.80991
0.889444
-0.100058
-0.842491
1.16646
0.937085
3.50886
-16.3937
-0.248173
25.3024
0.694808
-2.35915
0.686054
0.289061
0.888287
30.1981
0.694637
-1.55844
-0.992702
0.605292
-0.546611
-0.0322234
1.27444
-4.92119
-2.38001
1.221
-0.134986
-1.30461
1.4925
-1.64326
1.20731
0.652461
2.20727
1.14451
8.0312
-3.48639
0.0163707
0.0339361
1.1856
-0.715871
-0.249488
0.381978
-1.66335
-2.41858
-0.550746
-2.22805
2.89995
-0.496954
-0.394382
-0.779848
3.20804
2.2154
0.32502
0.795699
-0.894832
-0.273662
-1.39332
-3.63787
-0.0930147
0.24069
-3.04763
0.310022
1.54452
0.232527
-1.57043
-4.27412
-0.789524
-2.4577
-16.6662
0.500843
5.90557
-2.02712
-0.134927
0.349996
-5.13408
-0.473885
-1.34107
0.640713
-0.645346
-13.5669
-0.154303
-0.592446
-3.96357
2.54263
-4.69609
1.29191
-2.25252
2.3784
1.0298
0.100084
1.28882
-0.696545
-1.05724
-0.442698
15.5118
-0.155116
0.278453
0.41327
3.55052
-0.439208
-2.59986
-0.316223
-1.38395
-2.33561
-4.84533
1.33164
0.335755
-1.04133
-4.46785
7.51389
215.871
0.328311
-0.296716
0.570544
2.796
0.317234
0.968212
-0.203242
-6.09404
-0.0225801
2.24914
18.5064
0.0669105
1.43175
-3.51354
-0.244099
-1.24058
-0.688944
0.672246
26.4666
0.424209
0.953111
184.096
-0.0376472
-1.96286
1.35842
0.919985
-1.63484
-1.19624
-0.335008
-0.273534
-0.528227
-2.62974
-0.257693
0.0280286
0.614728
-0.338812
-0.401126
-0.0980515
-0.764962
-8.41798
-4.57146
-1.09679
-0.214141
-0.584461
-2.98776
2.91885
0.737239
-30.1579
0.908909
-0.000483298
0.775212
0.82075
-2.0042
-0.587922
0.9579
2.22668
-2.38667
-0.390818
-0.706847
-9.01702
2.17195
-0.563142
-0.980704
-2.04025
0.449159
-0.0161048
-3.45644
-0.913717
2.71585
-36.8909
5.44643
2.55718
-0.76148
-0.00225481
-1.34955
-3.32929
0.749776
3.13267
0.975589
5.28875
0.280232
0.481698
-0.633265
-0.348705
1.36391
0.468633
-0.951574
-0.465296
-2.58822
0.876948
-7.70692
2.49088
-0.517185
-5.69537
0.741312
-2.78774
-1.31641
0.0464257
-0.324887
-1.30016
0.646862
49.4871
2.90754
8.9373
0.190426
31.9951
11.3111
0.101035
13.5447
133.757
-15.9347
2.25032
-7.10602
-1.03527
3.66127
-0.115073
1.66292
-19.3537
7.86655
16.9655
0.19006
0.651989
0.386237
1.72089
-0.0289711
19.7253
-2.42125
8.18535
1.29453
-1.04115
-0.455178
-1.6509
0.251918
0.541145
0.0738846
-0.138084
-0.260513
4.48517
0.480537
2.7776
-7.74069
-0.151574
4.8635
1.05225
-4.40216
0.0884524
-0.609049
-0.780309
-1.851
-1.94709
0.554098
0.554636
4.42835
0.395156
-6.55445
-0.931155
-2.02812
-0.432559
-0.465054
-3.21577
0.0458096
-1.40543
0.296207
-0.830153
1.24571
-0.30531
11.36
2.854
0.614527
-4.01295
-7.08196
0.282585
-1.34443
0.806238
0.283349
-2.02011
-0.873792
-3.05964
2.4115
12.973
0.521612
0.636078
0.214391
-4.18183
-0.192313
0.407429
2.48045
-0.477597
0.71344
0.0243119
2.72519
-258.745
0.565394
-1.06351
-1.21977
0.089435
1.54006
-1.40855
-19.9777
-2.14523
-2.10003
1.53357
-0.084695
3.08473
3.12295
-0.757955
-1.34056
-1.23541
-2.01209
4.78434
0.809388
1.71731
0.133221
2.12143
-1.02611
0.556501
-1.05779
0.634214
-0.929256
-1.39805
-0.34891
0.0601866
-1.07442
-8.56185
-0.938538
-0.754176
0.572213
-0.92097
-1.57067
1.00838
2.72114
0.903891
-9.37191
0.673604
-5.01238
0.466708
-1.64619
0.65615
-0.723636
0.0911827
0.998257
-6.9646
1.0973
-3.56053
-2.68202
0.17206
-5.51575
0.124747
1.12833
1.45304
-0.388822
-0.740837
0.745037
0.761097
0.492168
-0.513825
0.127107
-1.09851
-0.053597
-0.370567
1.69464
0.252016
-4.93973
0.393201
-15.2247
-0.3974
181.695
1.83646
0.541719
-0.331712
0.171644
-0.421561
0.916709
2.22017
-1.32738
2.13292
0.660554
0.156029
-7.15193
-0.73728
-1.06661
-2.196
-1.34929
0.656458
0.744415
-0.0700621
2.78025
3.63092
-0.578841
29.1516
-0.8111
-0.54493
-0.324134
1.5843
-40.6048
-1.00865
3.78449
-2.14502
0.194443
-0.101318
-2.84317
-9.78712
-0.392058
1.03693
1.54353
-0.678919
0.312755
-0.344043
1.96596
-1.5448
-0.795415
0.612623
-0.756719
4.17269
0.189333
-0.0708424
-0.074117
1.7348
-0.460383
0.838172
-0.573511
1.62695
1.03826
1.79987
-1.29928
3.95963
2.58004
-3.79237
-10.5005
0.523659
-27.9654
-2.8221
-0.209348
-0.219209
-1.13713
-14.4904
0.350775
0.138289
0.163994
0.135952
25.9451
-0.739143
0.775314
-2.56192
1.29254
0.123017
0.263948
8.57517
0.138219
-0.201914
-0.569491
-3.75419
-0.821783
1.78507
1.15602
-0.482532
-8.46681
-2.74168
-1.25839
-0.120183
-2.0157
-0.455505
-0.698304
0.701171
-0.863802
3.27749
0.262779
-2.85745
2.40924
-0.20256
-24.9222
0.0536994
-5.35319
0.0371777
-0.451504
-1.15419
0.987272
-0.482767
-0.131703
-1.43281
-0.647291
-1.05111
-0.177999
-4.1396
-13.5
0.443381
0.242045
-0.364522
0.643495
0.815133
0.0736525
2.35262
-1.59294
-1.1703
0.521136
-1.19755
-4.34834
0.0883396
0.578707
-0.243019
-1.51863
0.822196
-2.91134
2.76788
0.577399
1.51622
-1.85073
-4.02992
-0.210132
0.444245
0.0937134
-3.58382
0.236438
0.738037
-0.385039
-2.4536
-0.0132264
-1.36032
-6.29415
-0.15928
-0.837296
-0.77466
3.76132
0.255826
-0.159807
3.59123
3.12517
-0.076835
0.73947
-0.0124295
2.67328
-0.391019
6.18226
1.72466
0.264243
2.08098
-0.344149
-0.0771285
-6.71527
-0.222108
0.337807
-0.719326
0.855349
-10.8803
7.13909
0.130248
1.46564
0.748746
0.27288
47.8962
-3.49176
1.88092
-0.32654
0.158104
0.460421
0.550782
0.445388
-0.0636457
1.11856
1.15123
0.317438
0.214831
5.90382
0.110248
2.16465
-0.0839139
1.99638
1.06949
-0.272363
-0.82302
0.734256
1.62349
2.66754
0.855773
-0.592523
108.809
-0.0278501
-3.13767
-0.131042
-1.41072
3.01316
-1.55325
-8.79924
-1.46896
4.49228
-1.85399
0.235565
-0.308859
-0.554437
-0.173478
2.99612
0.726568
-0.292956
0.204318
0.770791
-0.421512
1.00351
1.71026
0.305461
2.14326
-0.409941
-3.65879
0.384503
0.15002
-0.640734
-0.352573
-3.47264
-1.61579
-2.09839
-1.04056
-0.0922078
1.94834
-0.225954
-2.29915
-1.19738
0.720207
0.775921
-0.71836
0.923877
-2.78073
-0.530229
-0.526065
1.08406
2.354
-1.46343
6.08239
0.961297
0.898495
1.45181
0.0894104
7.7401
-0.407712
0.173719
0.657629
0.697585
-0.014185
-9.65841
0.172627
0.516198
-3.2483
-0.43151
2.19432
4.40745
2.96391
-2.45226
-6.62426
0.251657
-1.24869
6.73732
-2.80982
0.703347
-0.98693
-0.0545917
0.822412
-0.334874
0.66857
-2.94642
-0.107661
0.321272
1.9895
-1.09118
-1.02796
-0.492154
1.17957
-0.773153
-20.2374
-0.833168
3.48162
-3.70406
1.52671
-0.534907
-0.928907
0.913094
3.72495
0.350269
1.34232
-0.556923
1.84176
-0.515478
-21.1163
-0.18891
2.34181
8.65028
-7.44452
-1.72128
0.120844
8.85324
-3.12987
0.503305
2.20405
1.20768
-6.51376
-0.822388
-6.06501
1.55997
-0.597344
0.672219
0.558341
0.564272
-58.3833
-0.215714
0.549836
-0.810423
-0.66747
0.0194765
-5.58456
4.4689
0.341701
-1.31058
-1.70399
2.34585
-0.467221
-0.0432234
-3.12059
-0.452103
-0.44683
0.250306
-3.40357
-1.76494
-0.375513
-0.280346
0.622936
-0.196209
-7.8088
0.584371
-0.241615
14.6726
3.58589
0.31258
0.707175
-6.8226
-0.110844
-4.31342
4.55602
1.67304
0.575753
-0.718296
1.71162
-2.08709
-0.0488296
3.0354
0.625751
-0.115382
1.49972
0.616126
-0.376497
-0.528945
-2.9533
-0.0492406
-0.712616
-0.0792956
5.4873
-0.494647
-3.85205
1.16207
2.82932
-0.196682
9.04114
0.303031
-3.57985
2.06835
1.69171
7.02269
1.78525
-0.680107
-0.988575
-0.461252
0.659763
1.03238
-0.157573
0.686109
-0.537155
1.15231
-0.16262
-0.409543
-0.723998
-0.398746
-2.98382
-0.997075
1.76683
0.850702
0.0238176
-1.13518
-4.72128
0.30075
1.58121
-2.03979
0.305533
-1.61461
1.48849
0.668996
-0.305257
1.68338
2.88979
-2.31931
1.4201
-1.50254
-0.354968
-0.279992
-0.515202
-1.38427
-2.61202
1.56543
0.349724
-0.194961
0.421038
1.94165
6.49483
-8.50175
3.42921
0.211905
4.49179
-0.595028
0.552451
0.100158
1.04549
0.952841
-1.30611
2.85991
-0.815438
0.49534
0.983151
-0.920649
-28.3797
-1.46084
0.430382
2.24864
-0.571312
-5.51766
0.252498
-2.76727
-0.23751
-0.408062
5.05917
-0.454654
-2.37385
0.783677
-0.974491
-1.07337
0.619553
-1.20413
-3.80837
-2.57817
-28.0828
-0.746436
-2292.89
-215.39
0.0765401
0.997059
-1.48721
2.38776
-3.96071
1.54533
-444.889
0.340745
-0.101555
-57.374
1.43649
1.63218
0.822509
-0.691353
1.05943
14.6432
-1.73201
-1.64763
-0.313191
1.18854
-1.24442
-0.116385
-0.759915
-1.03192
0.0480149
-0.116959
0.567038
-1.14412
1.51189
-31.8847
-1.93913
-0.456112
-1.35391
-0.889596
-0.0699293
0.746899
0.243512
-0.764898
0.971144
-1.7378
2.15314
-4.56619
0.549528
-0.773803
-0.0265414
-1.13528
1.35777
-4.95456
-0.0218431
-0.410746
-0.223356
-0.526331
1.56862
-0.414125
1.93596
-1.27345
0.918717
2.25938
-0.182219
1.88033
-0.261249
-0.656366
0.628423
2.28483
1.15682
0.16816
1.13959
0.809492
6.06364
-2.22137
-0.765073
-6.80317
-1.8704
0.0826675
0.494125
3.2038
-1.13025
-7.87164
0.425522
-0.328305
0.72919
-0.159387
17.204
0.429766
1.60657
0.287194
0.26005
0.0696129
0.720922
-0.0434177
0.909347
0.374539
2.30801
-1.11964
-3.94691
0.15378
-1.42157
2.37297
-16.8606
0.41602
0.704317
-3.34055
14.4804
-6.65367
1.43705
1.10617
0.0607493
1.94027
-1.03881
-6.79279
-0.532912
1.42844
0.58279
-0.530259
-0.961644
-2.86644
-0.0487081
-0.965295
-0.627616
-4.19305
-0.101854
-0.0813032
-97.0865
4.71938
-1.60346
-0.609662
-1.16515
-0.672741
-1.04294
-0.139976
1.20094
3.2463
-13.1993
-1.19734
1.00001
-0.628589
0.430042
0.26413
0.879886
-0.000311254
-2.18528
9.09948
-1.05711
-11.902
0.237789
-0.625233
-0.17132
-8.98806
-42.8768
17.0246
2.41963
1.93242
-1.46224
-20.8322
-0.791486
6.32104
0.731337
0.831521
-0.976531
2.31658
-0.493523
6.17944
0.440289
2.45084
2.06558
3.28298
-0.178439
0.331637
4.70711
0.374441
-2.11738
0.107926
-0.932793
-0.375395
1.36435
-1.3652
-2.44059
1.41324
-4.83165
0.0539403
-1.0582
-1.6403
-13.2881
0.162704
-1.12157
-14.0016
-0.144192
0.0865067
3.70825
1.10369
2.82008
0.0238834
-0.0647974
-0.295663
0.600005
0.0311406
-0.0788468
-0.831728
1.05589
-14.1142
3.2919
-5.44966
-4.76081
-0.00019085
-6.22179
-0.381145
0.361059
0.597935
-0.835513
-1.01243
1.94473
1.21665
0.0521644
-0.784269
0.845275
-0.474275
-5.25814
0.369151
-0.842012
-1.66225
0.206773
-0.52974
-1.07595
0.621347
6.12381
1.461
-4.78602
4.53172
1.36434
-7.55763
4.27998
0.0622062
-0.948505
0.516498
0.431496
1.95139
-1.0918
-0.804323
-0.94757
-2.36742
-0.00374376
-7.05905
-1.17588
0.599335
0.379545
9.18966
-0.0135345
0.898202
3.06901
-0.506118
-0.622729
3.96714
-1.49344
1.82172
24.2887
-0.191621
-0.561768
-4.02067
0.641016
0.487207
-0.76019
0.627985
-3.93582
1.61289
-2.36716
4.85429
-0.180439
-0.221035
5.56623
0.219465
-2.21369
-3.64751
-0.0247164
-0.195944
-0.512707
-0.498363
2.30586
-4.04613
-18.845
-0.59144
-2.16299
-0.860075
0.582663
-1.48068
-8.02736
0.935981
-3.4067
0.926951
-0.529936
0.517925
1.29512
-0.108854
0.0386846
-4.3116
-0.705024
-10.0941
-1.09072
1.21574
0.340729
-0.181301
0.62146
4.91476
-1.32495
0.752918
-0.0988337
-0.0915402
0.839252
-1.22692
-0.338581
0.562175
3.07444
74.3867
-0.0424575
0.644365
-0.211436
0.246903
-0.372365
2.91715
2.48482
0.0098907
0.636921
0.195711
1.77831
-1.777
-0.859344
0.0637339
-0.303345
1.15198
-0.662281
-1.38051
-18.0193
1.94168
-1.54135
0.0280686
0.838154
5.51529
3.26758
6.32505
-0.455685
-22.3036
-0.11941
1.13019
0.604435
1.87242
3.29532
0.764789
-2.14723
0.485843
-1.48238
-0.227394
0.357848
0.329165
6.94093
-10.3726
-0.843526
1.50718
-0.102013
-2.08087
-0.4981
6.63957
1.1307
-0.256369
-10
-0.996266
-1.39393
-1.48303
2.44356
-9.0072
1.55892
-0.189724
0.213462
-1.58688
22.8677
-1.51952
6.80852
-0.25087
-0.797329
0.529941
2.40429
0.456559
-1.77511
-0.782334
-0.0590295
0.37072
0.255674
0.352122
-0.0261241
2.21764
-0.0162246
0.706275
-0.241631
-3.50389
0.423877
-1.05393
-0.32136
-1.1504
-4.02036
-1.81434
-0.31127
-0.607659
0.131904
-0.840719
-1.227
-0.388246
-1.70996
-4.06136
1.53936
8.2958
2.52086
-2.64853
-0.726197
-1.57104
-1.13458
-0.159052
-4.11288
-0.155247
0.635628
1.53733
1.11649
3.64248
-0.536629
1.20881
-5.80172
-1.14675
0.822246
0.546886
0.206955
-2.2606
-0.677283
0.136358
-2.32271
-0.237688
-20.8844
0.348683
0.667138
-0.805885
-0.955148
0.0659699
-0.472491
0.820895
0.0147445
1.99637
-0.135445
4.83076
-0.541565
1.11306
-0.967075
1.48963
-42.3822
-0.5929
-0.518483
-1.43431
-0.762323
-0.167333
-0.449497
-0.141862
-2.29516
1.0902
-1.00954
-0.512897
3.62111
-1.44359
-0.130498
0.751159
0.255864
-0.176601
-0.757752
0.00846065
-0.171348
4.95052
-0.12216
-0.348996
-0.0256912
-0.103797
-0.304415
-1.33108
0.715623
-0.0798471
0.00217163
-0.110677
2.2039
0.584531
0.173339
1.11023
-0.972353
-1.31856
-0.31219
15.5067
3.57955
3.60409
-0.385618
-25.273
0.793462
0.510049
1.53753
-2.34148
-0.826865
1.07852
-0.578083
1.30013
3.20117
-0.274781
0.926081
0.470931
-0.328946
1.68435
0.638446
0.0517623
-0.56838
-0.571358
0.715017
-0.407444
-8.50076
-0.246532
17.1465
-0.195439
0.958752
-0.228109
-4.89504
1.53241
-6.94052
-1.54259
-0.523196
-1.48146
0.00551679
-1.07587
-11.0933
-0.254869
0.616804
0.310068
0.650272
-0.230432
5.11651
5.93094
0.686768
0.570606
-0.0668737
-0.791733
0.21293
-1.94126
-2.73102
-0.209918
-0.446967
0.598732
0.91354
244.172
1.03253
-0.411002
-0.0563132
-1.98826
0.801272
-6.80219
0.542205
-3.94663
0.0844178
0.0521151
-3.63713
-0.681399
0.51117
0.222401
-1.81293
-1.60656
13.2212
1.52443
-0.752974
0.165453
-5.46603
3.23009
3.31487
0.492842
-1.41857
0.4906
-5.11048
0.430356
-0.56224
-0.231598
0.125623
2.60479
2.28773
-0.203633
0.468962
-0.904694
0.0480825
0.588608
0.0439275
0.114976
-1.36704
-0.690758
-1.28163
0.46698
-1.06782
0.579265
1.26283
-3.46426
-0.55612
-0.768136
0.256121
-0.714192
-0.532999
1.31317
1.0984
4.26106
-0.118719
-1.04221
-2.09067
0.472943
2.33916
-0.686552
-0.485289
-0.190931
0.275242
-1.29447
0.730094
-2.01823
-0.229116
-9.2393
0.980213
-1.5321
0.932866
-2.74256
-0.415591
9.92597
0.239611
-3.76819
0.333385
-0.17451
0.770183
-1.92167
1.67589
-1.02263
0.219272
0.381331
1.24619
2.83236
1.09171
-0.631935
-0.475044
1.32139
-1.14563
-9.60567
-0.393559
-1.19396
3.47963
1.14294
10.5848
0.388045
4.51334
2.1861
2.08733
2.62952
-2.41846
0.926396
0.0488172
0.704006
1.57637
12.7223
-0.0278728
-3.51147
0.821314
2.65138
-1.40647
-1.1276
-1.47403
-0.159851
1.92358
-0.517032
0.17382
1.06065
-0.853745
-0.287084
0.616335
0.626355
-4.51731
1.48932
-2.1656
-2.0352
0.762651
-0.442792
-0.270278
2.08995
10.4042
0.148222
1.37602
0.957159
0.292838
0.809625
0.444202
-2.12384
0.0723945
1.58827
-2.00311
0.357975
1.2682
0.405629
-1.11154
-1.53111
-1.05274
-1.20619
0.85722
-0.771992
3.18608
1.95773
5.96094
1.56838
-2.58223
-1.53921
-0.128732
-0.0679278
2.98907
0.917202
-0.750894
2.80746
-0.557494
-1.24572
1.64129
-0.417627
-9.44928
-0.278515
-1.2055
-1.44366
1.49326
0.515715
5.75389
0.90911
0.371601
4.26572
0.376944
0.455465
0.637804
-0.319885
1.38656
1.33525
15.7762
-1.47255
-2.06288
0.0212015
-0.169376
0.282864
0.526299
4.1496
0.509359
3.58746
1.28598
1.26318
-2.45397
-0.230899
-0.44395
13.3834
-3.24337
1.28413
-0.561338
-3.56709
2.58016
-4.7273
1.68428
1.63804
0.670977
-0.70684
0.537874
0.961523
-4.20827
-0.418707
7.6523
0.209611
0.408022
0.224572
-3.77805
-4.05181
-1.39741
8.33685
1.83467
-1.0466
-1.08846
0.084748
-0.24552
0.655497
-0.272761
1.96761
-0.0159175
2.13534
-4.60348
1.03074
-1.12034
10.4914
0.126317
-0.604857
-0.164002
0.6201
-0.977241
26.5623
1.40134
1.97627
-5.09877
0.34108
2.24376
0.0919583
-0.418397
-1.66071
-3.52052
1.38723
0.909292
2.16156
-0.70957
-3.01262
1.03674
0.447439
-1.31803
32.1731
0.0672366
-1.52935
-0.67222
0.441358
-0.349562
0.194461
0.118065
-0.423144
-0.96359
1.27393
-2.61788
0.33274
-2.16387
0.317056
0.0689792
-4.1868
-0.724261
0.801997
-0.535987
-0.217492
0.384859
2.02056
-1.11948
-0.438236
0.528027
3.82612
-0.377127
-3.04095
-0.20921
-2.78364
0.0542043
3.49204
0.0263356
-0.52158
-0.346528
16.2164
0.502916
-0.387398
-2.89084
0.928005
-5.86743
-1.05176
-2.53953
4.70733
-1.02404
-0.502265
-0.269773
1.06677
0.0437904
-0.247643
1.78106
19.5354
-0.363173
-0.230383
-20.9686
-1.32037
1.41291
1.53798
-0.140001
-0.0102272
0.190712
-0.207783
0.620282
0.261026
-80.8287
4.18312
0.182819
4.34673
-0.247145
-6.93758
1.29828
-0.812294
3.32649
-0.813522
0.297044
0.869471
-1.50395
-1.58268
0.0519078
-14.6107
-0.747094
-0.959326
0.853676
8.95789
0.213166
0.309861
-0.0105796
0.453658
-0.698314
1.35421
5.90599
0.483809
-6.74283
2.5196
-1.19839
1.11336
-0.966306
3.20666
5.50855
0.138716
-4.43113
3.43426
-1.65283
-1.41536
0.48536
0.710843
8.16543
0.680897
-11.9377
0.878743
1.19334
-0.440418
0.604593
-6.69056
-0.214324
-0.771493
-0.196826
0.0688798
2.2744
2.17034
0.302486
0.665878
-0.134432
-2.04937
0.449164
-3.44888
2.28822
-1.77518
-0.168703
0.570719
-0.260893
-2.65957
-0.513314
2.87117
-1.12109
-1.65405
-0.474596
2.43882
9.05009
-0.708723
-1.55364
-0.829121
1.12337
-0.273205
-0.233266
-1.48364
-0.410138
-7.34918
0.536987
-5.01127
-0.0845353
1.43782
-0.157157
-0.180441
4.64944
0.794688
0.818928
-4.67628
-1.57198
-0.865275
-0.865913
-0.912546
-0.684452
1.18919
5.2082
0.506699
8.44533
-0.782886
-0.573162
-0.971713
-1.08053
-1.67138
-0.186038
0.13337
0.169576
0.657307
-1.67661
0.614146
0.827439
-0.14243
0.256892
0.47078
-0.873008
1.08676
-5.19332
-1.12946
3.35389
0.988358
1.52827
0.161561
3.77407
2.38158
1.14678
14.396
-0.199904
0.380062
1.98925
2.77723
5.13659
-1.37428
-0.10389
1.11505
-0.101722
0.226778
-2.50807
-0.435092
1.17792
-0.0326642
-1.49449
3.4504
8.0001
2.17801
26.1922
1.10112
0.997576
3.21799
-4.82674
-18.7427
1.66307
0.36526
0.550077
1.35824
-3.23695
-4.54486
-0.273135
-2.46636
-0.0201769
-1.27083
0.770489
2.11459
1.57975
0.69177
-1.33073
-0.571932
-2.42021
-1.2353
-0.502099
-0.483218
4.57915
3.08837
-14.746
-0.779912
-0.612833
0.384366
-1.50699
-1.28138
-0.852284
0.36708
0.420335
0.69109
-0.212996
0.428747
4.7297
1.05773
0.880158
4.36344
-0.138784
-1.92776
0.831164
0.57832
3.81497
6.90048
1.42854
0.175475
36.4183
-0.437883
1.04608
-1.09156
0.0121683
-0.529238
1.80795
1.42296
1.71852
0.179541
61.8608
6.42961
-0.0195411
1.70105
3.04415
0.518642
0.00848703
0.796571
-1.21393
1.31083
0.425889
0.530538
-0.823187
0.771996
0.110188
-12.6226
3.92244
-4.30135
0.841353
-0.0211474
-10.5867
1.34895
-1.25435
-0.710732
2.13331
-0.487328
0.921463
1.58413
-0.694856
-6.37327
0.0112982
4.84779
-2.02066
1.54306
-2.84129
-10.9544
0.321463
-1.5726
-2.4101
-0.870091
8.64261
-1.60053
-7.75386
6.81221
1.30021
0.584957
0.134897
1.89197
1.21717
-0.145389
-2.2197
0.453842
3.42768
-1.41535
0.584058
-1.98749
-0.655932
-0.739473
0.677437
-1.2519
40.8408
0.573971
0.0350481
-10.612
1.50009
0.623382
-0.479444
2.44832
11.9043
0.271134
0.675711
16.1992
-0.620936
-4.43264
-0.315517
0.931316
0.830838
-0.134929
0.954585
1.18983
0.0752374
-1.74697
1.03723
-0.169173
-0.222685
-1.51533
0.0630836
-4.73859
-0.339764
-0.372434
-0.739089
-3.12308
-0.124989
-1.51311
0.150488
0.0114153
0.21645
-0.941047
-0.555498
2.47104
-0.411333
-1.75604
-1.00888
-3.42029
0.0191729
1.43519
-2.13133
-0.0478055
-0.0825036
-2.95683
-1.9724
-1.08924
2.34392
1.01034
-0.0766697
-2.69616
-0.391594
-3.98966
1.23818
11.503
-0.512933
-0.429078
0.97923
-0.814232
-0.208826
-7.64865
3.27216
0.0886035
-11.7173
-0.874498
4.3297
-0.385707
-0.00614712
0.507811
1.57943
-1.14219
-38.8731
-0.642755
1.10643
-1.16609
0.416634
0.258399
-1.74011
-0.519642
-0.566713
-0.893796
-5.63664
-0.698509
0.110609
0.398277
-0.709253
-1.82178
0.140377
-0.156854
0.186608
1.43964
-1.0451
-6.3557
0.393096
-43.7915
-1.66788
-4.08738
-1.52666
0.518413
-0.336311
0.141391
-0.0136691
0.538589
-0.246022
-0.331448
-0.2845
-2.46568
1.83259
7.54961
-0.0662341
0.646615
1.63671
-5.08306
0.312048
0.690981
1.15249
2.78375
-1.03394
5.81841
-1.45196
0.0547902
1.45636
1.76501
-0.118472
21.8321
-0.462069
0.237071
-0.0234097
-0.580185
-2.24807
0.210149
9.30332
-0.627999
0.189746
-5.52473
-0.623067
0.581584
17.0268
-0.218018
-0.0333178
-2.03785
-1.28609
-0.8847
0.239238
-19.354
2.60971
0.311465
-1.92728
0.0746663
-3.4044
-0.536137
0.446626
0.354801
-0.0783073
-0.161049
1.03207
-1.07653
-2.92682
-0.465655
6.55776
0.288904
4.3318
19.1715
2.03953
-0.192784
0.391424
1.77466
-1.32726
-0.939163
5.88307
2.27583
7.12598
-1.25606
-0.595976
2.3583
-0.34971
-0.981231
0.407089
1.42294
4.28411
-0.808908
-1.93818
1.03163
-1.35053
0.214629
4.22135
-0.592107
3.12369
0.179044
0.0879858
0.142354
1.12851
1.91902
-0.323033
1.00847
1.70658
-1.33453
0.91214
8.54814
0.059554
-1.26526
1.14069
-0.428981
0.491058
-0.671537
-0.64406
0.155284
-1.11516
-0.745712
0.170116
0.0914039
0.0102784
7.76983
0.240529
0.682601
0.528637
3.77304
0.103468
-0.497044
-10.8707
2.43728
-1.41738
0.559156
-12.721
-4.10046
45.0056
-0.471538
0.288628
-0.10869
0.227461
-0.656627
0.990415
0.23305
10.1657
-0.915394
0.661019
-1.8432
-3.03854
-0.0653833
-3.89498
0.719268
-0.175597
0.0160165
-0.51599
0.345023
2.32849
0.0283714
-1.72148
6.03371
-0.251957
-4.30351
-8.62495
-1.08436
-0.048326
0.734817
-3.65468
0.72195
-4.52211
-1.02142
-76.0818
-2.08418
0.118696
0.199662
0.254388
-1.28989
1.33165
1.54469
-0.620919
-2.32576
-1.15195
-4.67528
-1.76962
-2.348
13.4863
-0.992574
1.83729
-2.60925
5.13811
-1.55587
3.5666
-49.7439
-0.495426
-2.9278
-1.27412
1.24304
-0.866389
9.81454
1.89789
-10.0563
0.372246
1.00651
1.68868
0.307031
6.92638
0.214944
-2.36419
-0.536352
0.21935
-1.33461
-25.7805
4.22704
-0.670849
-0.646954
-0.0446333
3.6596
0.0097142
-0.099452
-4.49195
-2.24596
0.34904
-3.79518
-1.39043
-37.7352
0.951114
-0.283986
-6.86389
2.03889
-0.381559
0.816637
1.36607
0.659591
-0.688068
0.798851
1.88138
1.62014
-1.24172
-0.693566
-1.05786
1.19639
0.433191
2.18297
-1.32606
1.69749
0.910471
-0.0501896
0.598188
-5.26945
0.719095
0.297382
0.228719
-0.765586
0.618401
1.33314
-1.59533
-1.92881
1.36088
-0.0494301
-1.03532
-1.94313
1.30732
0.2398
3.79336
4.68206
121.251
0.888733
-0.191217
0.0351077
9.07809
-0.616747
2.37055
2.03048
4.41766
-1.01756
1.74252
0.147356
0.328899
57.7901
-2.11412
0.736079
-3.67288
-0.0310584
-13.9627
1.41006
-0.0804816
6.93079
-2.20321
1.93225
1.50382
-0.258012
4.50182
-283.152
0.264041
0.774603
-0.457832
-10.5245
0.0981366
-6.85353
0.533724
2.8419
-0.848726
0.715165
0.0694855
-2.99196
-1.01443
18.7418
-0.04604
0.422068
6.64486
0.487298
0.316745
-6.10895
-0.179501
-0.671673
2.30319
-0.424812
3.69484
-3.11864
-0.568534
2.06739
0.224768
3.14047
-6.91396
0.735104
0.587339
1.384
-36.4475
0.0108769
49.2548
-3.02213
0.557831
-0.100095
1.85798
0.119329
0.978529
0.384753
-5.78186
-0.250437
-0.84794
-0.0394276
-1.04679
-4.62575
1.87231
1.20242
-2.75462
-0.0548414
3.31967
-0.16636
-4.41566
0.174489
-0.169439
0.47014
2.84193
-4.00171
5.86358
6.53965
-0.855543
1.09651
1.27006
-0.33873
-0.664411
0.901936
0.638363
0.162188
-1.59852
-67.2444
0.9762
-2.25174
42.5207
0.293556
-0.253709
-77.4896
-4.62725
-0.0610888
3.39006
2.26708
-1.90806
1.9554
1.38454
1.52577
-1.05108
-0.539102
0.110306
3.97265
-0.637098
-0.578301
-1.44526
-0.442393
-1.78079
-0.933524
2.13176
-0.0784641
-0.954499
-22.8305
-0.465892
0.497141
1.54396
1.96651
-20.2233
1.58596
604.709
0.134419
-0.0153475
0.726278
-1.90331
0.710535
0.00546397
4.24228
-0.224397
12.0632
0.185205
0.0682926
0.153617
-2.98948
0.421498
-0.130107
3.99958
8.98566
0.115959
-3.58895
0.437321
10.8976
0.327432
-0.32408
1.44289
0.960626
0.301111
0.603254
0.102558
-0.0523116
-4.58211
1.2627
-5.14279
-2.99017
-0.345915
0.0474003
0.342276
-0.263758
1.24804
8.61941
0.096189
0.228547
5.22051
-2.2208
-17.6959
-6.29956
1.85893
-12.3173
-1.03406
1.02849
-2.99275
-0.137736
-0.927144
0.504378
-0.311752
2.00978
3.75717
0.3002
1.13089
-25.6994
0.172459
0.187501
-1.13794
-0.79383
0.315473
-18.4666
23.9561
-1.76956
-0.305844
1.35708
-0.109051
0.400645
0.347956
-2.92569
1.56779
-0.544838
-1.50451
6.13199
-3.04617
0.348529
-0.381734
-0.194051
1.09054
1.46652
-0.223309
5.94025
-0.662955
0.421773
0.54157
2.78081
-0.0206381
-0.307467
1.36703
-3.4304
0.00174904
0.507564
-0.0610822
-0.0112238
-0.107756
-4.04976
-1.53531
-0.836399
-1.30608
2.379
-4.11293
0.0593186
-0.0357974
2.53167
-1.31136
-2.77754
-0.354661
1.38682
-1.39083
-3.94899
0.800405
-0.61908
0.219015
-21.4393
-0.0905046
0.630953
0.938243
-5.26724
0.880339
0.600718
-2.89541
-3.69018
-0.0196492
3.64483
0.671881
-1.83583
-0.353093
4.60208
-1.12737
0.724814
-0.437389
-1.5872
-1.24764
-2.33167
3.33095
1.48921
-0.112529
-0.267025
0.401593
-0.193497
0.517567
-0.606096
-1.06953
10.1346
-1.43956
2.32306
-0.384989
-2.0955
-0.25384
0.763313
-0.314473
-0.831856
-0.0564575
0.730531
-0.202098
-1.61883
0.279601
-0.423929
-0.210788
1.10192
1.20251
0.655741
-6.52392
-3.00899
0.444286
0.532466
2.9836
-2.48939
0.713051
-0.439648
-10.7087
-0.296133
-0.777187
0.295792
0.599832
0.126248
0.649127
0.147602
-34.1742
-0.747874
1.35038
-0.488515
-0.190958
0.898875
-0.492395
4.8756
-1.02106
0.469839
1.94238
67.3243
1.41213
0.616363
0.115935
-0.746115
-0.106613
-0.36092
0.4262
-0.295462
-0.80837
0.559177
0.439554
-1.99286
-1.67884
0.685046
1.90634
-2.90505
0.181494
1.17804
1.58861
-37.3642
0.606693
0.0132044
-0.0761145
1.61709
-0.952743
1.54137
1.68421
1.63929
0.624333
-0.352096
-103.297
0.0440524
-0.365668
-2.81051
-0.0582754
9.26335
0.525283
0.0349347
-0.23131
0.386784
16.7769
-0.223416
-2.5367
0.823757
-0.084833
0.372346
25.8454
2.64275
-171.386
0.201439
-3.45061
1.92169
1.30286
-2.82026
0.438012
-0.921624
0.713538
0.544132
8.27203
-1.58687
0.107745
2.50468
0.39072
0.259059
0.237296
0.882421
3.5177
0.73062
-0.0923164
0.543166
-0.681612
3.59889
-13.4402
-1.60653
1.23728
5.17526
-0.465936
-0.708522
-1.51347
0.296885
-1.17411
-1.15577
0.86668
0.970241
-0.252772
-0.813
-0.177098
1.72841
-0.317452
0.462474
-10.9597
1.66132
7.56543
-3.24677
-2.55489
6.11829
1.12886
2.62286
1.03718
0.189195
5.01084
-1.30682
0.355212
7.62917
0.132746
-0.465812
-1.64111
0.72191
7.0118
-0.45569
0.855533
-0.752819
-0.730905
3.33672
0.126447
0.801172
0.440011
1.98625
4.00143
-10.115
0.479835
-2.37746
1.53268
-0.313525
1.24917
-0.0473072
-1.12738
1.42612
0.395483
0.461494
-2.16773
-0.315628
2.82295
0.480391
0.338527
-1.20654
0.65626
-0.226806
-0.2222
-3.56452
-0.574055
0.999648
1.86336
-2.41585
-3.29039
-14.8424
-0.0848301
-2.71078
0.706066
-4.64422
-2.92968
0.589169
0.27022
-4.63418
3.27984
0.463689
10.7766
0.174377
-4.64236
0.02153
4.01485
-0.286775
-1.3575
3.80338
8.79372
4.82265
-0.777994
3.09458
-0.0440518
-0.198747
-0.155889
0.240862
-0.410406
2.20948
-126.588
1.75514
-0.301733
1.49344
5.12399
-0.248094
-3.18105
-0.509781
0.513831
-0.00660836
-90.8497
-0.370867
15.0093
-1.4991
-3.57002
-1.41545
1.81915
0.758255
-1.13429
-1.4312
-1.40045
3.81958
2.36446
-0.354539
-11.1123
-41.009
0.619573
-30.3473
0.227614
-1.14212
-1.79077
2.13915
-0.740749
-0.981236
-0.75419
17.9153
3.16197
1.56353
-0.456004
20.5021
1.46439
-0.0643221
-0.164858
-1.03662
-2.52994
12.7712
2.80313
0.806852
-1.32212
2.65196
-1.87047
-0.517728
1.51929
3.53129
-7.88085
7.5368
-3.47292
0.257984
-0.181673
0.434321
1.00601
5.26325
7.09451
-1.8928
32.5997
0.45204
0.317409
-0.276539
0.869427
-0.0109162
0.822766
1.23843
1.13009
0.783573
1.82442
-2.57448
-2.2593
-4.73543
8.08613
0.280767
-1.00258
-0.832945
-0.424897
48.8161
1.2605
6.09698
0.0930606
21.1687
-4.88182
-5.4828
-2.33377
-0.896576
-0.904266
0.656474
0.989771
-1.93441
-1.51072
3.84131
0.563129
13.4183
1.18665
1.19873
0.165036
0.770148
-0.327481
70.582
0.094797
0.860884
2.17475
-5.40093
-0.309453
3.01735
-3.33564
-1.33425
-0.729875
21.9209
0.952497
0.907487
-0.722615
-0.14173
-1.65392
1.36078
2.65019
-0.538097
3.47452
1.39863
-0.393843
-1.54734
0.4458
2.37044
-0.955607
-0.272202
1.14863
86.9172
0.774446
-0.152404
-0.460007
-5.62089
1.27876
1.24689
0.0879133
336.447
0.460189
0.0720471
-2.09395
1.25134
-0.00305394
-0.086745
-0.626289
-10.8785
1.27434
0.59734
-0.170144
1.00245
-0.928192
-10.4025
0.763207
-0.728119
-1.15401
0.506212
0.560584
-2.03281
0.626858
-0.574897
3.46449
-2.09968
0.358607
15.1354
0.400583
-0.296692
1.0104
0.324162
-5.64946
1.65455
-1.12856
108.532
9.18629
-4.3221
1.03558
-7.42973
0.149955
-0.701165
1.35183
-0.306807
1.32277
-0.905596
0.986321
2.82868
-2.45749
-1.59694
-0.13311
-0.383939
-0.968749
-1.27089
-4.98369
-0.973245
0.955482
-0.756223
-1.67159
-8.97606
-0.644806
2.36659
1.41478
-0.0100919
-0.222034
-0.571676
1.70777
-2.87614
1.42841
0.214431
2.04866
-0.140207
-0.152571
0.67971
0.840611
0.0220717
7.08834
-4.78171
-0.970664
1.94123
1.32241
1.24104
2.21209
-1.24508
-1.02646
-1.19953
2.73534
1.12558
1.40855
1.58978
0.227322
0.359076
-7.29913
0.940963
-0.278441
-3.59981
-6.85196
0.535832
-1.97295
-1.50645
0.83335
-2.09934
-5.07532
8.08877
9.45916
-1.62466
-3.64196
13.4998
-0.578306
-0.494828
0.147819
-0.029253
1.05955
-1.5413
-0.92131
1.02471
0.545709
0.924567
0.584547
1.17112
-90.4782
-0.498763
1.49189
-0.465543
-0.0387693
0.269635
-0.303172
-0.45429
-4.56369
-0.831587
-17.4438
-2.26955
-0.451389
-0.490098
-0.803184
-1.37226
-4.77587
-2.90939
-0.352568
-0.0176752
0.768673
-3.99897
0.377836
0.828759
-1.36865
0.181702
-0.12927
-0.41005
-1.62588
-0.375941
1.90799
1.35855
1.19541
0.0815006
-2.52862
-49.7739
-0.0919195
0.823723
0.681313
0.50794
1.42358
0.24169
0.077734
-2.5501
-0.347906
-1.66273
5.68814
0.724679
-1.69719
4.61118
-0.665976
-0.272636
1.83786
-0.547469
170.719
0.890527
0.689449
0.415103
1.30104
-0.223793
0.905408
-0.360556
2.59715
-0.333349
55.6797
0.0228325
-1.87778
0.577461
-0.474473
-0.655468
-0.24626
-0.483889
-3.85431
2.16706
-1.30312
-8.88526
0.0255027
-3.96367
0.109948
5.4168
1.41296
-1.00017
-1.57091
-1.20147
6.40467
7.24655
-6.65631
-0.604991
6.84009
-3.52939
-1.06277
0.493823
-0.907174
-21.5444
0.124274
0.558087
0.373296
-0.794921
-6.27828
-1.59445
2.16912
-1.95484
0.412161
0.338091
0.413363
17.3993
-0.582326
0.420469
-2.2791
0.299445
2.43156
-10.2792
0.0618306
-3.0471
1.45746
-0.207332
-3.88874
-1.81827
-2.16368
0.216659
-2.57242
-3.25165
-2.82005
1.07578
0.183646
3.1474
-0.490178
1.27018
-2.61077
0.95205
-0.952207
-0.464153
-1.2333
-15.8605
-1.09912
0.546079
-0.119123
-0.308559
-1.18549
-0.524445
0.801555
-1.58953
-4.72529
5.03772
-4.63555
0.167906
0.442369
152.334
-0.529872
-0.121507
1.61537
1.09444
0.00076879
0.919715
-0.87213
-0.490543
-0.956365
-0.691834
-0.628018
0.96551
0.634576
-0.0454946
-1.1265
-0.98449
0.978453
1.28967
0.396168
-1.20762
-0.654045
2.12265
0.647579
4.0667
0.630434
0.184088
-2.30425
-0.57383
1.7318
0.167586
-1.7102
-2.94636
-5.05374
0.507834
5.24824
1.34687
2.49702
0.184985
-2349.08
2.77665
262.044
-1.10161
1.01298
-11.8274
-2.58506
-0.0892023
3.71477
-0.758193
1.486
-3.05171
0.0586312
0.0978332
-24.8422
-0.0499897
-0.0950262
0.45944
24.453
-0.269117
-0.479034
-24.7727
0.0889814
-6.04324
1.3152
-0.00395387
1.09191
5.66342
0.510853
1.18126
-0.816406
-3.15496
-0.511294
12.1298
0.603434
-0.0959846
-0.529444
-0.0253916
0.234043
-0.364329
-4.59939
-0.0398142
-2.18678
0.817214
-0.198479
-0.570678
3.2006
-0.00707545
1.95717
-0.705565
-0.502992
0.0395171
-0.540506
2.82124
-2.13183
-0.302071
1.88576
-1.09307
-3.32506
-0.735977
-0.200529
-7.7055
-0.805276
-0.165708
-2.45375
1.60823
1.59156
0.0344042
-0.17828
-0.816539
13.1698
1.56256
-0.376018
0.0318547
0.0748922
0.105015
-0.0263673
0.560175
-0.806976
-0.316071
-1.22584
13.705
-4.20854
-1.53482
0.789882
0.342989
-2.16831
-6.49635
-7.20077
3.01088
0.260946
1.87302
-7.97846
-0.0431872
1.44882
1.82231
-0.31209
5.39989
-1.69462
-0.321814
-0.02524
1.74475
-0.99868
-1.66793
-0.103064
1.25851
6.00766
-1.27495
0.669344
-0.137233
1.66014
0.742812
1.30351
-0.511699
0.0517303
-1.00142
0.195943
0.645752
5.27043
-0.211121
-1.10695
-0.849885
-0.672594
-0.0188102
-0.559639
-1.11553
-0.208833
-0.969784
0.532038
-27.4467
-0.781158
-0.148407
0.647662
13.1387
-0.797624
-0.34361
0.285897
0.0752315
-9.94673
-0.0335863
0.534162
-9.84577
-12.3038
-1.91534
-0.421538
2.54018
-1.33068
-0.654591
0.21303
-0.681314
0.460055
-0.936534
-0.182901
0.030261
-0.121172
0.657942
-1.60384
0.430753
-1.17488
-6.22098
-0.331995
35.3586
-0.349922
2.52214
1.43229
-2.93743
0.564338
-0.154843
-0.739459
0.78308
3.52169
-2.57117
1.63669
-0.420544
0.45486
0.0678803
-1.56855
0.404193
0.223737
-0.0866839
1.47958
0.629287
10.4204
8.51636
-0.918591
0.684904
0.889253
-0.861188
-2.01179
0.30384
-7.50914
0.401613
-0.167527
-0.235525
-0.899997
-0.646645
-0.79177
-0.138562
-2.10032
0.249499
1.69944
-4.1547
-0.0732869
-0.127563
-7.26776
-0.912071
-2.21168
2.69216
1.02459
1.07448
-0.660232
-0.331513
-0.757707
4.08041
0.219676
-0.0708858
0.187601
4.24414
0.519707
0.249026
-0.76265
-0.795261
-0.357234
-4.19696
0.884203
12.2411
-0.595333
-1.00479
-0.243998
-0.132993
2.94979
-0.669971
-0.498747
124.106
75.3553
0.867021
0.486443
-0.937384
-1.52154
-0.15534
4.20253
2.36332
-0.266006
2.02154
-2.09697
0.468391
-0.146899
-0.809164
-0.0589633
2.115
1.2216
0.220298
1.24744
-2.50915
1.02917
4.60343
0.589111
-2.24947
1.64695
-0.594032
1.5696
-1.73488
0.0720111
-0.757682
-27.742
-0.338561
-2.34742
2.46002
7.53283
-0.0389266
-3.01565
2.50062
2.2435
2.54994
1.14235
0.260919
0.0375983
36.5889
1.23451
0.803778
1.52568
0.539922
1.17215
-1.26598
0.0828016
-2.68505
-0.163182
2.08024
-2.23253
-1.47825
-1.81558
0.331472
-45.4217
1.3166
1.33476
1.81298
1.54083
0.206364
-0.659319
-2.02601
-0.881749
-0.788915
-0.567457
-1.81171
-1.3882
0.922095
-0.160364
0.316237
-1.45569
-0.305343
2.32197
0.161828
0.478959
-0.136446
-0.516852
7.13473
0.757122
0.206199
13.3203
-0.310573
9.50544
-0.434697
-0.515881
0.397758
-0.865996
-0.655754
-1.57909
-0.759321
-0.556583
12.2689
0.162399
-1.06611
-1.2005
0.678581
7.32071
87.6218
-1.57216
1.38874
0.35519
2.72527
2.84229
1.95789
-0.155542
2.3208
-0.626638
-0.889689
-2.64236
-0.461269
-0.721276
-3.99144
2.92459
1.27168
-4.06973
-1.31051
0.384874
-0.106925
0.606389
-1.67115
-2.79501
-2.02146
-1.17696
-9.3771
0.154859
-1.69927
0.533265
0.861382
-1.95793
0.759239
7.96895
5.30518
-13.7927
-0.00401356
-1.06041
0.706613
-1.2865
-1.46329
1.34731
-0.520614
-0.660102
3.11609
0.0594133
3.68838
-1.46617
0.645025
-2.90242
-2.50939
-2.37769
0.560265
-1.00773
-6.80788
-19.5019
4.71201
0.123808
1.53095
-0.87152
0.904215
3.68553
0.249645
0.819143
0.567125
3.18266
-0.568321
-0.989825
-12.344
-0.115587
-1.66252
0.226662
2.37014
-1.24082
-16.888
-0.277401
2.45177
-1.47047
0.673492
-1.87365
-8.18266
0.557461
-1.39823
1.71396
36.3437
-0.22559
0.921722
-2.51644
3.15748
4.12296
0.92893
2.1524
0.530262
0.242963
0.185113
0.292381
-1.00072
20.4442
129.838
-0.195899
0.0137323
1.11966
-0.324267
0.904968
1.39527
2.4975
10.7721
0.332149
0.0402665
-2.97374
-0.381044
1.23194
4.36162
-2.38185
-1.41137
-0.090063
-1.34262
0.472438
-2.80752
13.6048
-0.141402
0.241427
-1.28487
5.51065
-0.481626
0.433216
4.77151
-0.546179
-0.580921
-0.959357
325.941
0.971169
0.707693
-0.260901
-21.1555
17.3014
-0.541464
-0.000693927
-326.15
-1.82875
-1.55148
-0.795801
0.870125
0.537126
-0.295391
-10.9576
1.02181
0.695634
0.445135
-3.06646
-2.19792
1.20987
-0.451627
-7.25705
-1.07192
-0.668673
-0.336817
-2.55648
0.260371
0.79835
-0.873822
-0.379685
-0.282513
-0.263631
1.1613
0.0260113
-0.41023
-1.10285
0.199116
1.31634
-1.12238
0.79208
1.25542
-1.12257
2.60509
-0.461076
-0.280066
46.0064
1.42791
-0.668088
0.747174
1.51381
-11.8801
-0.227179
1.09166
2.03371
52.2937
-30.709
0.129416
-1.35397
-0.0811297
-1.81228
-0.181057
-0.98795
8.13429
-0.0503578
-0.304588
-0.24442
-0.469502
2.30324
0.940472
-0.402545
1.20342
-0.406618
-0.82756
-4.44311
-0.0454817
-0.339843
0.566602
-0.977462
-1.21387
0.723212
-0.548073
1.08872
-0.199714
-0.531727
3.32764
6.18952
-0.560452
1.17024
-0.0163822
0.645881
-18.7979
-0.418883
-0.774374
0.463596
-0.390523
-3.66744
-1.07208
-35.8635
0.954775
1.32901
-2.25474
-77.0291
2.75055
1.13519
-0.503183
0.666611
-25.9586
0.27101
0.35741
0.956861
0.44974
-0.709484
-0.873084
-0.772011
1.12592
-6.27939
0.764176
5.56378
-0.671356
2.51119
-0.856178
8.94326
-1.34396
1.86819
2.95461
9.0228
-0.0141019
-0.193352
1.19251
-0.251508
-1.78544
1.20873
-11.6292
-3.1982
0.0897061
3.97602
-1.04315
1.23122
-0.0306801
-20.7642
-0.390448
0.988694
0.052559
-0.68087
-1.07586
0.630102
0.166411
0.0253539
-6.71173
-1.28492
0.289033
-0.500779
-1.11679
-0.0979184
0.394308
-0.287197
-3.89763
-2.69346
54.4978
-0.187168
0.573184
0.661322
0.616148
-6.44993
-5.18994
0.40544
-0.180515
-5.5423
0.854857
2.59558
0.118785
-0.0890246
1.22691
-2.15486
-0.2514
-0.239758
-3.21072
4.30487
3.84868
-1.2744
2.08035
1.21546
2.6148
0.256753
0.868059
-0.0438729
-0.848469
1.73226
-18.0111
-0.673688
4.62308
2.74081
-0.467375
5.30003
2.85943
-2.39458
1.51928
-0.835935
0.600828
-0.899521
-1.2386
-0.776597
0.953267
-0.412531
-0.783004
-1.79141
-0.0945154
1.38803
1.53553
0.834946
-1.88303
-8.02335
14.4564
-4.89997
-0.636826
-0.760973
-0.16916
-0.0728885
-0.817669
-0.482235
-0.377108
-3.34828
4.72383
-0.52094
-1.25971
-0.390368
0.741658
5.42271
0.655228
58.5075
0.0806145
-5.23451
-5.86688
16.9977
-0.408675
-1.07104
-3.76602
1.5315
-9.3766
-3.52249
-0.370734
0.322066
-0.524832
2.17814
1.25262
-0.35726
1.11062
4.71277
-0.422706
1.56211
-0.508048
-0.738803
-12.4369
-0.623329
-2.83238
0.487634
5.27423
3.09905
0.271219
-1.39054
-15.9707
1.09191
-14.4812
1.3546
3.4927
-0.145185
-0.170248
0.414834
-2.88631
1.2252
0.443759
0.396864
0.366838
-0.670817
-3.0125
3.6794
0.314066
-0.415552
-2.25193
-0.299608
-0.318271
102.429
-2.07343
0.425084
-2.14436
-0.729017
0.626797
363.882
-0.00990111
-0.257642
-0.0032686
27.7743
0.124987
1.27815
1.26771
-30.5651
-0.452572
0.0402135
-3.96544
0.371749
-2.17552
5.04278
-7.33786
0.923981
1.44459
-0.392417
-0.419895
3.73917
1.90189
-3.25586
0.391164
-1.22432
0.358017
-1.06053
-0.164101
0.240298
96.1105
3.94426
-0.64241
1.22184
-0.511983
3.86716
-0.410129
0.618333
-15.3869
6.0146
-0.271894
0.326047
0.351281
-81.7127
-1.04618
1.17084
2.7873
-0.213542
0.376807
-1.09046
-0.333479
1.95206
-0.507104
7.24528
-9.3702
-3.11447
4.56648
19.0018
-1.77584
0.344081
-1.40931
-1.18719
-1.59007
4.11804
-1.35117
3.36983
-2.04476
-1.76908
-1.58579
-9.42165
-0.939427
0.27116
-0.786696
4.05414
-0.663411
-0.0142721
1.46052
0.535567
-2.10165
-0.54455
1.39883
7.14736
-0.291848
-1.14372
-0.161418
-2.22921
-0.150196
-1.16684
-0.117962
-0.569984
2.68898
0.000315709
-0.673632
-2.43186
-0.575456
-1.42316
1.11617
2.25377
1.19882
-2.5327
0.188389
0.45337
-0.682799
0.379619
2.05349
1.02727
0.505069
3.13953
5.3784
1.1291
2.39216
2.47557
3.2901
-0.0139927
2.21861
0.478483
-0.390357
7.91155
0.642133
-1.01095
-0.240375
-1.35666
-0.0970352
0.545383
-0.336956
3.92184
-0.113626
-1.9996
-1.57935
-0.400857
2.16605
-4.32142
-3.22189
0.0377473
20.4592
7.7748
-0.384973
-2.14433
-0.217355
-5.85122
1.6878
-3.51124
-0.15529
-1.47037
-14.4668
-4.71226
-4.35256
-1.80281
-0.654201
0.0284768
2.1112
-0.554144
6.28299
-0.0778754
-0.608997
0.190473
-0.945898
10.2139
0.893303
-1.63462
0.0659247
0.667294
0.282202
-0.205691
-2.49922
-5.29988
0.497969
-0.805651
-1.97291
-2.47028
-0.185014
-1.2541
1.02037
-5.39046
1.45643
0.816677
-1.32636
-0.0792569
1.49577
-0.550446
-2.59226
-0.561075
0.854186
-0.502607
-2.01316
-5.70507
-2.92195
-0.787866
-0.90034
13.9462
1.31104
-1.71767
0.633872
-0.0418176
33.887
-0.959489
-2.25683
-1.3072
-0.93669
-4.00014
-2.65265
-0.448536
2.42629
0.121132
-0.0515588
-2.83439
0.60702
-2.4362
1.89183
-1.07868
-0.21487
5.41455
0.63557
-1.92073
-0.195343
4.32347
-2.44713
-0.805338
1.87677
1.83993
0.142532
0.497015
0.494508
-2.84595
7.15386
-0.0703984
0.374664
-0.261007
1.29323
1.93403
0.818556
-8.39818
-6.98676
0.4804
6.79223
-0.0621037
-14.0854
0.595749
1.43063
1.32494
-1.02604
1.74695
1.66282
2.21687
-0.541806
-1.0225
-1.6968
-0.260683
9.45835
1.05932
1.17305
2.77862
-50.5605
-0.61913
-18.0807
0.854438
-0.417247
0.186866
0.215324
0.114254
4.63709e-06
0.0465865
-0.165203
1.20115
-3.11144
-1.21482
0.603175
-2.05604
0.614096
0.809729
-0.93306
3.41837
-0.239161
-3.60624
-0.605702
-0.937863
-0.379723
0.631438
-0.120713
0.446779
0.647798
0.090526
1.18798
10.2956
-1.23588
0.533441
-0.957813
-1.11282
0.785738
0.510977
22.835
0.146803
0.264341
-0.597233
-0.801037
2.23877
2.38506
-2.56845
0.775875
0.259546
-0.125607
1.26006
0.635164
-3.59064
-2.53578
0.601504
-0.0757803
1.88679
0.403405
-1.14729
-0.42781
-0.31683
-2.95809
0.601743
-0.0701845
-2.36857
-3.1292
-0.927673
1.09301
-2.36676
-1.1014
-1.95854
2.72869
94.9678
-11.0468
-1.41769
0.41102
-1.77605
3.63794
-0.918416
-0.0883396
-10.5038
2.03288
0.125735
0.32572
0.290559
-342.465
1.19914
0.83013
-0.278547
-4.2054
-3.46169
-0.405842
8.24423
0.980465
-0.921864
-118.211
-22.7692
-0.0955783
-0.316372
5.05478
-5.36716
-2.0625
-13.5609
-0.219577
-11.9662
1.85602
-0.913853
1.82915
0.010917
0.653751
0.0304376
-0.753901
-2.83097
2.42334
1.4405
1.28572
-2.65704
-2.90374
2.45812
20.265
0.133279
0.857098
-0.549378
-4.73095
-1.80058
0.478759
0.78147
-0.412826
-0.269026
-0.26602
0.565742
0.494706
1.17305
0.912332
0.0747133
0.209159
-6.96171
9.42976
0.47663
26.0608
0.641715
40.3592
0.16758
1.28898
5.15651
-0.00614376
-1.97279
0.345585
-2.18
-0.0854683
0.465703
-1.98962
-0.03585
-0.433215
-1.86824
0.292618
-0.0291966
-2.59922
-0.0188303
0.199323
-1.07787
0.0253169
0.499611
-1.18907
-2.21268
-0.87944
0.154625
-3.53049
-2.91349
1.32408
-0.452293
1.10067
1.09567
2.66047
0.855408
-0.532407
-1.10381
-0.296233
4.43345
-0.402474
1.79986
68.6242
17.0958
-0.231811
-0.786455
0.133474
1.3023
3.05621
4.1188
0.134338
-0.909063
-1.68687
4.19927
1.75513
0.579366
19.304
-1.48603
0.171381
0.424262
-3.3934
10.1747
-0.873927
0.444213
1.08682
0.84373
-142.816
0.600621
1.06548
-0.656365
-3.34203
2.66826
1.49061
0.321732
-0.0635122
-1.01573
0.496166
-7.31784
0.112096
-0.681206
0.959268
0.286426
-7.5943
-0.515914
1.26528
-0.554462
3.07666
-0.143312
-0.875411
-0.583911
-1.14879
0.130165
1.5283
2.37632
0.256278
-0.747494
14.8513
-0.381158
-0.385968
3.51944
-6.25431
-3.8374
-0.924458
-1.2188
-0.264781
-5.32925
3.84577
0.0514596
-0.279155
-0.283099
0.0110812
-3.96781
-0.146714
-0.99334
-1.86046
0.374227
13.4562
-4.6356
-0.589019
2.37365
-17.5566
0.0949785
1.15312
0.240401
2.92836
27.9194
-0.296463
0.31985
0.34183
0.738675
0.966749
-0.836345
-0.395871
4.13498
0.383747
-1.5643
8.58364
1.02445
12.581
-6.48646
-1.46265
-0.785871
0.508604
-15.7214
-0.0229935
0.412284
-0.0622962
0.925806
3.74855
-1.44219
-0.204685
0.460781
1.7767
0.366904
-1.20799
-0.303169
-57.385
0.231421
1.46442
-1.48793
-3.22998
-0.493176
-1.23212
-1.02246
-1.8932
0.286217
5.00733
-1.5858
6.16932
-0.64546
0.597614
2.19866
-0.890347
0.618831
0.00762113
0.3905
1.20862
-0.00872389
-1.04844
1.85927
0.68992
-0.0184253
0.30804
-7.21063
0.437709
0.441848
0.25336
0.401904
3.34387
1.56048
0.479861
-0.415377
0.00413965
0.503636
0.115336
-2.10935
-0.939105
12.0534
0.0738623
-0.396529
-2.85858
-0.956107
-0.721455
-0.153609
0.434063
1.11833
-0.853647
0.658776
1.29222
0.63579
2.22685
0.0785934
-1.15511
-3.05716
-0.04661
0.756032
0.899641
-0.687359
10.2778
2.30183
2.81241
-0.315819
0.334048
0.50853
-3.90147
1.07812
0.745559
-1.15792
-0.16586
2.6423
7.95685
1.65128
4.11917
-0.740846
0.12176
0.366458
0.846557
-1.33676
-0.663984
2.63969
-0.236415
1.17608
-0.0807987
-0.944989
2.40343
0.289827
-2.10508
-0.727603
0.1926
0.070335
-0.10104
0.488073
0.38782
0.834284
1.75451
-0.106906
-1.57618
-0.768876
-3.027
0.650558
2.32712
0.875581
-1.18481
-5.01215
-1.5088
-0.755807
1.12493
-0.209412
-2.44031
0.137412
0.425042
-23.5354
0.559343
1.10208
-0.436373
-1.46932
0.506225
0.0930977
2.0416
-0.656429
1.38282
3.02627
0.580716
0.748402
-0.474558
1.67051
-2.19854
-0.870108
-0.330255
-2.35501
-4.33574
-0.118829
1.11503
-1.90332
-2.53628
-0.928357
0.154887
0.838973
0.408321
-0.307794
-3.0947
3.6374
0.0390736
-7.61591
9.30888
-0.25595
-0.125993
-0.693467
-2.7572
-0.105698
3.40922
1.53782
-2.62064
-0.16869
5.45851
-2.50565
0.456804
-4.85436
0.929395
1.42347
-28.9634
0.513108
7.56052
-12.8229
-0.766322
0.452868
-4.82198
2.26934
-2.32351
0.87521
0.883542
0.502354
-4.16079
2.38541
-1.00849
3.38286
-0.0381417
0.0912066
0.56131
103.313
2.91582
-0.473394
-2.01964
-1.284
-0.419646
-0.82782
-0.227818
8.21542
-0.94942
-0.377982
0.660597
0.480631
0.616662
-1.04453
0.332432
9.27456
-0.0110173
-48.0288
-1.40813
0.946848
-2.45545
1.06398
0.601339
-0.721567
40.0722
-0.154851
2.97209
-3.95139
-10.9816
6.08996
-0.980513
21.9271
2.85044
-0.134682
-0.413551
-14.2964
-0.333301
-0.331624
0.797092
0.346589
1.03111
-0.40133
1.28833
-28.1454
-0.284377
-2.42619
-0.687049
0.0592056
-0.128851
4.91067
1.58168
1.50977
-0.180317
1.03864
-1.85145
-15.5693
0.219246
-0.338471
-1.67427
2.04001
1.20012
-0.0873451
-1.5261
0.54076
-3.95202
0.414872
0.367007
0.623426
-1.02299
0.145531
-1.07346
0.706612
-1.2674
22.7123
-1.63332
2.01681
1.9403
0.0249331
-0.910794
5.58164
0.195373
-0.516446
-1.39459
-0.995991
-0.383394
3.86513
-0.320492
0.40682
-0.132022
0.380615
-0.308687
-0.16783
1.68177
0.073649
-0.446746
1.08416
28.1692
-2.74593
-1.84431
-0.749726
-27.6039
-2.13911
-0.303788
0.790923
0.019916
3.49873
-0.297156
-1.93609
1.00847
-4.18781
-0.234507
1.34969
3.59252
1.29934
0.57002
-2.50072
-0.703893
-6.30383
0.812953
2.09027
-0.701254
1.46773
0.304091
1.39987
-0.128797
0.559256
3.11056
0.00268847
1.84857
1.0834
0.0436485
-0.0426684
-2.1024
-0.933655
-0.30089
-1.40624
4.47457
0.877187
-1.24015
0.035763
1.56362
1.13021
2.12968
-3.56683
4.43611
0.991005
-3.50005
0.24429
-0.529111
-0.148268
-0.626747
-0.667333
0.732797
-0.728133
0.114016
-1.45618
-1.42022
3.84871
-0.798493
47.038
-0.644203
0.661778
-2.36235
-1.80824
-0.789107
0.878061
1.0137
0.288003
-1.16246
0.666197
1.26204
-929.601
1.02741
3.76053
0.153163
-0.686013
-6.5149
2.99045
0.550725
0.110675
-1.92119
-0.269698
-0.520502
-0.15513
-8.48112
-5.67924
-6.5952
0.162397
0.486161
5.66011
0.226275
-2.20654
12.5113
-0.503425
16.4799
-0.542787
0.610747
-1.09774
0.0550817
0.804747
-23.9236
-1.34485
0.540436
-1.01661
0.35985
0.546687
0.534433
-0.457397
0.349952
-0.677003
-13.6524
2.4777
0.483236
-0.958856
-4.65882
1.24428
-0.959186
3.64473
-0.871652
0.282808
-3.11991
16.5059
-0.051119
1.72361
-0.626219
-2.05525
-30.8765
28.221
58.9379
0.156131
-0.730296
2.97865
0.368391
-5.13136
-1.46965
1.35581
-0.305945
0.772684
-0.948212
-0.46388
2.09399
0.346361
0.92496
-1.99421
1.2051
5.27988
-0.579026
-1.61481
0.0139402
391.572
-4.59326
0.453974
3.84303
0.528693
0.0292889
0.389511
0.121206
-0.472353
-0.451295
1.66694
1.61008
1.38609
2.53324
0.701601
-0.876493
-0.747874
0.428619
0.863201
-16.3575
-0.218126
0.085189
-0.692619
-2.15055
-7.96358
-3.90283
1.06978
-0.412916
-0.885208
-1.21463
-0.833499
0.621821
-0.61055
-0.020502
-0.850216
0.652485
0.287214
4.77654
0.529341
1.80644
0.490753
-0.00284199
-1.46679
0.189592
1.65126
0.353299
-0.773782
1.25953
1.19538
0.988628
0.0347191
-0.493366
-1.08514
-0.395161
0.568702
-1.51393
0.139699
-1.58084
0.832538
4.04024
0.47237
2.60613
-3.02618
2.29176
0.367485
-0.457153
0.77565
-2.53709
1.74422
1.98492
-2.54355
-0.0286807
2.69969
-3.045
2.08833
2.82881
0.283595
-0.0554506
-0.0147967
0.0862555
-0.0110558
-3.71068
-1.84164
1.16409
-0.720253
0.297914
1.4762
0.335067
0.792219
-0.0275954
1.92864
-0.183007
-0.415705
0.444946
0.803806
0.819894
-0.824206
3.21219
2.92226
1.35432
-2.46527
-2.41932
9.87
-0.0734164
0.130254
2.10627
3.72231
1.22794
0.555751
6.98508
-0.341834
2.01761
0.0866007
1.00449
0.303449
1.55449
0.335333
-0.455707
-0.446651
-0.0901702
0.890116
0.333547
0.0217206
-0.480515
0.380304
-1.31152
-3.55612
0.517379
0.521637
-0.0450132
-0.214146
0.361084
5.27674
-0.653553
-3.53104
1.44875
-0.286573
-5.11335
0.391834
15.9862
1.35651
-0.194611
0.419767
4.74098
0.766741
1.9164
-0.702171
-1.53279
-0.820244
-0.490591
-0.27495
-2.69832
-1.00679
-0.403457
1.99253
-0.356233
1.37924
-0.90801
-6.65442
-12.3183
-0.531968
-0.168746
-1.21253
-18.7061
-0.252392
0.225201
1.67779
-0.0490493
2.31572
-9.08811
-0.979222
-5.90093
0.162784
0.09877
-0.794846
8.6543
-1067.32
-0.180964
-1.02934
26.8374
-0.656742
-1.62706
0.317887
1710.33
-1.36684
-0.193501
0.230425
-0.0396782
0.715093
-3.45708
-0.353881
-1.71534
1.96241
-21538.2
1.99178
-4.87505
-5.19473
-0.101198
3.83617
-2.89656
0.0928934
-0.271223
-15.0875
6.1348
16.2062
5.64756
-0.0823638
1.19759
0.160055
-1.8472
46.9293
-0.741538
0.0660435
-0.546658
-3.05154
1.50062
0.238453
16.3312
-1.98363
1.03504
-16.4605
-0.0062494
-2.66738
-0.646146
-0.596474
-1.1601
1.30507
-1.56868
-1.00979
1.67255
1.0756
-2.3665
-0.506985
-0.94095
3.9599
-4.46103
-0.266217
-2.00027
-0.10521
2.32176
-0.16987
-0.632603
-1.67655
4.65045
2.38258
0.656926
0.0433757
0.505758
-2.58044
3.94836
0.391671
-0.199433
0.326232
9.62611
1.16387
-0.122162
0.262271
-1.88812
-0.782405
0.954622
0.414203
-0.048761
-2.56437
1.1099
-1.33507
23.7299
0.48618
2.67078
-0.68488
0.846729
0.0867896
1.35426
-1.72284
0.809835
-2.48136
0.166204
-2.06225
-1.08613
0.261458
-0.409219
99.9739
-0.352928
1.92796
3.04129
-1.9677
9.47507
64.9974
-4.3491
-1.17214
4.34796
-5.36402
-0.26804
-0.973219
-29.4903
-1.67574
0.186416
2.41965
-1.80737
-0.0909693
-5.7998
-2.34711
-0.21788
-0.525535
64.9018
0.88624
4.07987
1.84668
-297.545
2.11432
0.177426
1.71495
-2.1599
-0.334007
0.193177
-0.69052
0.488283
0.227188
0.0150423
-3.15878
0.94541
-5.31978
-6.01372
0.845238
-0.86634
0.394801
-0.26808
10.5768
0.186489
0.025805
-2.82673
-1.52957
-4.11001
-0.489842
19.7411
-2.74428
21.3503
0.106654
-1.14919
-1.64786
4.94305
0.273412
0.0940885
-3.41257
-69.3006
-4.42076
1.2908
-0.448382
-0.487892
2.04295
2.64677
2.18458
0.791804
0.448255
0.92333
-64.7677
0.601194
-0.194821
1.36242
-0.931916
-1.43773
0.0172392
-0.43894
17.5138
-0.0998336
0.0869585
0.100455
-1.21694
18.8699
2.78088
-2.26122
-0.974646
0.87726
0.0693545
0.4438
2.42939
1.16899
1.64826
-2.22509
-3.92127
6.41429
0.127147
0.601908
-0.211941
-0.64776
-41.5422
-0.647726
0.632744
4.40778
-0.7309
6.81419
0.730176
1.07419
2.21434
18.9608
-0.316183
-0.113661
-0.452435
2.20802
0.361008
3.22564
-0.925508
-0.169665
-1.18377
0.453069
-0.223342
0.489758
0.61798
4.132
10.1649
-1.68812
-0.0036427
0.601629
0.971584
2.36447
-0.553435
-0.747335
0.730376
1.06884
-0.780972
0.959528
-2.66927
7.02806
-0.162652
0.259873
9.18588
0.402446
-0.953112
-1.1189
7.5084
-0.647514
0.961913
1.11573
-1.47759
8.55244
-1.48458
-1.04631
2.25767
1.7081
-2.66342
0.747773
0.636306
-1.76175
-0.0690128
-1.43497
1.14894
-0.633056
0.56782
-9.04849
1.93326
-0.900644
0.356665
-0.286889
-0.327894
0.664334
-2.00781
1.26728
1.34934
0.126863
0.226034
0.409997
-9.48183
-0.361387
-1.37215
-0.00751932
3.42674
0.837967
-0.163442
-1.46659
1.01379
0.272101
29.6042
-0.373205
-0.511566
0.246584
52.099
1.0072
-0.844244
-0.8283
-0.537046
0.681868
0.135519
5.6914
2.4613
1.4095
-0.439853
-0.548882
-0.822924
1.19322
0.45626
-0.402962
0.0795683
-0.18988
-0.795727
-3.9681
3.94504
-2.35822
0.629038
2.12334
11.3373
-1.79154
-1.03129
0.0802284
-1.33869
0.538398
1.86656
3.11104
11.3751
-0.730006
-21.541
-0.965862
0.282292
-1.26812
-0.401381
0.263264
1.18206
-2.44256
1.96442
2.36097
3.94093
-0.698764
-1.71871
1.29791
-0.257455
-1.17247
1.21893
3.78539
-4.08436
-0.334189
1.23521
-7.20501
-2.14524
-1.93188
6.336
-4.68813
0.244938
-1.78696
0.8664
1.7834
0.402391
0.678259
-1.92676
-22.2319
-0.157354
-0.879371
-1.53191
-0.0105159
-1.58966
-0.212308
-11.8554
-0.244386
1.97487
-1.19347
-6.33858
3.82718
0.437717
0.251045
-0.225552
0.886397
0.228261
1.00918
-1.00035
-0.0210147
0.908864
-53.1364
-0.198417
-0.200264
0.0940958
-1.40621
-0.232042
1.43139
-0.840579
2.37186
-1.94218
1.55452
0.0594042
-4.21028
7.21595
-0.0736563
0.487167
7.14832
30.3893
0.712404
-4.13251
2.22926
4.24115
0.673398
0.278087
162.302
0.0907484
-3.26814
-1.57369
0.917429
-1.00827
0.27803
-1.32053
-1.10723
-3.59049
-1.75702
0.59345
0.141059
-0.544953
1.31349
0.994845
-2.43062
-1.19039
2.26214
0.958345
-3.22255
21.8362
1.41473
0.63668
-1.96422
-2.58782
-0.73287
0.794636
-2.949
2.60466
7.36167
0.936021
-1.06594
-0.394212
0.0405813
-0.655345
1.32749
-1.4407
-5.97345
-1.66281
-3.19049
-1.01825
-12.9799
-1.03289
-0.101426
2.80384
0.106268
-1.57805
-0.765515
-0.511196
7.37647
-0.338923
0.668089
-1.58887
-0.444046
1.04709
0.189721
-0.854009
-8.0789
-0.870607
-17.0916
-0.503772
-0.0501918
0.191842
-1.34249
11.3678
-0.713491
-0.224656
-0.131803
0.109869
1.01944
-1.42874
9.6932
0.85381
-0.178031
-0.0594478
1.85473
0.0762236
-9.89467
-0.287306
-4.41852
2.64055
-0.547657
-1.74623
0.324782
0.246219
2.03885
-3.82089
-0.204808
1.70497
-1.41731
-0.713443
-1.05224
-0.147989
0.976083
0.0874107
-0.536181
0.897224
-1.47735
-6.24907
5.35939
-0.978936
-7.43454
1.41304
8.69616
0.268852
-0.429279
1.50071
-0.176226
0.544066
-0.274247
2.06134
-0.741536
0.788596
1.44463
-0.388832
-0.331936
-4.7215
-7.50143
-2.35836
-2.29731
-0.00872497
0.906439
-0.176118
5.3837
1.33956
0.269925
-2.26773
0.3176
-0.47731
0.374709
-0.167518
-2.3384
-7.56206
0.840472
1.27409
2.05589
-0.887778
0.333072
23.0923
-0.389069
0.231314
-2.4627
2.58128
-0.896244
21.7671
10.6986
-0.411922
1.16978
-0.781611
-1.86456
4.34669
-0.890421
23.3206
-0.0133958
1.88837
-0.148918
0.772891
0.660667
2.66604
1.94403
0.755633
1.01161
4.53523
9.22458
-1.49788
0.244471
0.898282
-1.01454
-5.95063
0.234843
-6.46046
0.62654
-1.06447
-0.198341
0.717701
-3.73462
-0.226573
1.09589
10.1746
1.10071
0.956652
-0.574881
-2.53985
0.66181
-0.0228857
-0.556873
9.6267
0.192517
4.48777
3.36641
-0.549298
3.0348
1.071
-1.06315
1.27245
-1.03346
-2.00581
-0.0239
1.6219
-10.778
1.3658
0.353977
-1.18643
-170.508
-2.67833
-0.530621
1.00856
-20.7461
-1.21993
-1.87344
-3.07744
2.0653
-3.69733
-1.85084
0.988865
-1.9632
35.7169
-1.03164
1.1904
-0.2321
0.878323
-0.222789
-2.72191
12.4722
0.597315
0.394787
1.89214
1.29935
1.576
-1.66399
3.29983
-2.88646
-7.04053
0.437587
0.548989
0.144635
1.95084
0.889104
0.444778
2.88541
-0.243223
-5.01356
0.26015
172.841
0.387882
-0.793638
1.7327
1.88356
-0.48271
-0.35863
-0.638797
-1.65125
-0.0400701
0.980341
3.75967
1.0241
2.04851
-0.050819
0.586337
-6.76041
0.0391782
-0.239939
1.37404
-0.330792
-0.289153
-0.552617
-3.97603
-5.85593
14.3306
3.98825
-0.0286589
0.0674316
-11.5886
-0.0469358
24.3591
0.0328348
29.3882
-1.74296
0.665181
0.454198
-0.697268
-1.71965
0.565496
-3.03532
0.787282
-0.0152984
0.364672
3.61901
-1.60531
-0.543162
-0.341154
-6.05306
0.328896
-6.59969
2.40468
-2.61625
-0.632255
1.75234
-0.796573
124.956
0.0735344
0.151105
6.02717
-2.78104
0.027854
1.94982
0.630041
2.79198
-4.6428
1.64963
39.8479
-2.8982
-1.86502
-1.5987
-0.990595
0.231709
0.0190939
-2.56317
-1.07103
-1.31526
-1.42809
-1.47353
-1.41054
1.66489
2.7733
-0.765765
2.60585
-0.689927
-6.02946
0.831334
0.260638
3.04793
0.205404
1.02948
0.0978915
0.936964
-76.6931
0.187901
7.89161
0.055498
-12.1431
1.12718
0.470831
-0.455549
-0.296973
-1.57958
0.356198
0.0929945
-0.084651
-0.449488
-3.37979
-5.91883
-0.0802155
1.34623
-0.414833
-1.91193
0.558266
3.65521
-6.15161
0.633304
-3.05969
0.527152
-7.62683
1.42419
0.952583
0.964233
0.355073
1.86633
-9.98946
1.07554
-0.460861
-0.959253
0.387255
4.69931
-0.617328
0.428521
-2.06119
432.309
-0.148852
0.584771
-4.09794
0.419222
1.13881
0.568982
18.8317
0.709831
-3.22797
0.969033
-0.227027
1.56497
-0.243533
0.69007
2.19984
-0.452897
0.687521
3.32166
0.791904
0.520862
1.70958
0.790198
1.29469
-0.631981
-4.40789
7.84814
0.48681
1.03248
2.78497
0.273751
-0.988354
-0.315651
-1.61759
-0.946031
-0.20087
-2.98243
-0.929585
0.661937
0.130997
2.92888
0.984528
1.71043
-0.424129
-0.855947
-0.0842607
4.30236
0.521426
-2.34647
0.178519
-0.679083
0.149977
1.10493
-3.59971
-11.0373
-11.2356
-86.5187
-0.0798952
2.24746
0.410092
-0.68845
-0.161789
0.0398802
-0.103125
4.3292
0.804145
0.369185
0.26227
1.54394
-23.2145
-0.458102
-0.491426
-0.791356
5.14609
-2.32086
-0.0524106
0.887812
8.09394
0.880481
-21.9852
0.766039
0.303988
6.67977
-4.3353
-4.63371
6.82068
-0.274461
-0.0669769
2.49487
2.03759
3.22761
0.51463
0.0996022
-1.05996
-1.46241
-1.10699
0.62433
1.40631
-1.36763
-2.25647
-0.148821
-11.2818
-1.11565
0.359471
1.21448
-2.39324
-1.2456
-0.338235
-1.2726
-5.25713
-2.4612
-0.391671
1.012
0.0499977
0.596871
-1.80631
-2.35089
0.618073
-22.2228
2.34161
3.9753
-1.33547
2.59086
-0.14456
0.141253
-0.924149
0.238508
-0.372
-4.14907
0.328729
-0.2559
-0.173825
-8.55805
6.90363
-0.5685
-2.0334
-2.12872
2.38855
-0.73895
3.75848
-0.739447
0.901784
81.5201
-8.27236
0.518027
-0.044431
-0.27051
9.73868
-0.616552
0.44346
-3.38458
0.032884
1.75809
-1.56095
0.29559
0.492869
-6.90044
0.511468
-1.03774
0.528601
0.251531
0.813935
-56.1141
-1.48953
-0.150516
-1.44132
7.02984
-1.47213
0.0948425
1.00047
-0.375067
-1.00358
0.685263
-0.421472
0.215551
-0.28526
2.24604
0.743753
0.371487
-2.91753
-0.329572
-0.626894
0.527349
-0.247448
-3.90296
-1.45341
1.31981
-1.68407
1.36594
1.58565
0.431176
20.5508
-0.48568
0.348962
-3.29274
-0.42338
1.2929
-33.864
2.46286
-1.67805
1.21527
1.99273
2.1293
3.52854
-0.411453
0.686338
-2.54896
0.614567
0.728707
2.32701
0.626634
1.14924
-0.494879
1.97512
-2.96559
-3.95691
-2.72409
0.360908
-2.56992
6.07336
-1.33543
-0.436437
-43.8866
0.645993
4.19334
-0.499369
4.7331
1.60875
0.11723
0.512696
-1.63458
0.310906
-0.488046
9.16633
-0.199523
-0.486354
-0.507464
2.45989
-70.7915
0.641781
0.152558
0.127918
0.609098
1.58817
0.63818
4.91062
3.12296
0.642072
1.79034
-2.32524
1.9771
0.774342
7.63148
0.856967
-0.880352
-0.396711
1.00177
1.7142
-1.02668
-3.20953
0.312795
-0.0783388
0.0460469
-384.125
-9.36722
-0.479829
0.111381
-0.863248
7.60484
-88.5601
4.66226
-1.30566
0.317487
-0.516219
-2.49434
1.17298
4.26161
-0.298184
-0.8949
-11.4541
-0.854255
-1.04035
0.411676
-9.82671
1.32637
0.226896
-0.0872088
1.52441
1.37207
-0.913379
-1.13434
1.86734
-1.97685
-3.63505
29.5472
11.1279
-0.702002
-1.3591
-8.34559
0.339564
1.34897
0.71856
0.0711913
0.0876289
66.1265
-2.36583
6.87486
1.27642
0.307482
-1.17488
2.97045
4.9623
-0.237375
2.25095
-69.3654
0.209993
-0.663127
-39.4741
-2.036
-0.189812
-4.63606
-2.07709
-1.19583
0.395251
-0.522076
-0.0847347
-0.0925394
-1.10737
-0.08836
0.455236
-0.137607
-1.08634
-1.2395
-4.57697
-2.26742
-0.732237
-0.0973402
3.25865
0.416291
0.163473
-0.380499
60.4444
0.718847
-0.982706
-0.461869
-3.87929
14.8248
-0.133066
3.11122
-0.0274862
-0.360494
1.86932
-5.7039
0.148417
90.6303
-2.18047
1.87286
-1.7133
-0.035907
1.52051
-0.110783
-0.150908
-0.0314236
-0.310254
-0.3201
2.64318
8.18647
1.1591
-0.263057
1.2466
-0.460622
-2.0588
1.07504
-46.8915
0.201516
-0.27178
0.065929
-20.7765
-0.557473
11.2395
0.859202
0.0472049
0.936167
76.4199
-1.27966
1.81813
0.844411
8.45386
-1.77877
-0.331192
0.439279
-0.859878
-0.437658
-0.250238
20.633
1.17653
-7.27063
-13.3521
-0.232465
-0.597352
-0.134132
0.759002
0.214199
1.6893
2.34379
1.10511
-1.96077
0.329835
-1.29348
2.28035
8.66117
-0.720267
1.68827
-5.31405
1.36222
-0.658076
-0.570619
0.988848
0.208442
0.570443
3.02477
-0.972925
-0.0866031
-71.3801
0.544991
-0.995621
-0.773166
-1.03846
0.302424
-1.73497
1.51749
-0.650743
-0.230568
-3.24453
-0.442307
1.38398
1.23376
-8.00559
0.714471
-0.205552
-0.61824
-6.43601
-72.0854
0.257986
-0.730497
1.31084
0.519427
0.161667
5.31794
1.61156
4.56225
-0.315699
1.02463
2.22787
-21.1405
0.34428
-1.97391
-1.71026
-17.6053
-0.300605
-2.95148
1.04003
-1.40279
-1.10292
2.19221
-0.37051
-0.648278
2.1717
-4.48858
-0.28823
2.10265
-0.862918
-0.84867
-0.126702
8.11372
-3.54216
0.0794985
-9.34854
-5.86696
-0.0186304
0.264211
-0.79258
-0.424571
7.68738
-0.264231
0.260086
0.579044
-0.615566
0.513447
-1.94829
-1.45316
0.975622
0.535545
-1.25551
0.452233
-1.23018
4.13037
-0.181469
-1.05167
-4.60053
0.867604
-0.556858
0.191443
-5.85789
-2.23285
3.45921
0.554671
0.496502
0.154416
-0.0904262
-0.401924
-0.00581447
-2.17252
-0.948868
-2.32708
-1.19208
-0.865233
-1.83872
0.908792
0.219011
-0.542863
1.17016
1.40794
-0.00588002
-0.416132
-0.286345
0.487742
1.92376
1.24234
1.83486
-1.07866
-0.750351
-0.229487
0.860664
2.6042
0.833232
11.0079
0.562915
-2.15222
-1.19339
-0.0276135
0.465703
-0.478107
1.67757
-5.66296
-0.444778
-0.59756
-2.71514
5.55635
8.75581
-0.185908
-0.0332313
1.90596
0.752449
1.08074
-1.17554
-14.2286
-0.324778
5.18883
-0.79
-0.0458933
-5.65889
1.50761
1.13104
-2.80548
973.628
10.3337
-1.22227
-0.23269
-2.70465
-0.302197
0.77201
-4.3556
-1.94759
0.273038
1.69244
0.20872
0.955178
1.63567
6.40552
0.617103
-1.63608
-0.0965836
0.448972
-11.3597
1.53346
-1.02654
-4.25154
-1.46649
-0.315709
-0.158941
0.884749
-0.999128
0.0474164
-1.53422
0.108103
2.99014
0.677075
6.09648
-6.29215
-0.0613803
0.315799
-2.238
3.98712
-1.28413
0.707732
1.28424
3.48209
1.85167
-0.341287
0.705234
-0.844339
0.189384
59.1614
-12.7464
0.595043
-0.0271261
5.52436
-0.169119
0.943357
-4.72849
-5.49037
0.362828
-1.62542
-0.968739
0.14475
0.783422
2.17336
-0.425411
0.0756264
2.80575
-0.265882
-0.221958
-0.533704
-1.25122
1.14773
0.812153
1.25125
2.85256
-0.496399
-2.15528
11.0965
-0.408403
-2.78583
0.250932
2.3934
-0.230548
-1.5729
1.3334
-0.880792
0.82554
-2.49016
1.29776
4.03737
4.2252
0.0526563
2.22872
-1.40166
-0.0103487
0.38947
-1.80991
-10.7542
1.24646
3.87051
-3.37103
0.143098
-1.0583
0.500189
-4.79492
-0.926692
1.70334
5.20203
2.35052
2.98852
-0.137506
0.52917
0.00595181
0.930852
-1.18388
0.0678313
-0.408152
-0.515561
-2.38207
0.556071
-0.316871
-1.06664
1.42106
7.56433
-0.580454
6.39324
-2.64185
0.185531
2.36454
0.460494
0.100892
1.69691
-1.38714
0.22421
2.32808
21.3239
-0.969713
0.213328
-1.89123
-0.32307
0.635467
3.18841
-2.74547
-0.137206
0.367224
-1.1614
1.54546
1.10561
-1.50352
0.984985
-0.399349
-0.321901
-0.457601
6.5267
0.60099
0.978576
5.99635
-0.681923
0.0159421
0.273856
-0.440943
-0.726912
11.6949
5.4315
-14.8552
-0.693079
-3.21463
-8.93477
1.04327
1.07668
-0.323278
0.652931
-0.223977
4.59068
-1.468
62.591
-0.916722
4.57623
0.455135
0.733839
-8.65839
-0.548887
-1.56407
0.798244
0.623355
17.0527
-0.497656
-1.17171
0.554024
-0.85888
-166.893
5.19177
-0.464142
0.373444
4.53996
15.2115
-1.45772
0.467794
-0.29785
1.66757
0.14834
-0.672802
-1.0933
-7.23049
-1.46068
-0.233737
6.55751
0.875689
-0.806441
0.540279
1.45732
3.37099
0.524823
-1.21283
10.0425
0.982576
0.284726
1.11537
0.873164
-1.32162
-1.7922
0.717023
0.0697067
-0.540343
-0.446948
-0.155566
-0.81198
0.273114
0.940645
-5.83069
2.15953
-0.599694
-1.17529
0.407523
-0.399328
6.00124
-1.67621
-38.1914
-0.176632
0.272459
-1.33597
0.621428
-0.422404
3.18614
-0.154025
-1.00592
-6.63576
0.141957
2.25395
-5.57289
0.580258
0.581648
-0.27065
0.0867798
2.92665
-3.8898
9.4936
-3.15805
-6.23619
2.44149
-0.519269
-0.381052
-7.76616
1.28946
-1.23888
-0.536325
-0.770343
1.44352
0.359336
0.0841485
0.122155
2.73723
-0.580284
213.365
-70.7483
-0.484068
-54.4414
-1.02498
-2.25294
2.52436
0.655157
7.10611
-1.13621
1.10131
0.573493
4.13067
-0.534514
-8.86936
-0.210406
3.12811
0.0558127
0.222708
1.37836
0.642585
3.65043
-0.695607
-4.66613
-0.281256
0.474798
0.0893149
0.449594
0.00878782
0.350566
0.974645
0.534487
0.485124
-0.87797
-0.407113
-1.01393
1.34788
-0.816704
1.15505
-4.48123
-1.06832
-2.04919
-1.7093
2.88071
-0.878275
-2.70566
0.570885
0.609301
-0.237198
-0.435621
0.623429
0.562441
-1.16074
0.334872
0.164995
1.54509
2.51501
0.145808
2.52534
-4.00725
6.17009
2.00111
2.22394
0.276172
4.4953
-0.305871
2.27885
-0.461813
0.752487
-1.13866
0.769628
6.93483
3.84332
0.192008
0.801699
0.955578
-5.55711
-1.02322
3.833
0.0384564
-2.71923
2.02894
1.15981
-1.8182
0.565603
-10.8682
0.83919
-0.11791
-0.0957063
0.267449
0.655495
-0.968266
0.234053
-0.813312
1.67075
0.0997456
1.08541
0.361521
7.24279
-0.322344
-4.17974
-2.54191
0.156663
1.4
-4.88649
-4.46488
-0.370524
3.10272
0.518917
0.0447152
-2.80952
-0.66611
-0.157337
11.6305
1.70177
-0.902031
-0.827918
-0.0594888
0.585344
0.0171886
3.66244
0.243022
1.68367
0.741186
-0.442934
-0.559957
1.4004
-0.644182
4.69538
2.45728
-0.0477059
0.337573
-14.8195
0.456233
-2.11782
1.66468
2.71772
-37.6133
0.345469
5.60983
7.9751
-0.046685
0.835153
5.02324
0.536245
0.657642
0.426691
-27.0059
-0.306844
-4.96434
-1.14744
0.280064
-7.76483
-1.91014
-3.20843
2.50874
0.24296
-1.80122
0.74437
-0.219207
-0.23816
-0.575991
0.26892
-0.210069
-14.4016
0.108023
0.372775
1.33088
-3.68876
-13.7039
1.94506
0.478359
6.63645
0.999262
-1.63888
-8.92715
2.1232
-2.02215
0.87015
58.7269
6.9071
-6.1125
0.994386
-1.30728
0.351767
-3.6921
1.50578
1.6113
-6.34336
0.0777981
1.36958
-2.85061
0.898663
-2.6246
-0.699536
-0.623607
2.87055
0.205745
-0.377564
-0.297584
-0.227679
3.89137
0.27429
0.854303
-3.47642
-0.765005
0.062321
0.608342
1.32826
8.12754
-14.188
-2.86993
-3.21608
-2.04211
1.47921
0.109882
3.67668
-0.391591
-0.60296
1.1885
17.2282
-0.342487
1.06503
-0.992946
-1.58489
1.0613
-0.569964
-2.47966
-0.309435
1.39335
1.93994
-0.803445
0.441077
1.21051
0.103947
-2.79359
0.402091
-39.582
-3.33344
-0.721745
-112.287
-0.107373
2.01609
-0.0952848
-5.40392
0.379254
-2.12722
-0.764991
-1.79367
-1.5456
-0.757302
1.13323
-13.2626
-1.89313
-1.87998
-1.42752
-1.00803
-2.58202
1.09947
-0.854462
0.0724826
-0.438301
1.08712
0.0497337
-0.141117
-0.497657
-1.09394
0.278236
1.18297
-0.417601
-2.9314
-6.81645
0.137349
-9.97384
0.725777
0.262622
-4.86509
-0.481635
0.835072
0.937355
0.191539
-0.305899
1.29077
-1.84831
1.29978
-0.0979014
-0.339753
-0.777128
4.2086
1.38789
5.89218
0.680213
-0.762227
0.183963
-0.555571
1.4933
-3.90239
0.825612
7.9261
10.8352
1.61735
-0.919102
-1.55361
-0.479982
-1.29701
-0.355923
-0.203316
0.613271
-0.312875
1.73588
-2.90722
0.922124
-1.25047
-1.68122
-1.00894
-2.27436
0.958766
1.38351
-2.60082
-0.557118
-8.00217
-2.07683
-0.301991
-0.585458
-0.531279
-0.487276
-25.7023
-1.09657
0.924663
-1.11682
3.56759
0.778394
-11.9743
3.46831
1.97787
11.3022
-0.993145
28.36
-1.79803
-0.799049
0.438188
4.06926
3.3767
2.87093
1.02254
-60.8892
-1.30957
-1.56536
-0.150628
0.241135
-23.0546
2.05499
0.391247
0.650539
1.79643
0.0523865
-7.73442
-0.472177
4.21659
0.0507458
0.316653
0.860675
1.20961
7.55804
-0.0772064
-12.6594
9.45386
-1.17331
0.368572
-0.487365
0.321958
-10.2068
3.35444
0.56408
0.0326151
1.3993
0.826676
1.51176
2.66952
0.0600124
-0.980467
40.2673
-2.59211
-1.64498
-0.984894
-1.53085
-1.8306
4.35487
-0.987327
-3.14971
-3.31436
7.56552
3.4948
-82.991
0.268446
-3.02904
1.41528
-6.0209
-3.56187
0.693233
0.582475
0.0198624
-4.79739
0.339287
-0.11744
2.8641
6.04708
-0.448618
0.830385
0.424994
0.24219
-0.0877535
-0.855316
-0.0440048
0.0495865
-0.411032
-0.125703
-1.83392
0.475735
-0.576227
1.10206
0.974636
-0.899735
4.3186
-0.2751
0.307329
2.13281
1.04549
1.27572
0.272278
1.33688
-1.62429
-0.0856128
-0.471426
-31.3257
11.1824
-1.3877
1.31828
-387.922
-1.38716
-0.579845
-2.43557
2.05565
1.64442
2.06895
1.77339
0.0760702
-4.43045
-4.54111
4.68986
-2.73162
-17.4137
-0.598073
-1.0548
-0.00936057
4.38346
27.8142
1.27164
-1.78814
-1.18411
1.66098
3.83587
8.72831
-33.9994
0.0597195
-1.53608
-2.37974
1.27537
-0.244724
-0.600946
-0.0747253
-2.40336
1.1203
3.85558
0.420941
-2.19718
-0.523432
4.20713
-0.74557
-281.056
0.319112
-1.17546
-1.19401
4.34017
-0.62131
1.3619
-0.36476
-0.9086
0.249998
4.88151
2.3836
-0.343191
-0.682228
1.09206
8.66609
0.827594
248.029
-5.05543
-9.91232
-15.7243
0.81339
0.253259
0.662361
1.0475
-0.750888
0.462233
8.80055
75.8738
-0.821686
-2.05789
2.58738
-0.0346466
0.521972
-1.0207
1.28293
0.0719102
-4.22243
1.55744
-6.13089
-0.782786
-0.443949
-9.12468
-0.504429
-2.15388
2.08732
-3.19791
1.60782
-29.0555
0.245469
-0.371286
0.0572489
1.19897
4.57824
22.518
-2.49
-1.83034
-0.260621
1.01367
1.31346
-0.883662
6.33643
-0.17424
0.915985
0.80328
-0.615074
-0.555085
-1.31109
-0.538785
1.28566
-1.36269
0.978364
-1.131
-1.26187
0.248417
-0.377809
-2.33293
-0.119517
-1.76904
-0.601312
-3.60786
0.588085
-0.427076
-0.421704
-0.446852
-0.628869
-0.0691465
-0.630638
0.325415
1.57011
-1.40536
-0.381878
-0.810486
-0.536429
-6.43758
0.545222
1.78986
0.318199
-2.65907
4.3389
-0.815361
-2.21675
-5.65783
-1.14946
0.405374
-0.55087
0.627144
13.6592
-2.01192
-0.0283539
0.458707
-4.63811
-0.680068
-1.11756
0.291168
1.14371
0.101894
1.47485
0.0274077
4.82074
-0.354671
-6.72865
1.04125
0.581277
13.6887
-0.0667913
1.32034
-1.39336
5.45767
1.13821
-2.14529
-27.5915
0.251117
-0.195638
1.40669
1.20564
-0.716669
-0.807437
-0.0858948
-0.186357
1.77051
0.282251
3.48468
-0.227874
-1.35
-5.58547
0.121382
-1.08386
5.33011
-0.364695
23.8438
22.358
1.46802
12.6992
-1.16057
-0.431598
-16.7904
-2.61429
-2.22503
-0.0469834
1.71867
2.38611
-2.41208
1.00219
0.022696
0.0991836
0.667587
6.03155
-126.743
-2.91946
1.29287
1.65953
4.14208
-0.163101
0.173768
0.0960929
1.15723
0.221288
-1.22084
-1.62433
1.9434
0.483253
-2.89331
-0.624589
-2.90988
-26.2203
-0.518639
10.5319
2.55056
1.98901
1.31458
0.0629963
0.520339
-2.8843
0.537158
-0.471327
1.32002
-1.21381
0.616294
9.92534
0.0986238
1.96631
-3.03325
0.541423
3.13787
-0.0460777
3.34583
-2.8125
-1.5388
-2.00066
0.982658
12.7455
51.7168
-0.252035
-4.19628
-0.88223
0.321415
-4.41382
0.0465477
-0.0884205
2.37327
0.307652
-5.85566
3.17703
-0.506202
-0.860705
-0.212896
0.946608
0.88165
-0.370613
1.09182
2.74933
0.102891
-0.847255
0.912164
40.95
-1.78854
-0.43832
1.64211
-0.536598
1.03124
4.79557
27.4559
0.634219
0.708761
0.420894
0.944823
-0.074699
2.15188
-0.752507
-0.95743
-49.7268
-2.12818
-0.220636
0.773918
-36.4964
11.4153
-1.09019
-8.59435
-0.657352
-44.5528
0.917259
0.616302
-0.361615
1.7751
1.70179
-0.412657
1.44163
0.347555
-0.143352
0.249048
0.437014
-0.697064
-1.72202
-1.30973
-1.1085
-1.70779
-1.98145
-2.521
6.60315
17.3363
0.133176
-0.022231
-1.03665
0.391136
2.16498
0.5293
0.353983
1.31455
-0.457654
-1.16062
4.03638
-0.965309
-1.87144
8.67451
-0.760068
-0.343986
2.81742
1.62021
0.719426
0.745165
-3.19629
2.65298
-0.700187
1.67764
-28.3692
1.00457
-0.76536
-8.30566
4.10489
1.54093
-0.691086
3.8299
0.433288
0.189412
0.4505
7.5018
-0.201846
-2.34581
4.81132
-0.783845
140.556
1.00904
1.39513
-0.735417
0.862439
0.0163312
1.1784
1.36821
-0.932676
-7.33221
3.25533
-18.9762
1.75798
-2.60729
-0.72957
-0.00523827
3.10187
0.978391
0.349161
-3.91971
-2.29237
-0.520207
-1.54403
5.38282
-0.575738
-23.9756
-0.118053
-0.34026
1.03134
0.334071
-1.42298
4.94462
4.21863
0.687132
0.430519
-2.69842
-0.495563
-0.318583
-0.872362
-0.352877
4.06083
-0.100957
0.507647
-1.5195
-0.0730175
0.414657
1.0284
-15.1282
-0.357107
1.71197
15.7601
-1.8375
0.0561168
-0.466052
2.44651
-1.91174
-2.05263
-1.33129
0.859887
0.32789
2.19111
-0.614423
0.0830305
2.09956
2.07859
-0.640061
0.44935
0.0250555
-8.1111
-0.872703
-4.46622
7.27046
-5.94361
0.301999
1.39262
-0.421988
-6.46527
-1.07788
0.244065
-0.6456
0.0437421
3.0832
1.25982
-0.36925
2.16838
1.06135
-1.74408
-2.98926
1.25362
0.430409
1.75036
-0.0817094
-10.6657
0.00574317
-0.32812
-0.751817
3.46433
-0.055126
1.24276
0.0189478
1.22412
5.574
0.369553
79.4533
-0.78457
1.74451
2.16983
-1.65237
0.482928
2.8616
4.70133
0.131244
0.492163
2.41834
-4.40551
-0.0336452
0.208254
0.788742
-0.612413
-0.0632176
-0.0387583
-6.88746
-2.34755
3.42079
2.99844
-2.14848
-0.115184
3.73456
-2.82294
0.0608725
-8.2142
-0.187371
-2.70057
0.154932
-0.0565247
0.321345
-0.964652
0.548665
-0.900804
14.2126
-2.14012
-0.247177
0.740365
-0.207921
2.47785
0.0171261
-1.27717
-0.410489
-0.411246
0.243859
-0.555075
3.06771
-17.9027
-0.413888
-1.2545
0.0575391
-10.7104
0.065212
1.86031
12.5064
2.51273
0.659378
0.608063
1.09919
-0.931362
-26.6059
-3.5437
2.7628
-0.479684
626.655
-47.6366
1.41102
1.47371
-0.0323277
2.14146
-17.9764
3.09816
-1.53077
-1.90228
4.83098
-0.997083
0.752802
-0.687532
1.13514
-0.0932313
-0.443764
-2.34475
-0.667695
1.68967
-0.519287
2.35262
-0.819182
0.219091
-2.70421
0.633267
0.210844
7.15313
5.05941
-6.86908
-4.93456
1.51643
4.17164
0.248828
0.273423
1.51133
0.576605
1.556
0.383512
-0.359576
1.30595
-1.21311
-11.3253
-0.529939
-1.71417
-5.57279
-1.02017
1.5145
-7.21124
-0.667191
-0.508104
1.95334
0.0431911
-0.828978
-9.57005
7.02275
-0.788124
-1.18187
1.35481
2.07148
3.08756
-0.95343
-25.7119
9.33618
0.338046
-1.05924
3.93958
0.203807
0.580956
0.731122
-1.16358
3.29651
0.200051
-0.0689436
0.728286
-2.16289
-0.487245
4.20775
-0.86188
-1.40342
3.66849
-0.269972
-0.544554
-0.0781554
0.122145
1.55468
-0.11589
1.1868
-5.79522
-1.49981
-1.22777
0.405713
-2.3811
0.621893
0.0931646
1.69949
0.0811478
0.356794
-0.782415
22.066
0.867064
0.249095
-1.3097
-0.741772
12.1442
0.709922
0.329586
0.672846
-0.0219104
1.1473
0.768982
-36.8417
9.92795
3.58341
-1.25896
-166.611
0.488188
-0.563397
-0.567631
-0.898039
-2.09317
1.15529
-7.92128
0.352169
0.262582
1.21399
-2.87307
3.98555
-57.7445
0.16341
0.803064
0.522747
-2.34965
0.435266
-0.614246
0.360888
0.542118
2.01982
0.379921
-12.0338
-6.78232
-1.91091
0.117642
0.732906
-0.228853
0.146345
0.479158
-3.59897
-0.0539774
-0.718585
-0.873403
0.686167
-1.26918
-1.5767
-0.744606
-1.43042
-0.155332
0.868655
-0.667433
-0.625606
7.14905
-0.259122
3.48821
1.49255
2.41224
-0.865713
-2.70306
0.0484912
-0.544197
-1.15088
0.751576
0.608596
-10.2347
0.810845
-1.6943
-0.43838
-0.735242
0.268435
0.115909
0.270655
0.0289988
1.06739
3.56065
3.09253
-0.205307
-0.503982
3.36781
1.03718
-15.7556
-1.22531
1.07081
-19.3715
4.86792
0.293565
2.1849
-0.823623
0.0644919
-1.28584
0.277498
-1.13357
1.3916
-5.95093
8.53014
-0.713776
-1.25604
1.17456
1.63979
-3.85547
0.568253
3.13961
-0.0262176
1.13901
-44.9652
1.00906
4.01593
2.64937
0.271635
1.30307
-0.0912008
-0.967806
7.10566
-7.16445
0.552339
-0.0575484
-0.0908531
-0.555768
2.83116
-1.07708
-2.16973
-0.158037
-0.826636
7.28029
2.00774
0.98424
2.44014
0.0649734
-1.20813
-3.63974
-72.6907
16.0101
1.22718
2.70773
-1.40582
5.532
1.05925
-1.81876
1.5565
-0.542342
0.53338
-0.146976
0.993558
-0.0831977
16.5154
-0.54916
7.12371
0.109741
0.514369
-22.1949
-1.75243
2.87017
-0.192617
-0.984422
0.430741
1.63523
-0.503483
0.777361
1.39945
1.32779
0.101188
1.52732
-7.79552
-2.27709
4.566
-1.86261
1.45971
-0.302875
-0.440534
-17.2697
0.49393
-1.03233
-22.24
0.709674
2.51949
2.37764
6.8204
0.0743701
-6.59772
-0.196068
56.7746
0.180923
0.619299
-8.73654
-6.25322
-10.5759
0.646847
-0.523235
-1.15814
0.679603
0.529017
0.00994182
-0.353475
0.79504
0.980329
-2.24288
-6.96763
-3.09604
-0.808468
1.84388
-1.17691
-0.987776
-0.0452872
-0.232648
-5.45516
-0.659976
-0.767998
-3.31586
-0.54823
4.81959
-2.83597
-0.912776
0.294326
-0.640406
0.649389
-0.0818644
4.05729
-1.46587
-1.92409
-0.434369
0.107426
0.840133
1.36831
-2.4245
0.320486
-0.0998673
-2.10579
-0.0507819
-2.62734
-1.07082
0.590242
-5.41771
-2.42929
2.31611
1.32618
-1.71456
-0.293948
0.448065
-0.59004
-4.0399
-3.5057
-1.68464
10.7427
0.050442
0.0582907
-1.26819
0.341913
-0.51952
3.23033
4.25098
1.39115
0.157255
0.102983
0.469211
-1.79898
0.175569
-1.31519
-0.91898
-0.932961
0.759628
-0.439556
-0.267381
-0.459672
-2.40223
0.112458
0.337946
0.278472
1.28375
0.430132
0.654862
0.318331
1.75235
3.02212
-2.70735
0.383197
-54.62
0.0911533
-1.57595
-0.386979
-0.580996
-0.1543
6.13322
-1.75455
-0.620771
1.25332
-1.98083
0.150876
0.20213
-2.49945
0.1004
-4.94628
-1.09826
-1.26744
1.31803
-0.63084
2.86316
0.0335762
21.8437
-0.165233
-0.942576
-0.141263
-0.205935
-145.475
1.76229
2.86103
0.522085
-1.05859
50.6804
-27.4659
14.9949
-0.725275
0.8416
-0.0219748
-1.7433
0.351961
-0.359327
-0.805944
-0.0587893
-1.66324
-0.420097
0.292488
3.13146
-0.288614
-6.14885
9.6356
0.602063
-1.06387
2.71346
-1.00394
2.48548
-0.369267
1.41919
0.190918
-2.87956
0.0484565
-8.9658
0.664055
-2.67961
3.30751
0.261576
-1.1486
-0.769074
-0.899464
-0.338701
-0.179452
-0.679899
0.825743
0.751452
0.305783
0.368369
-0.32559
-0.381371
0.330127
-0.556047
-2.10574
-3.59388
-0.49199
-2.05618
0.692411
0.314826
-0.679323
-0.167093
0.0742058
0.0907878
1.77633
0.150466
0.498634
0.112203
1.97748
-0.46871
1.23552
-0.450764
1.58438
-1.9193
0.183676
0.564214
-0.466726
0.0183968
-7.07624
12.6931
-10.7596
-6.21054
0.706777
-16.1122
-1.71305
-0.0514968
-1.14447
-0.409533
1.15675
0.15205
-1.17468
-2.20735
-0.098394
0.249543
0.351526
-7.79385
-1.31612
0.673289
0.417265
2.4406
1.2152
0.377179
12.574
-0.524697
0.309669
0.730382
-16.3038
-360.908
-0.957567
1.2629
-2.01628
0.572681
1.8518
-1.38132
1.28875
0.796252
0.0703178
-1.50439
-12.9993
13.4225
-0.547323
1.05262
-0.277592
-0.771959
-1.15592
0.928855
-0.388139
-3.50695
6.35629
-5.2622
-0.77031
8.0157
7.42682
7.65661
4.36541
-3.11656
0.246436
-1.04264
0.899884
0.563532
0.166394
0.175522
-28.7068
0.0485692
-0.176014
-0.799441
-6.44974
-12.1375
-1.36837
-1.10411
0.283
0.445667
0.781696
-0.793276
2.83222
7.27572
9.8813
-0.783049
1.17944
-1.34661
0.193538
-0.388427
0.719347
0.36997
0.361736
0.112739
-0.210139
-1.4052
-0.561927
0.507172
-2.10855
-1.54477
0.654472
29.1732
1.2374
0.183705
0.496601
2.13589
-5.11467
2.78482
