0.249797
0.186408
0.159006
0.534631
0.430321
0.418246
0.572736
0.573919
0.456263
0.709955
0.511575
0.673716
0.534146
0.494202
0.263889
0.506362
0.842247
0.769244
0.691111
0.255171
0.542323
0.385899
0.440784
0.436001
0.653887
0.562634
0.587979
0.641212
0.519394
0.512409
0.611236
0.439267
0.662959
0.732932
0.620861
0.26874
0.794464
0.55491
0.644153
0.645919
0.535055
0.460895
0.53384
0.360713
0.13934
0.480239
0.70273
0.566001
0.563753
0.633689
0.399297
0.771043
0.179802
0.444092
0.125643
0.730043
0.755111
0.447663
0.560995
0.0724264
0.524421
0.433227
0.490612
0.751853
0.246885
0.304831
0.251711
0.496463
0.095269
0.506064
0.59471
0.923312
0.546832
0.36243
0.619827
0.335447
0.644918
0.491044
0.585803
0.450503
0.574492
0.0949266
0.399202
0.415202
0.444084
0.502125
0.479482
0.940593
0.490801
0.227851
0.456758
0.748338
0.124312
0.630804
0.295868
0.248815
0.299923
0.902832
0.452106
0.477301
0.660052
0.174007
0.550669
0.794925
0.207678
0.433211
0.843619
0.216591
0.474519
0.757262
0.334853
0.458524
0.22093
0.509602
0.475308
0.903533
0.15372
0.212502
0.717331
0.662618
0.472328
0.714778
0.478892
0.766954
0.252986
0.569878
0.704999
0.254773
0.754746
0.207271
0.725421
0.52317
0.680431
0.522969
0.494537
0.295258
0.249835
0.433022
0.0608362
0.408634
0.641676
0.726752
0.25033
0.861546
0.935029
0.224516
0.559845
0.15863
0.130232
0.787708
0.642886
0.478554
0.653392
0.64671
0.532478
0.541388
0.947919
0.805446
0.882123
0.283968
0.330691
0.449187
0.517703
0.556993
0.739673
0.325213
0.479912
0.538083
0.324052
0.483878
0.498484
0.410468
0.527149
0.560669
0.476238
0.587472
0.886589
0.447723
0.572643
0.368395
0.225466
0.246302
0.363358
0.391902
0.232373
0.309681
0.313905
0.60846
0.627495
0.47885
0.942337
0.723856
0.186108
0.281424
0.55752
0.671296
0.840035
0.40712
0.346328
0.650034
0.90192
0.691113
0.844796
0.623986
0.656278
0.629569
0.464973
0.404209
0.635595
0.619623
0.260962
0.544624
0.348928
0.659016
0.504313
0.760828
0.554663
0.6586
0.40071
0.437287
0.868348
0.313879
0.416554
0.518704
0.570699
0.149712
0.695795
0.186798
0.43011
0.895294
0.434095
0.704201
0.678224
0.264479
0.839074
0.162676
0.476326
0.509495
0.442176
0.103277
0.784555
0.784055
0.539353
0.581611
0.495131
0.394844
0.424518
0.731748
0.51502
0.438337
0.341425
0.237873
0.682701
0.612859
0.216345
0.353177
0.477867
0.663771
0.245659
0.711009
0.932168
0.462644
0.799146
0.653728
0.473278
0.639238
0.861537
0.66021
0.633816
0.478077
0.371564
0.68339
0.630849
0.459391
0.829487
0.814729
0.270939
0.367137
0.430783
0.672927
0.459909
0.804817
0.245414
0.269709
0.795717
0.752743
0.598791
0.835939
0.297054
0.468398
0.322288
0.19682
0.269502
0.0744858
0.42788
0.765399
0.635279
0.597253
0.523162
0.579044
0.751884
0.51062
0.419785
0.534058
0.31907
0.50963
0.400006
0.579035
0.422911
0.279699
0.492806
0.108071
0.589841
0.446117
0.372728
0.150365
0.422836
0.681212
0.631316
0.683242
0.466091
0.114567
0.182751
0.5011
0.89377
0.734633
0.452005
0.553238
0.442644
0.388088
0.255528
0.51901
0.707614
0.276202
0.421256
0.619175
0.493368
0.51549
0.706367
0.767857
0.364642
0.872874
0.458016
0.649921
0.861722
0.703556
0.223938
0.164081
0.547126
0.412766
0.65654
0.402523
0.623533
0.430517
0.565852
0.443286
0.812343
0.73149
0.363382
0.212103
0.506355
0.850094
0.900662
0.525904
0.409386
0.133765
0.843009
0.660617
0.449796
0.645506
0.230681
0.391393
0.704111
0.669652
0.266417
0.433846
0.391197
0.692796
0.629984
0.0703602
0.696617
0.524812
0.257118
0.475995
0.761015
0.392849
0.531974
0.363982
0.615643
0.884146
0.228869
0.551274
0.672301
0.0315078
0.30088
0.400089
0.574225
0.628209
0.249532
0.821834
0.28865
0.52712
0.321563
0.635298
0.771019
0.221749
0.165434
0.0514383
0.35499
0.424922
0.342017
0.41257
0.221656
0.153767
0.220585
0.544243
0.375584
0.497619
0.802922
0.183547
0.50449
0.788474
0.405165
0.428053
0.423628
0.311547
0.388628
0.505081
0.505131
0.48649
0.267618
0.891443
0.566817
0.617776
0.533972
0.419285
0.644141
0.355709
0.42475
0.484107
0.39325
0.927552
0.621247
0.326527
0.572242
0.491148
0.504198
0.0898148
0.622047
0.631433
0.601767
0.460693
0.317443
0.563213
0.753655
0.181354
0.783074
0.521497
0.776337
0.0761467
0.368439
0.613708
0.551202
0.466824
0.950114
0.576012
0.469052
0.455714
0.678662
0.418996
0.551158
0.0366705
0.511892
0.36592
0.32878
0.349096
0.575375
0.279662
0.199784
0.620819
0.46532
0.442537
0.492693
0.451076
0.558152
0.596073
0.355248
0.565298
0.215322
0.565813
0.846252
0.528898
0.471148
0.589203
0.246211
0.637711
0.865635
0.632556
0.113985
0.808186
0.533523
0.526088
0.5034
0.770951
0.484949
0.663971
0.515464
0.226783
0.712394
0.809304
0.498578
0.354516
0.832763
0.211915
0.720836
0.665893
0.422686
0.289824
0.725229
0.182807
0.529335
0.543209
0.340286
0.767884
0.538275
0.662649
0.4554
0.669787
0.654095
0.461421
0.181823
0.450138
0.698767
0.304571
0.907013
0.439368
0.256905
0.62546
0.511738
0.724327
0.896328
0.413452
0.656072
0.400911
0.26653
0.724379
0.052129
0.93047
0.326897
0.808389
0.528098
0.419199
0.280707
0.36775
0.449862
0.495182
0.490196
0.750147
0.203208
0.18828
0.222173
0.550995
0.451342
0.32344
0.522882
0.64123
0.269171
0.418535
0.345046
0.55504
0.517468
0.433295
0.749235
0.464956
0.456855
0.446349
0.575909
0.639667
0.613148
0.442864
0.433745
0.822941
0.792412
0.375776
0.174
0.389951
0.405752
0.518996
0.719988
0.930323
0.400587
0.861552
0.194854
0.575138
0.606879
0.39698
0.240142
0.428145
0.193526
0.642845
0.2418
0.379358
0.691796
0.580677
0.879545
0.372236
0.67946
0.437109
0.48967
0.863535
0.730953
0.33245
0.680653
0.757991
0.625634
0.803425
0.465095
0.517867
0.567929
0.56225
0.870772
0.440413
0.309858
0.584696
0.567774
0.264273
0.578178
0.725267
0.497952
0.308785
0.595059
0.538074
0.317084
0.268151
0.742981
0.337477
0.659409
0.575371
0.561204
0.262998
0.808403
0.418846
0.772934
0.218514
0.806847
0.53749
0.428972
0.536209
0.363529
0.838186
0.515398
0.571179
0.613061
0.172365
0.509549
0.66313
0.859566
0.776481
0.380235
0.507018
0.384197
0.924104
0.41492
0.45497
0.720643
0.755335
0.518244
0.12731
0.502039
0.5422
0.263035
0.440943
0.556866
0.816672
0.486655
0.268855
0.380702
0.330915
0.612226
0.424959
0.434845
0.237327
0.136058
0.523923
0.4221
0.168929
0.859238
0.49619
0.264201
0.0685944
0.45314
0.643757
0.454575
0.658627
0.335269
0.602847
0.784401
0.860101
0.593612
0.434993
0.639049
0.264408
0.834375
0.298584
0.636329
0.427382
0.839692
0.758371
0.827082
0.799366
0.30863
0.770869
0.50293
0.522529
0.216526
0.239125
0.355213
0.619749
0.4644
0.260721
0.30333
0.267294
0.501922
0.798406
0.259954
0.386553
0.494124
0.483179
0.424795
0.708012
0.363762
0.115138
0.397804
0.753626
0.677962
0.157875
0.476915
0.351739
0.359486
0.627654
0.454685
0.341662
0.589696
0.759092
0.552361
0.542949
0.531996
0.684518
0.329142
0.857465
0.641248
0.0946772
0.478634
0.540196
0.336391
0.453878
0.373701
0.217843
0.700202
0.823193
0.54513
0.652091
0.131863
0.700751
0.478762
0.537518
0.514695
0.518666
0.689944
0.29199
0.473179
0.541587
0.483392
0.340429
0.680058
0.892329
0.630752
0.810753
0.436076
0.285525
0.397395
0.353795
0.381579
0.28071
0.424162
0.466953
0.710983
0.471673
0.419039
0.244314
0.647766
0.509464
0.937912
0.393919
0.699421
0.211819
0.732817
0.655883
0.348479
0.242306
0.720282
0.422963
0.347461
0.447934
0.571601
0.9082
0.672316
0.424426
0.751092
0.622208
0.45063
0.233849
0.527587
0.715637
0.817616
0.429761
0.558677
0.410344
0.664605
0.650468
0.596384
0.285736
0.631463
0.521508
0.6872
0.604726
0.456121
0.463909
0.438643
0.156743
0.431067
0.735234
0.498675
0.763159
0.228417
0.635938
0.34358
0.133507
0.74188
0.293969
0.794091
0.678781
0.355626
0.796069
0.878787
0.18116
0.186852
0.664664
0.238001
0.387367
0.360476
0.784716
0.210689
0.635923
0.261176
0.865379
0.0709448
0.546486
0.469676
0.87676
0.580037
0.592436
0.226903
0.632571
0.0941029
0.545849
0.781362
0.794908
0.416805
0.826968
0.861811
0.557874
0.410528
0.208228
0.27898
0.62223
0.578859
0.615898
0.796895
0.303729
0.407353
0.440333
0.425972
0.723237
0.698789
0.808828
0.176859
0.507255
0.463334
0.693014
0.575664
0.782875
0.623267
0.515716
0.377968
0.481716
0.366117
0.590163
0.930694
0.57282
0.429306
0.767393
0.0176683
0.324983
0.423589
0.585693
0.286395
0.0544427
0.501807
0.508845
0.49031
0.0443409
0.253702
0.507965
0.292472
0.42781
0.656745
0.784636
0.263385
0.807038
0.737138
0.351052
0.967375
0.736117
0.294408
0.97584
0.168624
0.42594
0.117185
0.172185
0.699732
0.634909
0.56701
0.447867
0.422353
0.189659
0.231211
0.454793
0.47121
0.435472
0.545115
0.468547
0.609465
0.146554
0.358104
0.296487
0.535196
0.53177
0.867188
0.755858
0.365393
0.45195
0.666051
0.281371
0.285656
0.320302
0.356692
0.514666
0.490455
0.387976
0.245036
0.89605
0.550561
0.722258
0.0910865
0.32185
0.23095
0.665376
0.20843
0.348722
0.544239
0.417332
0.907099
0.719194
0.461373
0.61668
0.348045
0.650716
0.713055
0.398599
0.826658
0.873425
0.502125
0.890118
0.827033
0.819857
0.208752
0.457794
0.387851
0.162743
0.307113
0.253619
0.395003
0.565033
0.223876
0.710397
0.365287
0.549266
0.255572
0.118315
0.109721
0.811337
0.92362
0.269884
0.864243
0.596721
0.282532
0.390893
0.549791
0.42516
0.708492
0.680523
0.272957
0.49278
0.582275
0.264175
0.502662
0.498614
0.542152
0.718094
0.557459
0.435409
0.619159
0.555312
0.112368
0.552649
0.578828
0.667894
0.883295
0.242603
0.680202
0.200961
0.471345
0.518256
0.324655
0.189421
0.548546
0.544893
0.203781
0.51881
0.640725
0.355109
0.567325
0.377103
0.212485
0.419976
0.61883
0.344853
0.583466
0.667046
0.308431
0.626441
0.404275
0.328882
0.428912
0.655749
0.494703
0.173739
0.432866
0.414951
0.296064
0.213002
0.775542
0.285687
0.513688
0.39795
0.349651
0.107273
0.224865
0.611402
0.715129
0.347093
0.301696
0.427733
0.338591
0.393829
0.447585
0.657766
0.443913
0.464571
0.470277
0.112964
0.337095
0.472401
0.61359
0.816355
0.705287
0.431459
0.344219
0.55557
0.401576
0.581996
0.439165
0.21635
0.613851
0.898362
0.54361
0.752838
0.577773
0.49839
0.568259
0.443964
0.630607
0.703041
0.36936
0.753169
0.414392
0.600715
0.60389
0.151697
0.423632
0.451039
0.476567
0.683669
0.354424
0.618459
0.794568
0.344089
0.348642
0.456408
0.320102
0.508926
0.238535
0.668276
0.360125
0.199377
0.283794
0.651931
0.356785
0.380377
0.15488
0.689944
0.441333
0.786411
0.553112
0.578183
0.488522
0.43562
0.369736
0.39089
0.157664
0.0362047
0.672918
0.560839
0.230797
0.40705
0.573317
0.308621
0.257592
0.827506
0.155622
0.685588
0.590865
0.399201
0.175145
0.600454
0.845782
0.545749
0.605278
0.680017
0.640045
0.694163
0.383369
0.169918
0.671582
0.47478
0.339247
0.311871
0.264486
0.444446
0.302383
0.239198
0.463147
0.380708
0.770369
0.413032
0.578761
0.612679
0.783131
0.476996
0.291602
0.647285
0.784001
0.638609
0.486685
0.517496
0.260482
0.2912
0.449615
0.322161
0.344305
0.570511
0.373728
0.345017
0.312024
0.395701
0.828734
0.433413
0.564168
0.774877
0.415392
0.485262
0.672686
0.260783
0.779896
0.4357
0.4731
0.922741
0.485922
0.552901
0.439536
0.5564
0.94145
0.645455
0.717525
0.0833014
0.65175
0.451709
0.201139
0.697782
0.519096
0.524431
0.427811
0.799169
0.234016
0.842083
0.325852
0.602683
0.502093
0.671047
0.486424
0.552983
0.424562
0.371023
0.643438
0.26969
0.300133
0.378848
0.931577
0.734752
0.439768
0.523934
0.254344
0.786946
0.285232
0.621485
0.23076
0.719299
0.696605
0.457632
0.201068
0.38067
0.723032
0.323592
0.158509
0.163203
0.495282
0.673922
0.235938
0.612846
0.577886
0.776912
0.512806
0.130577
0.692845
0.893128
0.419712
0.337456
0.676087
0.561076
0.404471
0.6571
0.852143
0.486954
0.285363
0.524634
0.711637
0.828386
0.853931
0.361642
0.350492
0.830041
0.301427
0.562118
0.578909
0.31199
0.429733
0.714875
0.432432
0.429602
0.869274
0.643361
0.516602
0.41682
0.663185
0.0742461
0.690962
0.692508
0.588708
0.351703
0.547338
0.252672
0.473494
0.0946738
0.461603
0.689197
0.0262391
0.549953
0.697293
0.468796
0.337769
0.624364
0.613692
0.273796
0.720419
0.684762
0.480236
0.249372
0.440285
0.695094
0.223252
0.419799
0.158616
0.615177
0.63034
0.329259
0.535363
0.716369
0.611844
0.63072
0.459597
0.0747336
0.0681554
0.389371
0.758246
0.482799
0.735749
0.285048
0.496296
0.376465
0.0841041
0.691078
0.618352
0.604087
0.409874
0.274924
0.693141
0.470218
0.223884
0.808987
0.409276
0.467004
0.850748
0.297882
0.232321
0.461623
0.36015
0.82149
0.269907
0.338714
0.522984
0.661042
0.403362
0.202122
0.434853
0.318453
0.631059
0.720838
0.773577
0.457135
0.830383
0.559409
0.356602
0.585414
0.281952
0.56362
0.238438
0.471727
0.811423
0.477671
0.0374387
0.323672
0.290968
0.449582
0.505494
0.68101
0.504193
0.436993
0.553378
0.76564
0.0150027
0.356025
0.518771
0.199566
0.192643
0.42131
0.413123
0.0448392
0.931839
0.605781
0.707821
0.537426
0.368719
0.504285
0.919287
0.179898
0.529877
0.615548
0.326854
0.0258616
0.363677
0.662468
0.606537
0.531952
0.489622
0.55123
0.487967
0.271233
0.263322
0.925143
0.741011
0.594795
0.39129
0.499626
0.372844
0.496293
0.34158
0.470202
0.365383
0.477181
0.682912
0.765841
0.607296
0.628319
0.246733
0.775454
0.373965
0.43663
0.643313
0.405824
0.28301
0.493445
0.674733
0.434716
0.602216
0.324128
0.574342
0.603373
0.610902
0.476572
0.763937
0.748088
0.415018
0.299089
0.456714
0.501003
0.690427
0.506224
0.445659
0.695755
0.27812
0.673955
0.303866
0.594049
0.379239
0.223736
0.484909
0.40473
0.297102
0.747807
0.448171
0.797371
0.247555
0.696139
0.445693
0.717873
0.208247
0.488379
0.49391
0.794045
0.60163
0.532125
0.315242
0.474589
0.305693
0.421809
0.671362
0.275408
0.56068
0.260459
0.521555
0.612576
0.289235
0.589559
0.326395
0.181845
0.171658
0.330222
0.0786324
0.199975
0.517162
0.431824
0.779927
0.553666
0.546242
0.59225
0.593767
0.50734
0.148495
0.456845
0.29164
0.601487
0.504421
0.121153
0.871261
0.728756
0.659005
0.555478
0.362311
0.605446
0.709035
0.237283
0.846972
0.46151
0.715384
0.320406
0.609143
0.752671
0.775672
0.588032
0.0880295
0.0536894
0.39195
0.229359
0.448472
0.522342
0.342274
0.64782
0.592115
0.929061
0.214246
0.551731
0.320221
0.227743
0.58283
0.996179
0.120685
0.49863
0.513934
0.337954
0.688474
0.824671
0.649547
0.733268
0.300495
0.268244
0.579326
0.351012
0.55255
0.595568
0.527859
0.892226
0.727814
0.251609
0.585959
0.299471
0.202949
0.318773
0.288641
0.70772
0.809701
0.798108
0.291565
0.731393
0.456553
0.532252
0.722037
0.600078
0.576712
0.444788
0.479821
0.448522
0.605437
0.501181
0.337234
0.234361
0.201423
0.40189
0.637262
0.300099
0.313689
0.498768
0.712591
0.513769
0.957132
0.781297
0.347712
0.215695
0.1966
0.509677
0.680474
0.366748
0.851128
0.177283
0.388626
0.836437
0.316597
0.465437
0.331199
0.187173
0.166895
0.708931
0.513707
0.603989
0.830309
0.621211
0.820423
0.286977
0.649621
0.633584
0.906182
0.666679
0.52112
0.68329
0.464388
0.720614
0.5694
0.140739
0.287107
0.462134
0.451608
0.796704
0.607381
0.840715
0.896482
0.935708
0.663069
0.83581
0.470216
0.502307
0.745784
0.444327
0.32298
0.222476
0.697679
0.554778
0.306559
0.772725
0.393088
0.369102
0.865363
0.195082
0.191207
0.576156
0.489725
0.73653
0.170255
0.398808
0.282156
0.146936
0.652756
0.429553
0.323945
0.200033
0.105792
0.837545
0.541181
0.807416
0.449335
0.572893
0.656023
0.576045
0.629919
0.612038
0.570754
0.515155
0.516215
0.581018
0.66887
0.32901
0.247202
0.261373
0.529171
0.337347
0.612933
0.526416
0.935553
0.545855
0.37203
0.673575
0.826899
0.244497
0.609335
0.911471
0.468211
0.241959
0.811307
0.42837
0.635816
0.449952
0.286011
0.511599
0.496219
0.511603
0.378737
0.605531
0.619889
0.523605
0.633524
0.488643
0.207971
0.632274
0.625077
0.418183
0.621661
0.889148
0.134777
0.133918
0.190669
0.7322
0.668724
0.530416
0.538933
0.814236
0.514925
0.60026
0.80248
0.630497
0.611033
0.418614
0.625992
0.502957
0.443178
0.482461
0.71144
0.459298
0.520714
0.635857
0.453781
0.899965
0.170894
0.605484
0.835489
0.677235
0.471703
0.838769
0.26339
0.815653
0.590318
0.379796
0.417992
0.583661
0.618865
0.9362
0.447212
0.481763
0.698356
0.583231
0.47314
0.442968
0.295934
0.2191
0.892174
0.646774
0.44975
0.428731
0.335601
0.828401
0.12002
0.330979
0.419404
0.320463
0.484033
0.277359
0.548792
0.294717
0.0871007
0.438309
0.554697
0.777022
0.710642
0.355942
0.826143
0.489087
0.142847
0.460261
0.364182
0.426079
0.73655
0.838735
0.319745
0.309597
0.713171
0.717135
0.589535
0.661027
0.620819
0.652471
0.430739
0.220736
0.678854
0.356871
0.317138
0.294019
0.440414
0.864173
0.395827
0.33524
0.77866
0.419012
0.415544
0.686998
0.151684
0.511109
0.884286
0.871673
0.425268
0.395486
0.475625
0.688166
0.231867
0.232253
0.339852
0.0971007
0.418447
0.647603
0.487791
0.483231
0.585002
0.560646
0.801855
0.36427
0.0397987
0.538611
0.490629
0.470832
0.696618
0.736008
0.439969
0.852622
0.513482
0.641214
0.425364
0.771509
0.521575
0.397
0.536971
0.122557
0.317275
0.379418
0.430507
0.479589
0.589445
0.51249
0.153866
0.592291
0.328351
0.964068
0.311053
0.76737
0.311779
0.411219
0.211761
0.546709
0.788154
0.481473
0.916621
0.450976
0.475677
0.269215
0.724865
0.787564
0.570729
0.494474
0.662906
0.127251
0.407984
0.414361
0.418983
0.534412
0.238908
0.515337
0.430816
0.491081
0.294546
0.80747
0.469884
0.685661
0.372702
0.209855
0.577665
0.442504
0.638842
0.559246
0.595923
0.549092
0.654286
0.692024
0.794805
0.592994
0.344419
0.842512
0.239275
0.651247
0.693962
0.268662
0.546072
0.28029
0.405461
0.559081
0.570177
0.235039
0.581446
0.493364
0.321407
0.701142
0.689902
0.620629
0.548539
0.554979
0.646888
0.389154
0.940051
0.271352
0.799436
0.702967
0.7773
0.0793819
0.415971
0.699213
0.637665
0.822492
0.490814
0.333078
0.881915
0.208929
0.243487
0.525059
0.171767
0.744654
0.14278
0.668277
0.150332
0.120961
0.609749
0.211553
0.679849
0.684632
0.753053
0.326906
0.667844
0.348886
0.564221
0.338108
0.524558
0.908896
0.949703
0.629904
0.181197
0.206061
0.800738
0.675467
0.360316
0.44073
0.501313
0.61264
0.426307
0.663533
0.848701
0.467445
0.655741
0.58092
0.310287
0.166393
0.653986
0.791021
0.8646
0.896982
0.406264
0.421362
0.373697
0.668844
0.588037
0.87049
0.508267
0.595911
0.771298
0.460966
0.196026
0.462947
0.5501
0.791725
0.388212
0.55779
0.370349
0.433221
0.138193
0.543573
0.485614
0.339246
0.560431
0.313199
0.472431
0.45482
0.68724
0.311296
0.625284
0.479966
0.565052
0.726848
0.313177
0.604692
0.631031
0.752677
0.516421
0.260954
0.4852
0.275896
0.273995
0.542835
0.122372
0.406457
0.658524
0.426677
0.0124577
0.668847
0.657679
0.778317
0.616906
0.474996
0.47749
0.365108
0.50328
0.664386
0.794808
0.695823
0.669153
0.44036
0.372823
0.492052
0.510768
0.44956
0.215352
0.45012
0.571092
0.544425
0.572211
0.683094
0.776142
0.436637
0.619827
0.337821
0.81764
0.492353
0.527856
0.362522
0.164325
0.338063
0.884383
0.755814
0.383414
0.738855
0.0889235
0.35861
0.0279742
0.378858
0.334215
0.855738
0.795141
0.716574
0.184493
0.634629
0.484368
0.505834
0.519643
0.503881
0.484106
0.36599
0.251378
0.504972
0.589504
0.453033
0.229267
0.655871
0.402998
0.32621
0.641199
0.445756
0.393791
0.52272
0.474552
0.755532
0.391539
0.64603
0.241076
0.609285
0.3637
0.441337
0.680219
0.767299
0.275263
0.374623
0.542318
0.651741
0.653775
0.149787
0.814832
0.451535
0.181827
0.391248
0.391488
0.483491
0.713337
0.88741
0.195933
0.492156
0.559231
0.83335
0.658215
0.551366
0.212304
0.429042
0.704122
0.585921
0.380305
0.482419
0.554134
0.762301
0.770454
0.834523
0.14045
0.602768
0.517865
0.466987
0.337309
0.657716
0.47455
0.570029
0.461477
0.426567
0.274885
0.142144
0.636553
0.447987
0.667669
0.360611
0.626426
0.585674
0.554084
0.504937
0.62997
0.51642
0.495129
0.1333
0.790733
0.282648
0.651284
0.505035
0.312142
0.502061
0.691382
0.410177
0.58044
0.43252
0.156928
0.610038
0.584298
0.570759
0.592244
0.51076
0.181755
0.318974
0.450127
0.484784
0.901868
0.483823
0.356849
0.923087
0.480176
0.47783
0.269605
0.644068
0.213775
0.573661
0.38369
0.702893
0.483558
0.417192
0.845932
0.438101
0.427858
0.235787
0.405126
0.260219
0.763478
0.283644
0.579404
0.730125
0.636788
0.0465517
0.24474
0.392858
0.649301
0.583866
0.247959
0.625531
0.338861
0.115982
0.221896
0.426
0.409288
0.571041
0.229491
0.611873
0.388034
0.285102
0.18791
0.817454
0.653157
0.905438
0.222944
0.469143
0.40759
0.277122
0.678167
0.587819
0.690446
0.198532
0.452569
0.309678
0.401794
0.411838
0.664592
0.434978
0.579059
0.550053
0.839697
0.607096
0.799932
0.492662
0.39284
0.392305
0.59838
0.187325
0.626428
0.0736039
0.667085
0.475622
0.288564
0.389935
0.381318
0.816271
0.435589
0.245081
0.31604
0.529719
0.417166
0.578492
0.439662
0.793473
0.751357
0.633295
0.554687
0.598023
0.481376
0.774644
0.817122
0.228643
0.304901
0.304634
0.303296
0.568871
0.341062
0.387852
0.104434
0.126892
0.849438
0.744726
0.316042
0.16655
0.539614
0.187705
0.550899
0.680171
0.309058
0.868327
0.741149
0.670837
0.321313
0.271198
0.506727
0.817252
0.285712
0.533836
0.254036
0.574766
0.62403
0.589344
0.930573
0.621634
0.908727
0.921836
0.497832
0.290019
0.531644
0.392478
0.196632
0.726745
0.511222
0.63702
0.565644
0.509273
0.170557
0.453641
0.435673
0.297803
0.117805
0.392878
0.758945
0.334933
0.534668
0.429424
0.144369
0.709735
0.727928
0.638521
0.356459
0.783575
0.223195
0.717622
0.297335
0.53051
0.379266
0.487027
0.627924
0.775509
0.0757101
0.671098
0.696209
0.419268
0.475502
0.304669
0.827094
0.218818
0.188768
0.527227
0.290171
0.0486152
0.862895
0.320406
0.398377
0.797261
0.298503
0.412287
0.202286
0.660471
0.639992
0.115018
0.631458
0.571398
0.513564
0.280169
0.696012
0.864831
0.684889
0.849252
0.498302
0.502338
0.382767
0.6448
0.816284
0.79082
0.384368
0.59035
0.406905
0.507451
0.781844
0.465641
0.439528
0.69943
0.049341
0.596355
0.606168
0.157454
0.603649
0.545623
0.966987
0.667282
0.500932
0.417544
0.476265
0.624217
0.236224
0.800924
0.895729
0.450828
0.811591
0.674377
0.438889
0.988684
0.313054
0.261945
0.501718
0.640333
0.685617
0.371337
0.721742
0.518271
0.719944
0.664853
0.869325
0.213038
0.463456
0.606036
0.211654
0.523134
0.342838
0.493082
0.501641
0.594856
0.234152
0.53295
0.130691
0.400644
0.540996
0.328163
0.245982
0.34
0.540335
0.441179
0.769645
0.4775
0.829882
0.369248
0.268949
0.537902
0.660103
0.805589
0.513269
0.758803
0.75814
0.480716
0.315432
0.556792
0.45019
0.170717
0.891628
0.69349
0.463044
0.627223
0.485916
0.733341
0.234788
0.226822
0.391963
0.565515
0.388786
0.555592
0.266476
0.617705
0.724396
0.937442
0.765411
0.620117
0.651979
0.582883
0.545835
0.383377
0.449074
0.577839
0.56299
0.0345875
0.538757
0.850064
0.353851
0.511203
0.690476
0.543718
0.135188
0.342883
0.117836
0.40061
0.555824
0.856942
0.39704
0.289572
0.329572
0.423479
0.453923
0.443443
0.236975
0.711752
0.566702
0.756048
0.620749
0.659824
0.905834
0.159573
0.511505
0.464964
0.581521
0.645701
0.407091
0.382783
0.493713
0.411802
0.490567
0.478528
0.478577
0.406509
0.708572
0.704434
0.319709
0.716896
0.643566
0.28251
0.641525
0.282531
0.500112
0.352596
0.526502
0.839569
0.78714
0.700997
0.897184
0.791072
0.414788
0.61547
0.778039
0.367681
0.936194
0.51781
0.501521
0.485747
0.0512896
0.505753
0.246868
0.628001
0.251379
0.291372
0.499422
0.364795
0.620013
0.25362
0.592438
0.301928
0.317377
0.42814
0.442613
0.784042
0.662134
0.737934
0.414734
0.600533
0.486376
0.12394
0.950109
0.233878
0.0760694
0.465058
0.167635
0.358308
0.521094
0.782604
0.595576
0.339617
0.685674
0.704661
0.516369
0.404992
0.271756
0.521274
0.605959
0.944619
0.0845719
0.391867
0.123418
0.574834
0.621366
0.371762
0.355778
0.13556
0.490976
0.405152
0.347284
0.712703
0.933673
0.787311
0.141438
0.569211
0.34739
0.329336
0.338457
0.0363851
0.738194
0.564165
0.219965
0.4601
0.899548
0.313065
0.516985
0.714457
0.386675
0.787307
0.0964935
0.588448
0.488989
0.130142
0.416005
0.0191212
0.915361
0.409735
0.544935
0.687735
0.793617
0.554104
0.375617
0.413354
0.347453
0.574669
0.346158
0.571286
0.750644
0.155392
0.571472
0.931766
0.170123
0.290041
0.728077
0.357235
0.896276
0.630513
0.862462
0.714529
0.220463
0.564665
0.49203
0.651276
0.356525
0.272552
0.441867
0.553765
0.214755
0.615441
0.309789
0.546518
0.723515
0.69243
0.27634
0.811748
0.655415
0.754997
0.675628
0.79989
0.551667
0.400247
0.317128
0.570322
0.349996
0.5691
0.497769
0.544404
0.708123
0.856132
0.467859
0.87088
0.776646
0.493264
0.31362
0.896705
0.311804
0.599932
0.793318
0.404306
0.530347
0.397881
0.613178
0.319244
0.495457
0.569145
0.453551
0.510239
0.584368
0.79129
0.254929
0.0964714
0.725083
0.214449
0.347695
0.345036
0.60126
0.250121
0.458692
0.284421
0.411103
0.522227
0.451892
0.577815
0.527787
0.186332
0.359709
0.493051
0.545657
0.553442
0.33567
0.473943
0.708188
0.560267
0.60841
0.360731
0.600395
0.60824
0.341176
0.725361
0.750093
0.649156
0.500202
0.580236
0.419144
0.625668
0.909614
0.387097
0.377528
0.480395
0.619653
0.835632
0.839821
0.427874
0.539284
0.279369
0.505337
0.539001
0.483469
0.509432
0.279969
0.41816
0.359574
0.714626
0.269422
0.358611
0.16662
0.519375
0.520294
0.34227
0.305315
0.408921
0.74717
0.605403
0.395991
0.144234
0.420575
0.222286
0.875832
0.436991
0.602437
0.264311
0.595944
0.698005
0.302314
0.0725052
0.463101
0.0904018
0.389469
0.536906
0.870153
0.41186
0.732518
0.506672
0.233363
0.498152
0.250131
0.560328
0.404099
0.383239
0.442979
0.345952
0.546588
0.3691
0.738828
0.556638
0.272593
0.451465
0.619421
0.336999
0.398151
0.715597
0.509479
0.521954
0.636696
0.359224
0.2949
0.589518
0.367101
0.417684
0.0989309
0.564773
0.314434
0.0593378
0.581823
0.342676
0.555395
0.487256
0.0411823
0.502825
0.209649
0.526155
0.476969
0.169756
0.502478
0.39154
0.046793
0.327856
0.583392
0.430961
0.473885
0.230399
0.0595738
0.29528
0.481852
0.647698
0.652216
0.540785
0.717018
0.179854
0.708077
0.580999
0.880884
0.715016
0.497749
0.699954
0.431984
0.344564
0.8064
0.506706
0.728066
0.652091
0.27192
0.253803
0.366333
0.773497
0.24967
0.360435
0.741124
0.481039
0.182214
0.273888
0.475176
0.274578
0.526642
0.470985
0.392302
0.568802
0.241335
0.444086
0.586071
0.545604
0.658198
0.434232
0.400751
0.59633
0.265645
0.466974
0.277531
0.509023
0.501821
0.414397
0.930744
0.1613
0.606758
0.349824
0.705523
0.959937
0.406405
0.379635
0.730065
0.623744
0.600661
0.429633
0.612351
0.136717
0.201784
0.631331
0.442965
0.803998
0.718747
0.496526
0.752275
0.323595
0.507355
0.486468
0.832052
0.142288
0.405118
0.874933
0.46826
0.594626
0.344157
0.472446
0.643489
0.429393
0.584545
0.321897
0.654226
0.308368
0.534811
0.393733
0.349878
0.717704
0.825462
0.601904
0.337162
0.462677
0.375659
0.129706
0.505214
0.522088
0.142362
0.597592
0.613496
0.518984
0.565504
0.523079
0.446257
0.419926
0.921963
0.315732
0.174084
0.305426
0.37531
0.218284
0.574732
0.159683
0.457548
0.647843
0.6522
0.108213
0.543258
0.309156
0.454699
0.387412
0.0758132
0.244821
0.528892
0.560604
0.879498
0.655354
0.4595
0.100543
0.340636
0.36496
0.330098
0.438857
0.0650109
0.726827
0.202626
0.438347
0.318112
0.554733
0.849873
0.47455
0.628928
0.835746
0.486906
0.418443
0.387255
0.521713
0.634124
0.292616
0.588694
0.115268
0.506373
0.728725
0.580719
0.559007
0.459208
0.084506
0.237447
0.60448
0.535196
0.684086
0.439927
0.380582
0.539786
0.125818
0.562994
0.298945
0.33805
0.957307
0.868982
0.726848
0.7003
0.247793
0.782744
0.526176
0.536287
0.193499
0.471728
0.599886
0.244442
0.372039
0.478992
0.505454
0.6643
0.617451
0.356343
0.487689
0.256999
0.717862
0.318918
0.451336
0.150444
0.743295
0.391834
0.436786
0.0724498
0.291584
0.343669
0.580245
0.456901
0.795816
0.400815
0.332636
0.144681
0.767214
0.310928
0.379507
0.612841
0.452825
0.272937
0.747161
0.552199
0.367853
0.575296
0.498219
0.875279
0.517945
0.483344
0.212782
0.37322
0.357206
0.49092
0.619314
0.751993
0.63319
0.500539
0.782363
0.665006
0.750577
0.320691
0.6722
0.620869
0.140721
0.568028
0.234397
0.781822
0.354723
0.636422
0.745366
0.180064
0.70314
0.344114
0.782847
0.265894
0.245933
0.694359
0.558283
0.463357
0.791702
0.884227
0.650992
0.54574
0.295727
0.270417
0.352043
0.655048
0.651835
0.450154
0.368668
0.676245
0.353525
0.939499
0.0580485
0.438809
0.355315
0.630546
0.652264
0.354863
0.695682
0.783291
0.604159
0.614829
0.548496
0.757086
0.226865
0.44832
0.350252
0.510891
0.717669
0.719661
0.505951
0.600682
0.449905
0.76418
0.906857
0.47666
0.584485
0.883112
0.59892
0.832063
0.0957081
0.80167
0.421044
0.579659
0.723876
0.656587
0.287913
0.231159
0.660297
0.71612
0.522496
0.529062
0.438172
0.54723
0.748874
0.62963
0.545833
0.731405
0.336474
0.459902
0.196803
0.492251
0.242251
0.570929
0.484079
0.734762
0.327871
0.883538
0.314024
0.507828
0.334367
0.172266
0.558239
0.788347
0.177243
0.457211
0.779718
0.246921
0.0804624
0.672854
0.18258
0.291928
0.298204
0.557072
0.602661
0.700422
0.778783
0.652805
0.399168
0.53106
0.605548
0.139047
0.525605
0.275965
0.405081
0.40706
0.851142
0.345146
0.643474
0.87192
0.471558
0.488825
0.836915
0.458723
0.291859
0.149744
0.683311
0.527008
0.58065
0.499224
0.977125
0.696167
0.489309
0.547489
0.40008
0.608806
0.196946
0.730467
0.385845
0.618306
0.885173
0.26202
0.2373
0.210964
0.664581
0.302254
0.530435
0.672389
0.367886
0.629283
0.569401
0.0819956
0.292602
0.513562
0.762719
0.668696
0.519099
0.880575
0.271112
0.885065
0.347886
0.609449
0.132876
0.75652
0.192889
0.451709
0.803216
0.136245
0.435504
0.0661792
0.649392
0.445802
0.287131
0.55269
0.924033
0.805627
0.125918
0.629032
0.0944195
0.658787
0.566356
0.732252
0.636006
0.565624
0.188371
0.337168
0.503941
0.296096
0.395521
0.671646
0.47678
0.670894
0.789862
0.269932
0.422098
0.301574
0.244033
0.442051
0.264128
0.454211
0.519065
0.248968
0.539064
0.710282
0.819406
0.459989
0.404112
0.422679
0.594581
0.730521
0.82184
0.164033
0.189946
0.375104
0.37186
0.438673
0.616883
0.622291
0.247344
0.878827
0.255811
0.624695
0.474314
0.469861
0.723341
0.759239
0.247171
0.548561
0.427841
0.389367
0.504337
0.392705
0.505705
0.27268
0.473397
0.669395
0.873528
0.684188
0.395563
0.333787
0.549404
0.587089
0.4948
0.269154
0.189496
0.819709
0.487341
0.533365
0.454044
0.27894
0.532886
0.526124
0.35987
0.467243
0.509166
0.715518
0.1945
0.532004
0.34707
0.261637
0.359912
0.562754
0.393977
0.449258
0.681939
0.423445
0.378419
0.790801
0.264294
0.283761
0.529669
0.484977
0.88418
0.275098
0.261296
0.115769
0.719382
0.333597
0.558228
0.550621
0.86475
0.304323
0.812315
0.445902
0.63891
0.767427
0.331844
0.591951
0.600026
0.30878
0.10596
0.529222
0.482424
0.594388
0.635375
0.441267
0.433813
0.619515
0.246246
0.279509
0.475854
0.390226
0.284554
0.398982
0.528761
0.55675
0.443804
0.183435
0.633607
0.654802
0.709297
0.212406
0.673976
0.622703
0.507759
0.4721
0.441547
0.148854
0.631493
0.436125
0.30821
0.165873
0.361781
0.541344
0.560234
0.444374
0.446652
0.158345
0.618004
0.251118
0.693671
0.60522
0.407813
0.422987
0.418791
0.577584
0.570151
0.469922
0.347883
0.566987
0.481905
0.95671
0.297917
0.414066
0.237868
0.425227
0.570328
0.59202
0.779894
0.50544
0.469504
0.640224
0.780038
0.625197
0.214852
0.366983
0.676969
0.865584
0.245319
0.514664
0.432905
0.520289
0.52076
0.529675
0.621318
0.304182
0.404981
0.403958
0.373595
0.91802
0.0707596
0.753886
0.505825
0.812895
0.597634
0.876679
0.314844
0.509783
0.538695
0.473676
0.575658
0.216252
0.713095
0.554002
0.19029
0.244108
0.336462
0.731415
0.231123
0.868509
0.331863
0.701292
0.289726
0.280724
0.269451
0.133996
0.585156
0.673521
0.36336
0.0450187
0.703678
0.759816
0.30993
0.40156
0.134826
0.16197
0.481777
0.299397
0.93668
0.620836
0.0977043
0.993135
0.90623
0.860355
0.468912
0.38712
0.548628
0.205255
0.777458
0.293556
0.432149
0.186094
0.573348
0.338549
0.183585
0.377619
0.282137
0.346032
0.421846
0.603134
0.995381
0.353759
0.345415
0.399293
0.171745
0.614746
0.482376
0.272427
0.607043
0.511788
0.779608
0.289273
0.636951
0.261862
0.250779
0.431656
0.516618
0.111488
0.320694
0.406419
0.276848
0.923304
0.29655
0.238587
0.587004
0.128339
0.564603
0.487513
0.760267
0.4677
0.153733
0.812414
0.517316
0.771598
0.225347
0.375491
0.480013
0.722842
0.342039
0.70748
0.597095
0.12618
0.535407
0.172246
0.809387
0.654062
0.736349
0.0537456
0.742492
0.363619
0.549201
0.550358
0.570385
0.478885
0.643978
0.0983823
0.423824
0.506498
0.208992
0.458135
0.822941
0.702329
0.449082
0.882861
0.593849
0.230721
0.532633
0.45235
0.584585
0.0572371
0.183578
0.789911
0.726152
0.690006
0.782502
0.893023
0.589906
0.334027
0.383951
0.194741
0.573017
0.846962
0.475029
0.734653
0.199169
0.584197
0.593324
0.454861
0.752157
0.295143
0.590159
0.648247
0.565498
0.682006
0.86817
0.472922
0.271664
0.55643
0.340145
0.20855
0.669957
0.22867
0.149037
0.566916
0.102589
0.338147
0.857051
0.38082
0.333942
0.283473
0.354653
0.382134
0.40848
0.234251
0.158318
0.541547
0.318238
0.406148
0.558813
0.57924
0.541296
0.355005
0.249789
0.267485
0.618115
0.494917
0.609386
0.532841
0.413044
0.369478
0.225565
0.127362
0.563855
0.404562
0.548844
0.774941
0.352524
0.445275
0.224044
0.710653
0.336062
0.828894
0.695682
0.417631
0.0565594
0.569848
0.599558
0.627796
0.505157
0.93201
0.746098
0.78941
0.745085
0.737783
0.668949
0.716206
0.704396
0.712696
0.255312
0.5195
0.629465
0.488421
0.39247
0.186483
0.545833
0.586365
0.857899
0.304534
0.803416
0.278199
0.848392
0.94318
0.388559
0.668896
0.586508
0.591997
0.665923
0.672087
0.360691
0.314504
0.568619
0.746753
0.148353
0.414784
0.485498
0.838483
0.639172
0.425327
0.199971
0.41776
0.518834
0.111258
0.215185
0.331956
0.791434
0.447887
0.655872
0.386906
0.211673
0.665183
0.167658
0.648207
0.566028
0.464543
0.340047
0.401546
0.0849463
0.399901
0.659821
0.535616
0.186196
0.676973
0.357036
0.810394
0.542367
0.261139
0.236243
0.547759
0.633557
0.696178
0.691086
0.230662
0.489219
0.422805
0.580842
0.321269
0.741117
0.647666
0.502964
0.307729
0.9023
0.450163
0.226169
0.563411
0.454991
0.326214
0.154051
0.551716
0.373247
0.754759
0.169679
0.233744
0.12419
0.634547
0.56713
0.735341
0.484637
0.575458
0.506349
0.404265
0.677862
0.0403334
0.533199
0.837427
0.378221
0.219993
0.687048
0.282378
0.549364
0.785874
0.573709
0.516439
0.374663
0.80138
0.511989
0.381086
0.706529
0.584839
0.467607
0.598422
0.504187
0.703577
0.968689
0.320781
0.647514
0.54045
0.552531
0.563733
0.807465
0.510779
0.523766
0.746991
0.721595
0.519468
0.409568
0.516902
0.766167
0.134694
0.477979
0.348472
0.634291
0.716368
0.540915
0.624046
0.722503
0.874212
0.493874
0.460024
0.496186
0.642076
0.649852
0.502177
0.647169
0.641797
0.405413
0.734385
0.774837
0.771635
0.13237
0.544787
0.615048
0.591032
0.418954
0.367607
0.509112
0.58519
0.389855
0.668094
0.348057
0.379632
0.314974
0.36226
0.645385
0.736658
0.0721828
0.46231
0.684499
0.302353
0.259888
0.812864
0.854901
0.584448
0.360617
0.232321
0.334311
0.528138
0.337364
0.697903
0.691738
0.318626
0.399869
0.412141
0.279572
0.175888
0.408478
0.662814
0.450708
0.418895
0.488712
0.337519
0.179651
0.463229
0.910122
0.278316
0.0845981
0.177744
0.638505
0.861083
0.640368
0.162661
0.700995
0.758449
0.540098
0.523178
0.109021
0.29438
0.706543
0.59944
0.564606
0.622716
0.371808
0.875363
0.530937
0.161197
0.937309
0.425599
0.478603
0.286681
0.493708
0.271598
0.724375
0.246544
0.42357
0.404456
0.759861
0.565416
0.427434
0.493966
0.322858
0.425654
0.606958
0.439997
0.194659
0.574162
0.406778
0.434042
0.312069
0.257396
0.259695
0.585511
0.763351
0.510585
0.697744
0.429044
0.0927676
0.326466
0.484707
0.265848
0.568887
0.30299
0.493565
0.303789
0.177262
0.818728
0.595382
0.447668
0.578573
0.608888
0.74405
0.35284
0.128798
0.31409
0.234342
0.49207
0.28843
0.648272
0.278622
0.497201
0.35324
0.281282
0.5906
0.423967
0.419546
0.35599
0.582436
0.849968
0.852426
0.75891
0.574485
0.352584
0.255773
0.337581
0.0849566
0.42527
0.548563
0.207169
0.309702
0.777453
0.732171
0.612951
0.320348
0.72491
0.789049
0.514586
0.80191
0.514284
0.383544
0.132275
0.819071
0.437057
0.141083
0.644159
0.64318
0.475078
0.26247
0.548478
0.590067
0.481383
0.0854474
0.903288
0.61173
0.536871
0.436187
0.730696
0.55287
0.634999
0.218836
0.321848
0.526286
0.233474
0.1717
0.503065
0.279064
0.473587
0.574106
0.622799
0.214466
0.504575
0.418513
0.0932427
0.402436
0.862089
0.667813
0.769701
0.454543
0.736608
0.698331
0.275004
0.557206
0.229324
0.384429
0.575497
0.249984
0.829732
0.511125
0.189321
0.203701
0.360934
0.3066
0.356968
0.296118
0.52531
0.866923
0.328269
0.700868
0.444993
0.600818
0.619204
0.498316
0.228262
0.55272
0.666163
0.484975
0.604695
0.5679
0.754479
0.401076
0.558668
0.743853
0.422277
0.713896
0.652462
0.467626
0.239919
0.887345
0.366992
0.569256
0.43953
0.73635
0.799881
0.226926
0.318306
0.507509
0.447308
0.739927
0.663525
0.245457
0.557809
0.640991
0.646424
0.797371
0.182886
0.850013
0.706284
0.475996
0.561044
0.176667
0.395307
0.444538
0.358546
0.459873
0.4791
0.304756
0.551944
0.48754
0.286762
0.162555
0.37412
0.570507
0.378833
0.613311
0.757331
0.750036
0.550547
0.132191
0.593415
0.598701
0.512065
0.272643
0.393108
0.429973
0.286587
0.369231
0.0630561
0.462298
0.441459
0.608956
0.530916
0.588884
0.216583
0.378157
0.835565
0.384937
0.438719
0.710071
0.561237
0.839518
0.309404
0.451097
0.131074
0.52966
0.728512
0.431767
0.487309
0.559894
0.264637
0.971411
0.0720351
0.570742
0.207733
0.463454
0.784213
0.975259
0.338662
0.581284
0.225291
0.313134
0.624488
0.31254
0.55754
0.717354
0.497634
0.0727194
0.185914
0.468892
0.201163
0.566883
0.735977
0.470346
0.38174
0.861288
0.437146
0.69995
0.685972
0.294687
0.532215
0.312798
0.565119
0.402019
0.720859
0.536644
0.317331
0.941224
0.406532
0.365073
0.0958013
0.406798
0.152867
0.781327
0.685465
0.581768
0.267448
0.351521
0.800056
0.722666
0.317501
0.506475
0.47559
0.390089
0.643806
0.186838
0.335521
0.730374
0.575805
0.256651
0.577079
0.68191
0.562669
0.195977
0.477484
0.62257
0.32172
0.563692
0.542957
0.392686
0.367401
0.57697
0.122692
0.421018
0.420655
0.384519
0.384116
0.349082
0.210309
0.216048
0.495067
0.592188
0.564794
0.570917
0.182627
0.693534
0.454216
0.464436
0.537701
0.620618
0.279538
0.480674
0.50851
0.321254
0.717355
0.486183
0.475506
0.399412
0.315431
0.339456
0.624355
0.689067
0.295934
0.286423
0.53289
0.297255
0.659971
0.46279
0.462152
0.35544
0.198781
0.529423
0.290838
0.261314
0.403663
0.447528
0.356719
0.111101
0.528401
0.255797
0.667779
0.815402
0.694699
0.442161
0.520091
0.559596
0.442862
0.608286
0.508596
0.812781
0.51663
0.605384
0.741255
0.507184
0.432861
0.175426
0.766174
0.302983
0.523416
0.362244
0.295602
0.521415
0.648348
0.562544
0.259852
0.872011
0.666224
0.567292
0.548468
0.517811
0.509088
0.299395
0.495146
0.315316
0.346348
0.684081
0.737142
0.233975
0.833531
0.693863
0.0291363
0.502897
0.328623
0.590398
0.415718
0.450532
0.720373
0.741078
0.365881
0.795931
0.64972
0.118607
0.547164
0.318281
0.41717
0.697321
0.866231
0.874276
0.255686
0.440466
0.72698
0.650912
0.410395
0.428104
0.656421
0.334253
0.603097
0.405816
0.522823
0.542674
0.4713
0.639801
0.51983
0.416056
0.45823
0.944487
0.41448
0.170384
0.391968
0.604182
0.756255
0.220177
0.62859
0.640819
0.318546
0.139114
0.14592
0.485262
0.493092
0.772225
0.361189
0.0901677
0.682206
0.230972
0.707661
0.377806
0.432806
0.295501
0.641954
0.146762
0.130479
0.416332
0.265541
0.666882
0.521045
0.550721
0.630629
0.672296
0.151295
0.486882
0.562293
0.817839
0.519786
0.602245
0.465546
0.39463
0.802811
0.669879
0.597632
0.206073
0.469888
0.370194
0.672655
0.485973
0.427291
0.582979
0.427301
0.595969
0.527421
0.82784
0.413166
0.96992
0.355976
0.389021
0.292913
0.37838
0.158152
0.203623
0.804192
0.566728
0.589282
0.51013
0.816988
0.676038
0.674559
0.0471927
0.54677
0.586193
0.43672
0.260531
0.497547
0.426246
0.599747
0.518828
0.595627
0.477508
0.10091
0.257429
0.236641
0.0502516
0.342649
0.26163
0.605062
0.645491
0.190054
0.469346
0.637195
0.318657
0.168875
0.715845
0.385341
0.642532
0.643261
0.261288
0.302529
0.522255
0.451596
0.73471
0.603951
0.845652
0.553075
0.296102
0.372949
0.557658
0.686824
0.861179
0.466111
0.228042
0.369618
0.151418
0.533769
0.537094
0.757485
0.624915
0.608899
0.334468
0.470666
0.511541
0.72914
0.531752
0.430632
0.218926
0.443383
0.0698987
0.582104
0.293667
0.816074
0.558043
0.572196
0.415212
0.679125
0.410746
0.533066
0.067799
0.393019
0.416162
0.563636
0.0787908
0.765426
0.648084
0.83019
0.629745
0.537373
0.490311
0.404873
0.639503
0.483702
0.272229
0.535322
0.586561
0.686314
0.119978
0.487879
0.380948
0.425357
0.608052
0.431078
0.813821
0.395305
0.651626
0.525286
0.405931
0.589519
0.310396
0.458609
0.144096
0.708667
0.780179
0.118411
0.137805
0.335042
0.328975
0.411967
0.645996
0.876588
0.289685
0.449055
0.717074
0.421115
0.952136
0.373433
0.353172
0.652937
0.802517
0.579452
0.152629
0.370876
0.538848
0.874186
0.302644
0.40827
0.146494
0.344757
0.587011
0.892398
0.548299
0.764696
0.24183
0.792387
0.449297
0.322431
0.535046
0.591427
0.476481
0.779201
0.363642
0.68084
0.569563
0.362908
0.455262
0.210234
0.309122
0.778655
0.429051
0.139735
0.474011
0.665913
0.513424
0.626972
0.600361
0.65651
0.636459
0.643231
0.669996
0.386814
0.897602
0.349906
0.286525
0.391734
0.597288
0.278093
0.80286
0.757377
0.544118
0.240889
0.844387
0.233395
0.277134
0.669686
0.527444
0.705299
0.633755
0.20246
0.903289
0.501232
0.761877
0.363773
0.763153
0.956896
0.21761
0.562941
0.420485
0.48656
0.208117
0.398505
0.441935
0.107315
0.331955
0.893911
0.529106
0.437891
0.837314
0.800967
0.358565
0.642667
0.461498
0.494421
0.668092
0.615647
0.332994
0.742664
0.732581
0.398417
0.71039
0.276339
0.6035
0.400344
0.500422
0.588309
0.591289
0.438443
0.540385
0.285184
0.450524
0.438613
0.548084
0.572308
0.58316
0.33912
0.935512
0.590847
0.305635
0.811441
0.350384
0.337301
0.831051
0.362809
0.352628
0.282544
0.598203
0.708999
0.55091
0.569129
0.43457
0.505125
0.317238
0.302405
0.770976
0.596444
0.36565
0.962629
0.731005
0.400359
0.523963
0.352052
0.398783
0.355058
0.445543
0.252601
0.424161
0.569427
0.301004
0.606559
0.854854
0.383103
0.65772
0.544339
0.6905
0.494734
0.798013
0.47015
0.634124
0.640772
0.644829
0.678105
0.871942
0.506296
0.256711
0.608025
0.442882
0.123604
0.521807
0.361899
0.864723
0.463543
0.223662
0.488692
0.664166
0.248739
0.569481
0.806927
0.813661
0.717126
0.564541
0.67115
0.808257
0.638392
0.284368
0.600126
0.221223
0.33515
0.63931
0.571348
0.557657
0.284922
0.144053
0.548122
0.580761
0.578167
0.497644
0.442247
0.515931
0.581864
0.447515
0.227001
0.143295
0.607343
0.454002
0.301885
0.269771
0.7053
0.0897864
0.472265
0.927212
0.410132
0.901707
0.0438172
0.373671
0.829953
0.6303
0.543346
0.58026
0.427878
0.225426
0.464307
0.366591
0.16437
0.01433
0.697064
0.703216
0.369673
0.671395
0.940632
0.429971
0.289567
0.806869
0.404384
0.744596
0.696892
0.534798
0.494895
0.796476
0.285531
0.298341
0.944864
0.575788
0.762737
0.523659
0.477703
0.51886
0.129917
0.341504
0.61317
0.35597
0.5912
0.658609
0.606098
0.708295
0.353353
0.778949
0.27201
0.796213
0.779797
0.567935
0.590112
0.851576
0.435711
0.320526
0.485899
0.432118
0.510457
0.537254
0.582313
0.316542
0.427706
0.230113
0.470095
0.514377
0.65295
0.673208
0.684733
0.155115
0.782232
0.181082
0.589095
0.126626
0.445203
0.54054
0.247538
0.813319
0.379773
0.639834
0.639079
0.639973
0.734908
0.131948
0.193821
0.357653
0.732286
0.136801
0.648654
0.613565
0.266779
0.530058
0.604896
0.327201
0.349932
0.284256
0.432286
0.250579
0.499841
0.620928
0.800467
0.820847
0.255019
0.900336
0.630794
0.51901
0.439119
0.218434
0.648037
0.428975
0.127527
0.598637
0.473274
0.54662
0.466113
0.958916
0.835948
0.119017
0.566623
0.702762
0.494847
0.399441
0.152418
0.325468
0.344415
0.18425
0.45249
0.345195
0.444576
0.353194
0.540884
0.661239
0.848934
0.365183
0.392902
0.609872
0.617954
0.267003
0.878672
0.531125
0.790439
0.752944
0.238865
0.577832
0.348326
0.66878
0.786593
0.291222
0.346578
0.584002
0.153732
0.635324
0.391616
0.161655
0.349098
0.725419
0.538497
0.535647
0.720179
0.403727
0.438749
0.760821
0.609306
0.608506
0.707482
0.631558
0.569368
0.150686
0.490126
0.770184
0.453422
0.555165
0.595863
0.36686
0.516721
0.54181
0.326535
0.308173
0.368951
0.514235
0.266533
0.662044
0.688655
0.592337
0.31088
0.592103
0.561049
0.267605
0.095468
0.755106
0.624661
0.67811
0.255084
0.590448
0.411421
0.293127
0.571619
0.641308
0.339095
0.465259
0.58656
0.152418
0.264105
0.850915
0.638554
0.169913
0.327069
0.617971
0.54862
0.224206
0.522554
0.652409
0.312219
0.407279
0.498799
0.643689
0.169186
0.26127
0.542353
0.471579
0.3092
0.375684
0.526802
0.735157
0.232195
0.446047
0.803985
0.557636
0.419861
0.777266
0.590306
0.468656
0.486057
0.820455
0.349983
0.708643
0.360722
0.812431
0.501258
0.717817
0.323554
0.442564
0.470877
0.365378
0.340469
0.702135
0.696287
0.142391
0.66755
0.676818
0.624283
0.584844
0.573951
0.523384
0.0790197
0.611335
0.29688
0.227171
0.571528
0.252789
0.478568
0.467355
0.69711
0.41961
0.846809
0.522521
0.716179
0.394612
0.787384
0.629485
0.238358
0.658049
0.718416
0.563812
0.128848
0.444044
0.313384
0.440927
0.330298
0.595676
0.6313
0.842185
0.742652
0.32895
0.599212
0.350742
0.127625
0.433852
0.553959
0.437541
0.703711
0.233659
0.186796
0.368181
0.671844
0.291627
0.246242
0.406911
0.361031
0.39718
0.241214
0.0744736
0.507507
0.281659
0.648229
0.571979
0.38019
0.306677
0.763182
0.713452
0.539415
0.536092
0.34992
0.815173
0.465157
0.645582
0.124545
0.47042
0.615166
0.541756
0.376118
0.493646
0.672657
0.855733
0.661134
0.548628
0.31742
0.144071
0.520863
0.580584
0.803428
0.672888
0.557379
0.652726
0.450248
0.579022
0.465807
0.143161
0.354765
0.495003
0.757039
0.488578
0.703962
0.392594
0.4169
0.766546
0.518715
0.442662
0.634437
0.388807
0.482771
0.607025
0.49376
0.533333
0.710303
0.471004
0.660553
0.673449
0.379664
0.493261
0.6061
0.167761
0.110156
0.392554
0.298389
0.855086
0.782881
0.808993
0.551597
0.454107
0.70592
0.170302
0.361931
0.797843
0.598356
0.861641
0.56957
0.538625
0.316818
0.340432
0.573132
0.439607
0.572493
0.255663
0.584838
0.724401
0.58574
0.924063
0.551246
0.686864
0.699664
0.683566
0.376147
0.368506
0.923243
0.687375
0.468937
0.591516
0.198799
0.619998
0.403523
0.490814
0.387828
0.109502
0.109479
0.919046
0.543443
0.778283
0.528949
0.703876
0.486866
0.417561
0.0594819
0.217432
0.529654
0.188791
0.364708
0.5732
0.882559
0.0481945
0.271476
0.496151
0.366113
0.258496
0.48381
0.517337
0.487303
0.39501
0.730746
0.124679
0.770838
0.671129
0.226833
0.357129
0.432833
0.701269
0.460794
0.559843
0.558848
0.487266
0.339589
0.623509
0.397519
0.457224
0.601792
0.5114
0.705189
0.803746
0.675968
0.233215
0.776192
0.16147
0.296413
0.655239
0.367654
0.8318
0.700349
0.641805
0.676875
0.805679
0.117411
0.503544
0.353616
0.25324
0.523936
0.583329
0.228793
0.442103
0.771321
0.541335
0.515315
0.214112
0.709418
0.506068
0.686036
0.69321
0.312657
0.238727
0.557986
0.31517
0.578303
0.31367
0.81126
0.562842
0.602984
0.0483032
0.745216
0.458553
0.25532
0.521096
0.0237736
0.408258
0.249241
0.496971
0.485881
0.410033
0.684253
0.434728
0.796423
0.432432
0.75568
0.481669
0.287048
0.436224
0.849584
0.966029
0.285622
0.556005
0.623811
0.878316
0.557236
0.376105
0.438328
0.188114
0.678912
0.528239
0.634715
0.57336
0.744371
0.506256
0.176423
0.744622
0.744429
0.636369
0.548104
0.0273094
0.29285
0.559164
0.574054
0.720263
0.566644
0.372705
0.452511
0.479629
0.404066
0.253975
0.314296
0.58239
0.452767
0.41889
0.50097
0.404361
0.584771
0.699087
0.519432
0.303017
0.494172
0.806655
0.766572
0.325858
0.467663
0.525929
0.629339
0.270617
0.26723
0.614476
0.452274
0.603991
0.388558
0.113324
0.126308
0.601086
0.657919
0.559488
0.689321
0.298229
0.704533
0.761802
0.340673
0.457264
0.794595
0.344036
0.158674
0.219932
0.337413
0.677241
0.571623
0.986369
0.57328
0.616246
0.769811
0.782274
0.526965
0.1232
0.757583
0.484726
0.759869
0.40398
0.63127
0.257123
0.778196
0.601342
0.430524
0.399167
0.653603
0.881553
0.547321
0.548303
0.487111
0.419301
0.688583
0.774479
0.296204
0.328597
0.275132
0.590569
0.72931
0.505371
0.42137
0.756264
0.21104
0.640428
0.276813
0.483703
0.695813
0.329402
0.522339
0.258602
0.656688
0.24931
0.200701
0.471081
0.260461
0.789275
0.822593
0.405879
0.379282
0.315978
0.826276
0.372109
0.663299
0.422318
0.480488
0.358165
0.348014
0.550801
0.207066
0.577883
0.294291
0.801059
0.561448
0.629503
0.45816
0.0239611
0.745936
0.219459
0.0617564
0.47267
0.542311
0.508502
0.186018
0.324016
0.437114
0.618105
0.829894
0.801501
0.474633
0.690597
0.180121
0.424232
0.509347
0.126914
0.40978
0.574046
0.541292
0.731351
0.773103
0.616046
0.204555
0.473142
0.588199
0.225754
0.240782
0.430181
0.398595
0.869052
0.426354
0.710662
0.678697
0.04903
0.433558
0.253876
0.397525
0.47687
0.492829
0.391892
0.579229
0.241814
0.484835
0.909286
0.698206
0.34828
0.727931
0.568588
0.820763
0.656116
0.238178
0.174557
0.354561
0.802995
0.125876
0.230868
0.59124
0.60587
0.554288
0.0982853
0.926894
0.731442
0.322901
0.793833
0.719237
0.0934922
0.649348
0.175964
0.189554
0.477949
0.610792
0.241188
0.601731
0.31452
0.467305
0.613101
0.649884
0.806668
0.726513
0.535206
0.560327
0.799694
0.820454
0.284391
0.362826
0.309666
0.152351
0.402431
0.610328
0.553874
0.53272
0.498287
0.525545
0.616507
0.660918
0.604492
0.627017
0.551149
0.319995
0.676387
0.836472
0.764736
0.839413
0.803385
0.893544
0.445524
0.141905
0.556979
0.603115
0.590619
0.3275
0.630629
0.514764
0.356572
0.2594
0.0321382
0.583029
0.499531
0.50319
0.569644
0.681422
0.589388
0.232515
0.227734
0.542312
0.475343
0.351094
0.760747
0.769066
0.648265
0.0927038
0.435745
0.016013
0.188213
0.247412
0.338112
0.256035
0.403433
0.424104
0.50823
0.754808
0.56013
0.896071
0.908107
0.444922
0.770262
0.588109
0.822358
0.842341
0.147605
0.150336
0.278352
0.47188
0.760274
0.825628
0.925848
0.467587
0.200867
0.454307
0.54689
0.588142
0.263373
0.471415
0.472206
0.33662
0.258952
0.138662
0.660832
0.198134
0.420642
0.514811
0.0551323
0.208168
0.64006
0.805018
0.553874
0.138554
0.447089
0.241329
0.551478
0.537315
0.186542
0.533301
0.472031
0.682794
0.263732
0.689389
0.582115
0.211724
0.623906
0.646476
0.596988
0.755076
0.298368
0.156647
0.700103
0.364789
0.393212
0.267033
0.576431
0.338682
0.31443
0.490231
0.415527
0.250043
0.316228
0.399594
0.570734
0.562657
0.627291
0.395312
0.666385
0.661226
0.452727
0.774023
0.425377
0.451337
0.0673976
0.496336
0.34488
0.382394
0.509294
0.683396
0.578483
0.321113
0.549599
0.385344
0.488527
0.152416
0.15903
0.551234
0.312816
0.308772
0.608056
0.8917
0.245415
0.628258
0.631506
0.462351
0.461658
0.515814
0.256102
0.807651
0.723021
0.331423
0.432373
0.391698
0.677906
0.753108
0.530427
0.804063
0.829941
0.561921
0.551967
0.365588
0.375779
0.370263
0.578963
0.770713
0.719919
0.264134
0.522317
0.789663
0.954507
0.654092
0.151852
0.81553
0.447541
0.828969
0.681914
0.677987
0.413385
0.280544
0.354856
0.657133
0.444976
0.316665
0.507612
0.517629
0.467541
0.804474
0.524597
0.645063
0.929145
0.584628
0.373049
0.503138
0.273838
0.17164
0.585001
0.642074
0.848668
0.804665
0.59295
0.375242
0.376231
0.237274
0.244314
0.502856
0.479996
0.354004
0.112709
0.598188
0.480001
0.775639
0.392073
0.38357
0.282083
0.564469
0.20259
0.110073
0.664211
0.464914
0.555397
0.616573
0.118975
0.31418
0.515953
0.380546
0.141777
0.831803
0.773988
0.384699
0.459697
0.446155
0.370866
0.510266
0.176515
0.140231
0.753198
0.429477
0.66481
0.498202
0.614484
0.106476
0.766547
0.708514
0.654558
0.527654
0.46901
0.228451
0.429559
0.669073
0.20344
0.639362
0.383124
0.470417
0.269153
0.420928
0.442475
0.721562
0.116457
0.447103
0.231031
0.779661
0.827068
0.455528
0.492157
0.421246
0.611281
0.566504
0.236614
0.395701
0.496542
0.626763
0.419258
0.383047
0.612603
0.227545
0.118494
0.570796
0.583855
0.695671
0.234975
0.451318
0.519945
0.680551
0.643976
0.702847
0.451227
0.659257
0.528884
0.154041
0.286077
0.756031
0.79116
0.343668
0.472564
0.22182
0.475162
0.573753
0.527438
0.743607
0.0641185
0.616191
0.450877
0.452588
0.796571
0.369617
0.27589
0.574418
0.32053
0.774972
0.606739
0.613981
0.0455827
0.684973
0.481227
0.791362
0.971142
0.644393
0.247165
0.644919
0.562016
0.674774
0.373774
0.791552
0.410423
0.168922
0.224292
0.283527
0.466563
0.38726
0.796479
0.825368
0.53781
0.809802
0.793219
0.813623
0.549581
0.734268
0.615856
0.736468
0.228885
0.522562
0.478399
0.419359
0.414522
0.28453
0.821168
0.427159
0.6159
0.549701
0.0579534
0.13239
0.23537
0.61434
0.421208
0.53346
0.536979
0.762946
0.77527
0.855951
0.487476
0.449987
0.748071
0.794275
0.51342
0.789431
0.387281
0.450206
0.511154
0.836291
0.777273
0.599028
0.114433
0.156197
0.658786
0.363263
0.267413
0.565649
0.57362
0.198138
0.568709
0.687379
0.412187
0.292206
0.645201
0.601951
0.472163
0.560709
0.482189
0.38844
0.742025
0.358538
0.679547
0.733746
0.60365
0.363818
0.521409
0.551857
0.503687
0.782404
0.539956
0.691024
0.873833
0.597767
0.4218
0.318606
0.685652
0.539967
0.64845
0.460002
0.506003
0.771669
0.180308
0.42984
0.274662
0.488304
0.286614
0.53029
0.756135
0.703769
0.791719
0.403119
0.723186
0.442229
0.551046
0.808783
0.410018
0.380835
0.388062
0.86759
0.628558
0.687367
0.516552
0.434704
0.171738
0.371035
0.640458
0.292454
0.733149
0.413909
0.466498
0.730121
0.552895
0.774642
0.282797
0.843147
0.354973
0.555376
0.0496555
0.520355
0.371931
0.696962
0.616622
0.599561
0.858078
0.516795
0.222956
0.558621
0.472931
0.727853
0.356575
0.370706
0.272109
0.77666
0.339497
0.789306
0.773295
0.412214
0.675817
0.340186
0.170421
0.347037
0.741187
0.184233
0.249631
0.195808
0.310745
0.776856
0.916105
0.576203
0.21541
0.386308
0.471258
0.330808
0.584437
0.0450436
0.385311
0.278192
0.175075
0.894907
0.290697
0.725432
0.708159
0.148702
0.277243
0.673616
0.421428
0.527389
0.300513
0.72205
0.720322
0.543878
0.120198
0.626143
0.349003
0.391113
0.66589
0.288125
0.422275
0.453861
0.583027
0.659002
0.452094
0.600316
0.442321
0.60437
0.670289
0.421395
0.201381
0.235892
0.492103
0.472251
0.487768
0.0345132
0.383124
0.832329
0.128143
0.290675
0.68516
0.936937
0.578688
0.461008
0.624545
0.645071
0.517389
0.490219
0.269383
0.39492
0.339294
0.471098
0.620161
0.560233
0.651285
0.714772
0.311146
0.757393
0.593413
0.377597
0.56797
0.364833
0.419261
0.740236
0.609736
0.403075
0.748332
0.558756
0.10198
0.185442
0.258868
0.606729
0.559782
0.286206
0.32001
0.101605
0.768277
0.384621
0.167678
0.657793
0.33081
0.430048
0.709001
0.733129
0.37292
0.33507
0.395599
0.234636
0.223324
0.540246
0.336511
0.523665
0.561043
0.305815
0.426992
0.509776
0.0607658
0.472453
0.249915
0.346886
0.486527
0.194842
0.861946
0.444466
0.476745
0.288565
0.807142
0.580765
0.431623
0.842543
0.306113
0.354273
0.956904
0.635962
0.549296
0.533856
0.235908
0.660339
0.378453
0.567183
0.494798
0.684117
0.370871
0.581325
0.893931
0.30887
0.44628
0.158615
0.721166
0.352955
0.596962
0.49504
0.680948
0.66012
0.196964
0.247714
0.36596
0.567341
0.576829
0.452151
0.666099
0.27785
0.655704
0.839294
0.412516
0.272049
0.403187
0.206497
0.472411
0.650716
0.258691
0.195814
0.303244
0.941629
0.866617
0.407245
0.143012
0.412457
0.591088
0.223755
0.556192
0.319495
0.254441
0.549105
0.472908
0.283502
0.899172
0.358784
0.151891
0.620662
0.603476
0.538519
0.66572
0.4684
0.486017
0.434061
0.549829
0.432459
0.516
0.360195
0.174744
0.243436
0.600108
0.516085
0.693936
0.0476276
0.14834
0.828353
0.587714
0.468798
0.426232
0.192439
0.86647
0.464168
0.481433
0.907064
0.414641
0.759687
0.288062
0.295813
0.749649
0.286304
0.482755
0.584056
0.638097
0.55074
0.671766
0.548691
0.554439
0.760945
0.768968
0.782361
0.385335
0.288128
0.680047
0.113054
0.075845
0.684027
0.878687
0.794182
0.581606
0.483724
0.525972
0.529494
0.534094
0.411099
0.264725
0.221345
0.444048
0.365702
0.675975
0.530111
0.561083
0.206529
0.61519
0.906727
0.675531
0.859951
0.251406
0.709558
0.691458
0.665712
0.61283
0.84102
0.21783
0.136669
0.797993
0.538616
0.217724
0.444651
0.241961
0.529211
0.423493
0.456522
0.532606
0.704675
0.76872
0.531284
0.752404
0.801154
0.505789
0.550732
0.176687
0.2635
0.470877
0.792933
0.389758
0.550615
0.626107
0.769486
0.985728
0.586634
0.551608
0.53426
0.501421
0.387151
0.478179
0.733022
0.0841633
0.588855
0.74421
0.800079
0.627707
0.185213
0.228511
0.719777
0.715067
0.720012
0.853654
0.657434
0.687452
0.514828
0.172379
0.525976
0.514006
0.705661
0.342643
0.691291
0.367474
0.438266
0.464784
0.531021
0.416452
0.520841
0.797308
0.448224
0.82527
0.657034
0.785733
0.703078
0.308105
0.581388
0.631913
0.0624881
0.314314
0.493596
0.299221
0.279215
0.527512
0.63715
0.391953
0.798823
0.341341
0.192176
0.265279
0.854482
0.330364
0.351479
0.515014
0.246394
0.464994
0.523036
0.664494
0.614293
0.424823
0.551384
0.408774
0.398223
0.845188
0.674592
0.194337
0.444504
0.687284
0.632702
0.705512
0.350498
0.652599
0.917749
0.496696
0.653547
0.667922
0.604691
0.552515
0.856124
0.447623
0.526821
0.47599
0.540995
0.495413
0.258383
0.797738
0.4669
0.638201
0.441431
0.567234
0.546947
0.290203
0.443099
0.930109
0.498699
0.625866
0.153734
0.313424
0.216586
0.695685
0.935504
0.633849
0.554016
0.749411
0.30538
0.611627
0.714313
0.636686
0.385545
0.316175
0.336259
0.635526
0.478546
0.487151
0.621803
0.414617
0.32369
0.467772
0.490174
0.565804
0.66545
0.255157
0.254379
0.748662
0.213803
0.715401
0.202765
0.469468
0.400702
0.429107
0.230069
0.372399
0.53606
0.426019
0.299076
0.651218
0.540868
0.235406
0.525725
0.795206
0.384267
0.721795
0.567241
0.363547
0.675636
0.0936248
0.254572
0.837845
0.561954
0.265377
0.547135
0.332929
0.654936
0.421667
0.39958
0.551578
0.661627
0.174811
0.517043
0.349224
0.71641
0.625277
0.237007
0.630223
0.611544
0.927469
0.412689
0.527703
0.697601
0.631225
0.684512
0.424485
0.674403
0.612359
0.413015
0.853047
0.817223
0.323599
0.3082
0.667967
0.382304
0.390205
0.427092
0.114715
0.509909
0.742517
0.722979
0.524226
0.392367
0.520672
0.216514
0.343023
0.798795
0.40469
0.120601
0.564249
0.747375
0.316088
0.387679
0.855356
0.690322
0.605168
0.659765
0.783716
0.525833
0.881071
0.488309
0.521845
0.57563
0.559678
0.452654
0.269445
0.365789
0.497407
0.442599
0.359904
0.622918
0.246897
0.382286
0.624372
0.346826
0.51358
0.55936
0.56701
0.64515
0.31007
0.985045
0.760458
0.214571
0.598302
0.347535
0.601073
0.427469
0.877306
0.632776
0.668887
0.432119
0.217442
0.873468
0.417805
0.498711
0.659973
0.748817
0.276931
0.542724
0.193709
0.394289
0.474439
0.331382
0.688531
0.792339
0.50087
0.328156
0.708487
0.501804
0.609174
0.95448
0.545192
0.24537
0.60432
0.74708
0.605169
0.511249
0.405741
0.463527
0.952787
0.336887
0.471366
0.637841
0.85339
0.329305
0.152444
0.912202
0.579201
0.23833
0.403857
0.170031
0.533521
0.535724
0.505055
0.569933
0.916768
0.464944
0.552251
0.529205
0.700798
0.912957
0.46295
0.529835
0.0959863
0.71729
0.589377
0.819133
0.488469
0.658162
0.267842
0.651363
0.492936
0.39733
0.736498
0.165949
0.80933
0.511943
0.33451
0.822058
0.489775
0.533436
0.751029
0.508585
0.515021
0.538234
0.822874
0.52276
0.74768
0.34872
0.485321
0.559859
0.872461
0.289666
0.460803
0.680661
0.351624
0.70704
0.625849
0.422585
0.216803
0.0928055
0.227037
0.294574
0.186346
0.671073
0.722198
0.8451
0.640269
0.687657
0.503588
0.816801
0.402899
0.406826
0.615223
0.600557
0.576253
0.455766
0.306999
0.275956
0.335152
0.668945
0.373754
0.474382
0.138065
0.471346
0.707831
0.12514
0.725615
0.601223
0.849215
0.844258
0.571682
0.10975
0.547766
0.299832
0.619968
0.586664
0.457543
0.337005
0.681897
0.447717
0.563684
0.469859
0.289662
0.381478
0.297775
0.546755
0.59122
0.689723
0.528104
0.469855
0.541978
0.767396
0.216682
0.29877
0.190927
0.354834
0.515352
0.392537
0.776901
0.456657
0.428818
0.443285
0.643624
0.458444
0.402841
0.329222
0.15021
0.484071
0.301372
0.163774
0.296686
0.923239
0.216827
0.241917
0.702132
0.320507
0.91318
0.283976
0.365977
0.453809
0.432036
0.451381
0.310951
0.942195
0.497294
0.558082
0.749196
0.109233
0.834502
0.725539
0.830947
0.590212
0.376452
0.928457
0.328245
0.808059
0.557036
0.452595
0.774029
0.95453
0.500872
0.235258
0.11998
0.50002
0.396658
0.383252
0.394448
0.517003
0.697682
0.362337
0.634726
0.738874
0.523398
0.926394
0.535965
0.287654
0.741425
0.303793
0.301936
0.390745
0.689826
0.482602
0.600841
0.668659
0.354959
0.135559
0.322357
0.712335
0.550687
0.7999
0.500022
0.180389
0.250176
0.87639
0.30609
0.533385
0.702024
0.336086
0.443914
0.283878
0.317868
0.72263
0.555909
0.77776
0.549153
0.612026
0.933099
0.534115
0.576155
0.641134
0.355225
0.557529
0.612872
0.540296
0.308379
0.798515
0.486821
0.804723
0.620054
0.574422
0.383279
0.213541
0.719525
0.274947
0.248957
0.354534
0.274386
0.563031
0.830574
0.136922
0.872096
0.543709
0.179263
0.973661
0.708303
0.510138
0.18221
0.389029
0.411715
0.387796
0.288397
0.256439
0.678252
0.384534
0.575786
0.695644
0.305168
0.115876
0.662753
0.857765
0.00881811
0.611726
0.197046
0.900707
0.577703
0.122302
0.26102
0.406827
0.455394
0.527872
0.512351
0.81889
0.265912
0.41858
0.734922
0.169593
0.58711
0.547355
0.705022
0.454123
0.445554
0.870637
0.383497
0.44448
0.549403
0.278348
0.424908
0.568472
0.193711
0.876277
0.350299
0.175533
0.565599
0.82075
0.460558
0.585729
0.344645
0.717194
0.172895
0.767519
0.536887
0.480881
0.443386
0.314095
0.398728
0.319932
0.294025
0.0872933
0.600055
0.137284
0.69318
0.472332
0.443827
0.160139
0.64382
0.135824
0.50236
0.492039
0.31436
0.503747
0.448509
0.54452
0.402426
0.375248
0.652918
0.441941
0.652323
0.162412
0.286457
0.504846
0.0524341
0.195323
0.709981
0.303934
0.219291
0.355955
0.35145
0.538396
0.330473
0.503672
0.563478
0.629157
0.699003
0.729329
0.622308
0.42921
0.187351
0.424165
0.572194
0.840002
0.639641
0.473924
0.537148
0.384532
0.366115
0.587846
0.414956
0.424531
0.444372
0.346388
0.536355
0.720815
0.707403
0.500756
0.415224
0.422653
0.268856
0.381547
0.633618
0.333648
0.291477
0.473032
0.198429
0.438415
0.435135
0.783789
0.37443
0.686009
0.526285
0.593676
0.541459
0.412798
0.471229
0.48129
0.541397
0.549198
0.790954
0.235329
0.273654
0.89138
0.885858
0.327454
0.465762
0.230825
0.744074
0.573476
0.588697
0.0212517
0.787639
0.933952
0.804504
0.524245
0.906156
0.604406
0.626757
0.511552
0.458138
0.11972
0.642379
0.613792
0.125622
0.146344
0.186283
0.792005
0.488162
0.460303
0.778299
0.170207
0.53774
0.308102
0.424799
0.603826
0.0866512
0.421917
0.5554
0.370619
0.625823
0.909641
0.408102
0.257379
0.671559
0.064595
0.594197
0.577472
0.494124
0.838907
0.367212
0.290956
0.852084
0.298813
0.788185
0.410751
0.961759
0.329325
0.522466
0.765052
0.91164
0.679944
0.421267
0.447899
0.587061
0.142318
0.334122
0.426519
0.900928
0.22494
0.26638
0.2858
0.73172
0.639238
0.0388582
0.47696
0.450497
0.235596
0.524704
0.199185
0.274096
0.727067
0.831531
0.179754
0.412154
0.112788
0.464817
0.62986
0.581088
0.662277
0.0515695
0.540073
0.438619
0.646054
0.121177
0.24111
0.347899
0.197225
0.733391
0.292274
0.610768
0.762884
0.411303
0.771676
0.415121
0.0534345
0.380195
0.429044
0.22188
0.722104
0.531045
0.423656
0.67247
0.706182
0.820535
0.506657
0.828226
0.735734
0.487279
0.518719
0.658582
0.464713
0.00701437
0.460742
0.6754
0.50368
0.62746
0.657007
0.46622
0.332503
0.616503
0.166909
0.609745
0.64565
0.52535
0.613102
0.0622693
0.63192
0.311245
0.480644
0.584281
0.514647
0.582337
0.703415
0.631925
0.377657
0.520224
0.490803
0.86847
0.37645
0.7037
0.359399
0.556399
0.883335
0.100171
0.221122
0.571225
0.43942
0.409199
0.640943
0.633564
0.585619
0.735585
0.514092
0.0865248
0.719027
0.237372
0.424323
0.650883
0.57025
0.937142
0.831584
0.571012
0.721479
0.802901
0.499093
0.420016
0.284351
0.497869
0.706599
0.562942
0.9308
0.86643
0.808284
0.382466
0.419386
0.266455
0.0805085
0.351873
0.583762
0.276221
0.566292
0.895647
0.449157
0.597075
0.26018
0.208456
0.717033
0.640991
0.488822
0.308749
0.80719
0.335107
0.72934
0.0837163
0.470914
0.593342
0.369269
0.437766
0.687914
0.698106
0.548566
0.387182
0.634041
0.503135
0.235914
0.549079
0.455992
0.411421
0.57827
0.453251
0.413434
0.500189
0.324297
0.460951
0.648173
0.45783
0.25907
0.305164
0.414257
0.665689
0.599158
0.37232
0.0520586
0.300551
0.683886
0.325962
0.313676
0.751656
0.560312
0.528261
0.346141
0.439028
0.196184
0.4458
0.713181
0.787886
0.56683
0.331495
0.285502
0.656856
0.748696
0.454987
0.153745
0.4357
0.413912
0.509315
0.417534
0.821206
0.757035
0.552145
0.278207
0.447901
0.396815
0.445306
0.312073
0.593159
0.682535
0.736839
0.625244
0.594313
0.596224
0.785243
0.790306
0.408284
0.578733
0.156077
0.539315
0.412258
0.619419
0.926525
0.636833
0.586871
0.335837
0.514028
0.680927
0.641372
0.531648
0.500529
0.779259
0.433164
0.357575
0.654359
0.12165
0.702114
0.212043
0.957267
0.41969
0.182994
0.404787
0.424547
0.508193
0.0773569
0.368482
0.361704
0.102513
0.659168
0.340141
0.431554
0.779968
0.456422
0.445754
0.511129
0.202819
0.494
0.50835
0.298231
0.424484
0.500947
0.661413
0.482936
0.31987
0.778355
0.486255
0.529829
0.254959
0.591957
0.403702
0.222211
0.559953
0.496582
0.437168
0.599996
0.694536
0.417498
0.72589
0.278479
0.693034
0.606711
0.303825
0.365627
0.551446
0.260235
0.671442
0.801008
0.667549
0.125287
0.574342
0.419953
0.769526
0.344379
0.664363
0.402012
0.467728
0.576217
0.855553
0.493224
0.138455
0.601293
0.699106
0.49718
0.297832
0.663012
0.488078
0.510393
0.448072
0.713203
0.564412
0.232841
0.577659
0.523784
0.937531
0.915142
0.57117
0.294343
0.335465
0.609198
0.233711
0.428387
0.696215
0.86965
0.459125
0.568924
0.368734
0.408975
0.270383
0.277072
0.929698
0.439463
0.534749
0.405316
0.533865
0.540855
0.605571
0.760026
0.602629
0.372842
0.466729
0.565798
0.417022
0.407093
0.155033
0.53718
0.318184
0.583988
0.310029
0.531263
0.730027
0.904667
0.649938
0.797654
0.105507
0.449474
0.496651
0.260243
0.159698
0.169365
0.671916
0.558212
0.389521
0.527303
0.161091
0.741645
0.391735
0.67214
0.390027
0.560113
0.377497
0.307936
0.284902
0.700551
0.543546
0.277164
0.484004
0.123716
0.596732
0.10669
0.144716
0.316486
0.240391
0.370907
0.738152
0.320236
0.317739
0.206856
0.548115
0.31349
0.569198
0.171645
0.790278
0.320001
0.597295
0.362935
0.841706
0.781413
0.644451
0.828758
0.520023
0.276605
0.675759
0.273347
0.175807
0.587773
0.520509
0.421201
0.560967
0.606324
0.462984
0.132002
0.510079
0.739565
0.684731
0.464523
0.420906
0.522172
0.847254
0.868109
0.344517
0.554405
0.365797
0.0357954
0.194641
0.681963
0.561578
0.68358
0.160145
0.50037
0.391584
0.625848
0.853678
0.309769
0.341738
0.497425
0.553814
0.563909
0.830971
0.828165
0.597205
0.650146
0.610456
0.906506
0.551457
0.505213
0.653968
0.473834
0.248729
0.614482
0.422068
0.272017
0.0841881
0.360413
0.144519
0.321905
0.182738
0.478877
0.902057
0.0410733
0.611626
0.549965
0.300372
0.914556
0.765764
0.492902
0.415849
0.912787
0.376802
0.452632
0.45438
0.206421
0.296235
0.758622
0.701219
0.458198
0.77703
0.804395
0.351622
0.577462
0.427467
0.73926
0.698707
0.303431
0.335134
0.781709
0.416693
0.838765
0.558204
0.756874
0.314395
0.485472
0.255377
0.12845
0.445571
0.840631
0.175043
0.338423
0.849441
0.589918
0.548489
0.685939
0.95641
0.292335
0.131151
0.269594
0.830737
0.280087
0.210161
0.685419
0.933648
0.402928
0.845633
0.215774
0.477053
0.826862
0.437379
0.662362
0.699798
0.952464
0.407928
0.269527
0.535068
0.248637
0.866979
0.351966
0.149299
0.403015
0.571609
0.283967
0.219643
0.670753
0.820788
0.42524
0.578805
0.658867
0.621968
0.851391
0.492715
0.513787
0.0417364
0.425035
0.348286
0.585247
0.601743
0.286552
0.415191
0.620074
0.405309
0.261401
0.107307
0.89498
0.379387
0.973944
0.30622
0.427833
0.590713
0.625642
0.320876
0.512439
0.544239
0.43848
0.444203
0.302283
0.696147
0.182459
0.829225
0.524162
0.612965
0.498926
0.543936
0.633114
0.282517
0.399527
0.175898
0.325515
0.531663
0.863482
0.244245
0.307681
0.330015
0.373912
0.438527
0.572777
0.457998
0.526869
0.340491
0.169321
0.591902
0.514689
0.296671
0.550018
0.307728
0.328315
0.496336
0.570142
0.329887
0.941118
0.571088
0.560149
0.550029
0.529791
0.169118
0.627671
0.415472
0.4558
0.468819
0.449512
0.235959
0.273899
0.483231
0.294735
0.281639
0.452133
0.768448
0.375396
0.744455
0.780763
0.285877
0.351952
0.209252
0.615487
0.679944
0.425844
0.23024
0.643317
0.619567
0.432202
0.432556
0.277441
0.613417
0.701131
0.758
0.580348
0.345741
0.686453
0.548134
0.282487
0.591195
0.46629
0.607228
0.506689
0.153894
0.700325
0.711718
0.226545
0.537584
0.484049
0.232078
0.279914
0.690562
0.27076
0.607202
0.426687
0.68069
0.637576
0.860647
0.482928
0.542573
0.652165
0.672263
0.48144
0.300678
0.452379
0.718014
0.601825
0.808906
0.381432
0.0649324
0.78103
0.558831
0.126767
0.857452
0.458371
0.495555
0.79117
0.855522
0.326963
0.641817
0.680216
0.0841547
0.756512
0.467769
0.820554
0.428262
0.220301
0.455484
0.329039
0.455875
0.602274
0.194029
0.733162
0.577029
0.178012
0.602626
0.698727
0.344845
0.356407
0.516166
0.351157
0.279543
0.436782
0.379034
0.482322
0.54534
0.679198
0.679953
0.415207
0.634406
0.403641
0.522238
0.154233
0.411283
0.626763
0.860596
0.679518
0.945359
0.412794
0.447322
0.348818
0.50825
0.158257
0.417451
0.351342
0.437126
0.448033
0.204155
0.513164
0.264251
0.413336
0.612379
0.484341
0.58723
0.190097
0.890451
0.443391
0.603666
0.11925
0.526091
0.935194
0.558148
0.248351
0.254999
0.313891
0.548717
0.486964
0.40687
0.4928
0.214181
0.436181
0.225467
0.808845
0.272836
0.455658
0.186038
0.289466
0.707424
0.449453
0.595131
0.46543
0.590318
0.144995
0.394549
0.603463
0.617192
0.807423
0.60292
0.338056
0.866622
0.374526
0.715077
0.162297
0.627292
0.415489
0.641146
0.593028
0.333709
0.10961
0.903982
0.556102
0.22552
0.60912
0.325294
0.143
0.294783
0.693218
0.817518
0.370504
0.409731
0.538381
0.660243
0.430609
0.2028
0.72301
0.276666
0.648354
0.3849
0.2524
0.537312
0.470641
0.597151
0.43304
0.504969
0.789686
0.735499
0.343162
0.296471
0.26012
0.382854
0.439482
0.373736
0.499283
0.557616
0.508004
0.588129
0.665702
0.436667
0.709744
0.688991
0.391224
0.535143
0.390196
0.268848
0.397722
0.52447
0.61434
0.254557
0.859795
0.444449
0.556949
0.565375
0.680306
0.514302
0.42091
0.445621
0.326129
0.571883
0.474282
0.741353
0.726882
0.369434
0.589741
0.527187
0.469946
0.528501
0.838058
0.501098
0.630501
0.905842
0.730194
0.451773
0.55579
0.446379
0.620621
0.364806
0.278321
0.798455
0.577374
0.370721
0.463111
0.540895
0.19237
0.749571
0.399643
0.320565
0.348458
0.593521
0.529583
0.523358
0.377663
0.490599
0.356852
0.300762
0.838024
0.729494
0.317036
0.348345
0.804426
0.536969
0.288674
0.281774
0.611774
0.746239
0.409357
0.280133
0.906832
0.556332
0.715082
0.365587
0.658018
0.679181
0.351762
0.762604
0.94043
0.682931
0.213262
0.229218
0.856301
0.22664
0.840795
0.576982
0.369114
0.143293
0.273992
0.295521
0.622535
0.464754
0.774428
0.271792
0.483276
0.493993
0.447819
0.543387
0.590034
0.416667
0.771656
0.849413
0.608542
0.705839
0.8904
0.44174
0.185798
0.710323
0.770939
0.19359
0.764464
0.32889
0.416395
0.491672
0.461441
0.0592753
0.316884
0.222299
0.63253
0.472636
0.171281
0.361115
0.538139
0.800852
0.144525
0.250314
0.692882
0.33575
0.530448
0.596414
0.524957
0.226082
0.170597
0.545886
0.389103
0.519779
0.334983
0.395184
0.269943
0.435741
0.501158
0.565865
0.680463
0.361137
0.573485
0.424814
0.303366
0.456892
0.564947
0.353685
0.340989
0.51579
0.619304
0.17101
0.832459
0.854301
0.481854
0.58455
0.364725
0.530995
0.63258
0.300731
0.647056
0.571101
0.275861
0.742223
0.836592
0.638485
0.236446
0.523914
0.295491
0.73308
0.541851
0.411779
0.628172
0.503451
0.576774
0.438348
0.89014
0.650968
0.175647
0.67269
0.277841
0.663723
0.374851
0.342075
0.401966
0.755089
0.276654
0.576644
0.414585
0.393499
0.582336
0.497708
0.803467
0.196772
0.832488
0.194441
0.584909
0.72602
0.247902
0.33301
0.419373
0.850881
0.794963
0.216363
0.342179
0.369554
0.204909
0.562141
0.844494
0.453836
0.656803
0.590385
0.457809
0.251053
0.689508
0.211929
0.288075
0.611521
0.638471
0.182601
0.613634
0.421891
0.498531
0.537547
0.704042
0.411426
0.594479
0.444245
0.434869
0.56002
0.796558
0.311967
0.566508
0.373423
0.248543
0.569675
0.723012
0.802947
0.681526
0.473569
0.649924
0.973531
0.36699
0.629698
0.748077
0.64589
0.618253
0.616283
0.673238
0.475063
0.479759
0.66462
0.45953
0.639506
0.34927
0.306631
0.667446
0.801513
0.258383
0.721378
0.975299
0.621529
0.39231
0.712047
0.925904
0.18557
0.660342
0.819144
0.208232
0.216756
0.233844
0.524857
0.396784
0.328632
0.949134
0.327768
0.489385
0.339684
0.828046
0.666286
0.377036
0.305187
0.199461
0.243444
0.547511
0.434225
0.510541
0.754864
0.867244
0.446449
0.396894
0.345957
0.204128
0.184859
0.436333
0.323621
0.446743
0.437612
0.241401
0.721911
0.643528
0.433582
0.651267
0.270425
0.52838
0.863103
0.764096
0.638281
0.617123
0.53706
0.406427
0.525865
0.352278
0.43421
0.366614
0.7507
0.441489
0.898324
0.324808
0.423017
0.578002
0.133459
0.392445
0.630825
0.149481
0.407416
0.529678
0.753509
0.83448
0.510108
0.839647
0.0971769
0.653809
0.525334
0.34397
0.494231
0.587058
0.36114
0.824277
0.833817
0.782428
0.745671
0.170106
0.189071
0.181087
0.532146
0.403937
0.281245
0.545144
0.668311
0.159604
0.470069
0.421377
0.572423
0.3708
0.783886
0.990777
0.419557
0.781864
0.70233
0.546932
0.478731
0.123491
0.478542
0.514298
0.153079
0.401494
0.737112
0.460308
0.262017
0.227204
0.408195
0.473273
0.366038
0.973561
0.757426
0.0710013
0.57154
0.771428
0.34551
0.473015
0.764773
0.466128
0.200555
0.612213
0.610716
0.634649
0.310454
0.679817
0.414428
0.619474
0.241842
0.29038
0.579114
0.765414
0.266351
0.521626
0.406888
0.651342
0.324133
0.62685
0.374924
0.589128
0.478809
0.63556
0.281392
0.517625
0.717259
0.351064
0.29232
0.649954
0.521843
0.421598
0.432221
0.337836
0.591907
0.704628
0.448055
0.597201
0.415598
0.561879
0.737809
0.594743
0.592284
0.515653
0.17169
0.125568
0.380041
0.364928
0.645672
0.71757
0.39193
0.902729
0.0938134
0.478614
0.188987
0.294219
0.947521
0.158089
0.717056
0.467916
0.666637
0.124846
0.60885
0.040438
0.478932
0.569033
0.821795
0.838118
0.851341
0.71578
0.406482
0.496818
0.477955
0.694163
0.399725
0.91423
0.206539
0.435365
0.410476
0.49693
0.337035
0.579385
0.416047
0.687413
0.612245
0.850141
0.610316
0.6743
0.482613
0.214287
0.344803
0.481895
0.863708
0.369497
0.277744
0.303221
0.616793
0.213474
0.795478
0.483645
0.869502
0.425413
0.0947097
0.480151
0.555445
0.147063
0.513401
0.414327
0.688229
0.481074
0.2723
0.505051
0.397108
0.629734
0.73829
0.70988
0.63823
0.47769
0.145002
0.322063
0.257096
0.277697
0.405327
0.563121
0.714665
0.328948
0.224684
0.37887
0.301147
0.64295
0.673141
0.689728
0.54834
0.572433
0.69867
0.264156
0.813022
0.234212
0.263068
0.176995
0.640659
0.287409
0.856278
0.482493
0.530404
0.733901
0.594062
0.774717
0.609069
0.388336
0.428204
0.726075
0.483488
0.520526
0.697642
0.487599
0.677388
0.403488
0.323124
0.502638
0.570631
0.605883
0.397243
0.328545
0.645373
0.848062
0.745879
0.978963
0.605438
0.59641
0.736334
0.592214
0.571908
0.301132
0.681634
0.399333
0.56965
0.288098
0.639709
0.508212
0.906205
0.795851
0.730382
0.438306
0.306236
0.504315
0.792293
0.633308
0.301362
0.132248
0.776151
0.347201
0.387027
0.785926
0.219857
0.34202
0.344674
0.222014
0.475325
0.753653
0.389294
0.543082
0.556015
0.774983
0.439074
0.574638
0.548405
0.473619
0.315639
0.778062
0.479871
0.604449
0.570061
0.534288
0.359635
0.195217
0.391562
0.488522
0.308698
0.476291
0.692511
0.376789
0.768833
0.893753
0.475099
0.360547
0.230018
0.487915
0.471726
0.376082
0.739811
0.337342
0.312894
0.360871
0.157468
0.561419
0.613119
0.449554
0.189776
0.542465
0.37707
0.337647
0.694813
0.571396
0.514884
0.491582
0.564057
0.538857
0.517304
0.239123
0.692491
0.586758
0.478044
0.504699
0.120558
0.3031
0.162444
0.559632
0.881063
0.0859334
0.708254
0.137739
0.408299
0.220287
0.806076
0.122234
0.565943
0.504845
0.843713
0.240331
0.424428
0.433142
0.510397
0.807416
0.86778
0.47701
0.743588
0.543137
0.434067
0.937959
0.162765
0.337203
0.49287
0.625173
0.271303
0.573191
0.437384
0.286751
0.719327
0.724074
0.517976
0.263804
0.807075
0.413723
0.268254
0.754969
0.670064
0.494032
0.67392
0.871887
0.724078
0.417836
0.308879
0.834171
0.45966
0.793238
0.612333
0.695318
0.562605
0.485425
0.304759
0.909029
0.598552
0.48755
0.139938
0.338347
0.636602
0.512687
0.264381
0.478015
0.198533
0.364366
0.404735
0.70338
0.806939
0.623636
0.427988
0.777191
0.667309
0.546127
0.518458
0.638569
0.655829
0.292952
0.789832
0.666423
0.796347
0.72488
0.599698
0.652522
0.29672
0.469579
0.658249
0.637441
0.476419
0.827247
0.722047
0.555539
0.55407
0.810424
0.737968
0.303094
0.275207
0.219195
0.75165
0.386731
0.747378
0.63354
0.719003
0.727175
0.611334
0.559974
0.558538
0.986405
0.313825
0.700162
0.356515
0.454203
0.259222
0.914602
0.586108
0.573082
0.503915
0.434984
0.526011
0.598537
0.419119
0.234271
0.263138
0.684541
0.3845
0.694036
0.738266
0.352176
0.586696
0.314043
0.742711
0.342236
0.383543
0.189543
0.598335
0.27065
0.456576
0.337217
0.452404
0.29849
0.611002
0.681152
0.693027
0.696353
0.594176
0.115748
0.440144
0.72582
0.690222
0.542874
0.391228
0.678709
0.610235
0.136079
0.500094
0.207778
0.334191
0.315153
0.541438
0.750526
0.572396
0.519766
0.562929
0.39068
0.401052
0.351401
0.550897
0.41995
0.88823
0.508278
0.334906
0.655601
0.663228
0.668398
0.830679
0.737341
0.394072
0.581344
0.670086
0.670007
0.524556
0.609924
0.591132
0.296502
0.884035
0.81821
0.160074
0.178398
0.419786
0.433001
0.472032
0.529588
0.313594
0.611204
0.425682
0.391344
0.130831
0.426107
0.491824
0.655105
0.412094
0.840958
0.594851
0.832283
0.754139
0.668764
0.30034
0.638355
0.438581
0.122686
0.451245
0.501459
0.553567
0.0418427
0.219347
0.523707
0.815309
0.732871
0.237863
0.216368
0.433124
0.59798
0.555323
0.498069
0.373313
0.325763
0.600058
0.488102
0.263959
0.401486
0.668818
0.544937
0.444414
0.549023
0.152338
0.292948
0.299983
0.947097
0.784782
0.548397
0.534038
0.667939
0.65332
0.598631
0.416477
0.266969
0.528236
0.70645
0.309217
0.307539
0.773212
0.504568
0.906076
0.335276
0.669664
0.613039
0.136155
0.422014
0.438198
0.355514
0.0665151
0.379788
0.564488
0.868151
0.401723
0.600804
0.736107
0.187965
0.31447
0.709812
0.77102
0.575378
0.853273
0.82073
0.367733
0.368709
0.559926
0.669864
0.331242
0.58629
0.691129
0.253546
0.628185
0.284882
0.575399
0.328439
0.69882
0.851023
0.648143
0.238286
0.402641
0.444917
0.0944161
0.511282
0.798697
0.734433
0.79069
0.527786
0.66088
0.849757
0.37361
0.788498
0.202658
0.15721
0.275465
0.918739
0.434974
0.493706
0.452821
0.524905
0.405232
0.42131
0.796471
0.374678
0.2645
0.354293
0.347569
0.60299
0.184319
0.579094
0.956569
0.75126
0.593666
0.230522
0.908264
0.427853
0.530903
0.705537
0.797961
0.733205
0.604709
0.288893
0.580557
0.823501
0.632234
0.432901
0.725977
0.592292
0.471948
0.676557
0.301173
0.429879
0.392842
0.107214
0.560569
0.375769
0.520875
0.56098
0.263628
0.210004
0.477793
0.925968
0.449833
0.63456
0.776639
0.455508
0.788189
0.176591
0.362507
0.916389
0.38
0.300642
0.386312
0.690183
0.530455
0.447526
0.873558
0.613649
0.51621
0.322964
0.899315
0.387205
0.762941
0.239576
0.704822
0.298415
0.608492
0.171295
0.390371
0.300406
0.464033
0.409708
0.393324
0.653098
0.697291
0.817352
0.409353
0.878112
0.448694
0.653385
0.23919
0.196168
0.852941
0.802611
0.242426
0.408768
0.775281
0.469224
0.154068
0.853933
0.683434
0.502159
0.468839
0.608706
0.66288
0.499388
0.922376
0.529138
0.344895
0.193962
0.297732
0.511417
0.653494
0.855079
0.359781
0.525765
0.789095
0.542931
0.169372
0.517728
0.253495
0.536521
0.353266
0.68941
0.482423
0.609163
0.105145
0.466221
0.28869
0.0567905
0.767158
0.622611
0.330644
0.489713
0.290722
0.0833131
0.707383
0.878892
0.699507
0.334504
0.543864
0.703306
0.376737
0.172333
0.565819
0.275431
0.0731742
0.684176
0.17604
0.927322
0.481379
0.900994
0.430373
0.720272
0.546016
0.4771
0.57344
0.696468
0.379264
0.546633
0.930855
0.421557
0.224533
0.0740123
0.966395
0.672486
0.36096
0.558577
0.699322
0.605454
0.665363
0.37163
0.438758
0.594286
0.747534
0.797041
0.428758
0.66001
0.14899
0.514553
0.509405
0.517868
0.544514
0.807894
0.286006
0.248493
0.710038
0.697758
0.560179
0.455419
0.719625
0.49271
0.913315
0.501587
0.408548
0.419027
0.844652
0.522955
0.588677
0.533436
0.252897
0.897817
0.32658
0.540719
0.312058
0.205875
0.793994
0.43109
0.428849
0.441592
0.274537
0.520232
0.480796
0.851827
0.359724
0.517846
0.420822
0.248215
0.69159
0.668544
0.595869
0.50022
0.808457
0.30187
0.763815
0.645265
0.724554
0.296206
0.804628
0.157805
0.323475
0.504309
0.508476
0.899698
0.46962
0.106157
0.0852015
0.629657
0.441044
0.647788
0.176258
0.180074
0.861294
0.192752
0.661998
0.514965
0.7571
0.0557949
0.443839
0.363239
0.692932
0.00634521
0.642624
0.476982
0.632726
0.622329
0.791155
0.794895
0.753242
0.142851
0.610631
0.89653
0.382773
0.711192
0.847439
0.61338
0.563128
0.817606
0.408436
0.518416
0.43202
0.544288
0.169625
0.246064
0.697248
0.382949
0.844806
0.200146
0.423226
0.438311
0.687511
0.187727
0.674669
0.248869
0.561283
0.372312
0.261472
0.749205
0.0500259
0.670295
0.90298
0.56611
0.29191
0.320019
0.579155
0.383754
0.60702
0.333306
0.660259
0.531095
0.250655
0.394735
0.606005
0.737688
0.760908
0.504484
0.599241
0.172055
0.380878
0.765936
0.428519
0.41968
0.422567
0.1998
0.758099
0.475741
0.701255
0.821916
0.623157
0.620601
0.805861
0.452383
0.56217
0.71407
0.482494
0.329155
0.247708
0.487422
0.295158
0.57967
0.801035
0.330116
0.489247
0.459588
0.675177
0.361126
0.620224
0.498153
0.565314
0.242788
0.521577
0.295182
0.754578
0.737999
0.0728613
0.695129
0.627554
0.429595
0.490368
0.919184
0.783009
0.813706
0.499675
0.466782
0.751578
0.646851
0.261038
0.703405
0.273375
0.469485
0.305332
0.532017
0.414683
0.64672
0.499936
0.400929
0.502147
0.559864
0.700697
0.13139
0.427048
0.250443
0.257811
0.153619
0.821522
0.86127
0.430212
0.720528
0.432741
0.137168
0.524707
0.523788
0.720361
0.540887
0.712911
0.367403
0.776687
0.7077
0.490666
0.659417
0.618288
0.50518
0.13141
0.462833
0.221979
0.882605
0.246629
0.702298
0.377307
0.487397
0.703297
0.353601
0.501911
0.693992
0.159884
0.548459
0.515334
0.733489
0.369248
0.507553
0.691091
0.530396
0.658457
0.570275
0.606001
0.145783
0.132279
0.820046
0.380036
0.894085
0.158817
0.909613
0.349121
0.243789
0.0824913
0.171137
0.137595
0.530214
0.371254
0.451398
0.796177
0.30153
0.541689
0.342878
0.745599
0.287172
0.717328
0.586979
0.215212
0.520748
0.562249
0.406088
0.690099
0.567504
0.593753
0.376661
0.0795117
0.599395
0.514607
0.685991
0.393564
0.228786
0.217087
0.220779
0.164428
0.554736
0.49775
0.416079
0.172435
0.29383
0.28361
0.648703
0.736738
0.160484
0.307074
0.189586
0.404384
0.329582
0.678761
0.335126
0.820902
0.357324
0.193994
0.317944
0.38967
0.854101
0.470517
0.453022
0.526614
0.496186
0.151679
0.205592
0.390959
0.630995
0.42107
0.472664
0.421987
0.273671
0.461279
0.350531
0.835989
0.210665
0.751204
0.0160455
0.436787
0.718988
0.233029
0.579967
0.667452
0.077776
0.891719
0.376099
0.280053
0.59177
0.676602
0.630451
0.824461
0.264279
0.456305
0.310094
0.356514
0.550169
0.335081
0.181871
0.839994
0.287402
0.670208
0.716574
0.666148
0.448577
0.516934
0.45468
0.53867
0.271957
0.489104
0.305209
0.171275
0.124365
0.660359
0.479721
0.319251
0.616357
0.64251
0.868953
0.115549
0.533015
0.364376
0.650053
0.506227
0.561696
0.836152
0.26786
0.779245
0.591008
0.821044
0.164112
0.254876
0.523294
0.347631
0.233957
0.155172
0.0858525
0.383177
0.469623
0.494158
0.544064
0.749772
0.606526
0.0296516
0.512637
0.501934
0.817613
0.391832
0.22907
0.496044
0.607186
0.452866
0.696454
0.268647
0.535901
0.326161
0.520679
0.602414
0.764148
0.0830077
0.5601
0.295287
0.631452
0.348588
0.67365
0.159997
0.0950091
0.388578
0.39641
0.167921
0.330963
0.621746
0.289554
0.412915
0.657467
0.69321
0.504608
0.207534
0.669056
0.817195
0.769898
0.635693
0.077336
0.5474
0.550041
0.272619
0.733446
0.457242
0.547316
0.04461
0.163223
0.411522
0.506683
0.837866
0.67648
0.685234
0.454228
0.477348
0.717259
0.634483
0.541771
0.583369
0.602399
0.448685
0.588305
0.575329
0.651239
0.212428
0.201966
0.728697
0.439709
0.579634
0.53415
0.203122
0.517572
0.811828
0.260386
0.346211
0.408033
0.256577
0.800545
0.83927
0.564381
0.541363
0.583917
0.388009
0.188828
0.832379
0.332665
0.672935
0.424165
0.456952
0.380157
0.160867
0.909322
0.512523
0.958593
0.140738
0.545378
0.284315
0.183372
0.483557
0.549073
0.368074
0.629561
0.638139
0.476291
0.343436
0.938845
0.260902
0.378496
0.667742
0.313255
0.639773
0.610541
0.159309
0.544988
0.708966
0.0387607
0.513399
0.399567
0.463082
0.503711
0.743336
0.712583
0.465739
0.872406
0.263452
0.478189
0.40964
0.370338
0.529755
0.500556
0.321691
0.614081
0.728425
0.847387
0.518538
0.870712
0.451475
0.38762
0.304573
0.550752
0.123131
0.613371
0.666199
0.796846
0.139684
0.239193
0.352853
0.760778
0.259819
0.239608
0.247015
0.266997
0.231616
0.528954
0.312136
0.541206
0.466652
0.90545
0.669153
0.0380905
0.770848
0.674408
0.488961
0.632694
0.215914
0.533488
0.399939
0.545462
0.684497
0.34584
0.496354
0.351392
0.446295
0.344959
0.795165
0.779246
0.321701
0.108041
0.625491
0.2372
0.563659
0.302615
0.446711
0.606831
0.537751
0.754159
0.477874
0.82775
0.604634
0.800418
0.782855
0.150717
0.808254
0.191078
0.59236
0.667492
0.547439
0.459435
0.655639
0.831179
0.3577
0.235674
0.801462
0.661274
0.754291
0.389306
0.649671
0.683098
0.786806
0.681342
0.551256
0.381768
0.529779
0.77467
0.346743
0.556329
0.683019
0.494159
0.419285
0.440129
0.279582
0.645907
0.780631
0.309001
0.698543
0.49806
0.564855
0.529273
0.753909
0.193594
0.316447
0.103107
0.580278
0.908404
0.346054
0.749126
0.860019
0.486028
0.188945
0.411762
0.636024
0.573302
0.337915
0.323232
0.528221
0.4492
0.434124
0.847503
0.621359
0.282088
0.486058
0.316097
0.615701
0.468601
0.448514
0.421023
0.0315297
0.500297
0.130229
0.460641
0.332584
0.472226
0.410536
0.339678
0.782753
0.390536
0.632061
0.705126
0.674572
0.354152
0.798289
0.455188
0.767298
0.47862
0.341476
0.0889488
0.346552
0.598071
0.738143
0.469862
0.766719
0.324342
0.63608
0.556661
0.661556
0.960148
0.918529
0.510754
0.207622
0.556263
0.767926
0.819603
0.399425
0.570577
0.303281
0.181117
0.244333
0.629881
0.752036
0.374506
0.609573
0.313218
0.378915
0.698516
0.652837
0.168574
0.531033
0.288474
0.84221
0.842684
0.670222
0.228992
0.520397
0.246676
0.650281
0.359676
0.792418
0.598251
0.758543
0.526649
0.715167
0.474068
0.177896
0.763161
0.341434
0.673971
0.0371059
0.48803
0.120241
0.241658
0.604
0.291142
0.479527
0.904367
0.437798
0.730665
0.61646
0.487124
0.453602
0.297156
0.0948482
0.525063
0.863749
0.805167
0.298384
0.840294
0.347482
0.953437
0.61261
0.767764
0.562098
0.650242
0.907789
0.507544
0.245437
0.430907
0.468998
0.248912
0.671324
0.4
0.469073
0.254583
0.60628
0.611148
0.404162
0.0114377
0.677512
0.652931
0.110934
0.346999
0.198972
0.439731
0.558675
0.0789564
0.513925
0.31193
0.558709
0.807944
0.299232
0.530276
0.357847
0.881783
0.0382615
0.604738
0.781737
0.852341
0.506037
0.62862
0.668235
0.414162
0.621987
0.39418
0.78013
0.856963
0.412362
0.546471
0.210764
0.482061
0.0860809
0.887578
0.495325
0.725794
0.364546
0.673914
0.714801
0.400924
0.217608
0.854692
0.328785
0.510018
0.544657
0.680151
0.797579
0.502746
0.601471
0.463607
0.753227
0.642021
0.610223
0.511851
0.553334
0.311853
0.501722
0.343889
0.500768
0.64279
0.625722
0.298481
0.336535
0.248751
0.526815
0.48643
0.812338
0.662063
0.520184
0.773994
0.723581
0.221436
0.31316
0.589325
0.732747
0.210633
0.3053
0.324244
0.13734
0.46352
0.961374
0.459178
0.935788
0.444154
0.288401
0.269525
0.118902
0.478567
0.459582
0.577199
0.563742
0.357835
0.514681
0.491571
0.230926
0.950001
0.828159
0.43947
0.565661
0.251412
0.673048
0.0144276
0.576961
0.475963
0.720284
0.780755
0.518802
0.823738
0.19997
0.148555
0.421089
0.488496
0.712674
0.791235
0.417603
0.256406
0.815701
0.307531
0.392307
0.716437
0.520884
0.435539
0.914545
0.645745
0.727245
0.606742
0.257989
0.551376
0.873538
0.98343
0.497306
0.142593
0.732444
0.353435
0.250816
0.17607
0.779874
0.361556
0.58657
0.159198
0.459578
0.537491
0.43355
0.814685
0.424975
0.435609
0.538855
0.502638
0.476819
0.432316
0.586019
0.464236
0.427057
0.832279
0.538757
0.79413
0.505944
0.415208
0.0987093
0.466608
0.691193
0.410386
0.864962
0.5336
0.474671
0.616591
0.357299
0.280516
0.0938532
0.490546
0.514426
0.668894
0.641989
0.507465
0.602561
0.812813
0.732622
0.452767
0.169069
0.529
0.530861
0.534479
0.249962
0.168477
0.475483
0.311329
0.489385
0.480662
0.902685
0.411981
0.153362
0.678685
0.544035
0.376351
0.719328
0.167759
0.507857
0.180418
0.797185
0.566338
0.365023
0.611378
0.586846
0.692811
0.346857
0.640486
0.901419
0.60841
0.424547
0.296414
0.484455
0.100017
0.676192
0.272367
0.423844
0.654499
0.359341
0.605734
0.414212
0.519168
0.493586
0.249464
0.443849
0.860954
0.519481
0.209867
0.681461
0.829823
0.736809
0.655983
0.412209
0.499952
0.736904
0.511132
0.32175
0.70514
0.430481
0.517756
0.751216
0.202906
0.534115
0.622084
0.245256
0.894696
0.515271
0.255665
0.789516
0.497566
0.507455
0.196262
0.583132
0.605719
0.59383
0.671054
0.516041
0.498204
0.619301
0.720607
0.720124
0.34207
0.327852
0.572488
0.637415
0.608245
0.633579
0.378915
0.497847
0.560362
0.720633
0.15326
0.423189
0.594727
0.428963
0.0957292
0.573086
0.502607
0.519501
0.728992
0.323301
0.393961
0.42413
0.370003
0.915501
0.564735
0.472498
0.944727
0.842128
0.507769
0.349461
0.507954
0.429121
0.560388
0.673678
0.560867
0.6535
0.349667
0.59954
0.36445
0.181978
0.23935
0.231416
0.427364
0.441063
0.900385
0.400845
0.702321
0.728278
0.419982
0.494071
0.755494
0.448351
0.532077
0.529002
0.278962
0.507481
0.595063
0.567419
0.796633
0.722954
0.860615
0.309968
0.269612
0.304648
0.870379
0.858186
0.537377
0.539153
0.485327
0.639528
0.136669
0.756456
0.0954572
0.378099
0.520404
0.483394
0.475575
0.255481
0.554436
0.387227
0.545813
0.542801
0.400438
0.686983
0.463511
0.49688
0.498648
0.659378
0.516087
0.700014
0.344696
0.690372
0.702436
0.28471
0.610184
0.522637
0.183444
0.121323
0.387193
0.423404
0.450087
0.558379
0.442311
0.446419
0.600614
0.191964
0.346285
0.785911
0.0362656
0.402392
0.200857
0.419733
0.677936
0.532984
0.414805
0.313025
0.474161
0.0975874
0.586676
0.902991
0.513807
0.790141
0.532198
0.409577
0.474751
0.331304
0.349778
0.71609
0.932883
0.323938
0.648003
0.637964
0.223651
0.800867
0.664511
0.347163
0.591419
0.535152
0.48607
0.543863
0.279796
0.444751
0.435164
0.166344
0.509134
0.560227
0.418886
0.504158
0.455316
0.53581
0.141353
0.528952
0.386943
0.570929
0.561382
0.581455
0.535993
0.370941
0.832593
0.752435
0.569981
0.412614
0.193597
0.369571
0.701666
0.29155
0.381399
0.451491
0.515238
0.315499
0.621576
0.314362
0.505968
0.269224
0.604324
0.215701
0.623225
0.913301
0.0858731
0.494263
0.27475
0.290938
0.360276
0.614073
0.293028
0.303635
0.327039
0.844928
0.782603
0.778221
0.235515
0.510864
0.560114
0.384518
0.417467
