0.609032
0.457023
0.470839
0.604016
0.51488
0.578298
0.57198
0.48089
0.519964
0.498897
0.641987
0.422183
0.502638
0.531849
0.630944
0.476237
0.482208
0.49801
0.355556
0.509638
0.545507
0.677254
0.56543
0.694747
0.447702
0.429262
0.536409
0.501202
0.467776
0.619649
0.492882
0.407975
0.635844
0.392598
0.485221
0.445516
0.561193
0.511664
0.347712
0.545515
0.576642
0.345875
0.536558
0.518754
0.476533
0.508718
0.696773
0.599505
0.462412
0.563069
0.430969
0.487898
0.622136
0.485606
0.542295
0.489639
0.354891
0.339699
0.597974
0.595449
0.616319
0.436238
0.409132
0.460543
0.394652
0.56735
0.546802
0.537446
0.340509
0.678399
0.613225
0.48341
0.45968
0.499148
0.461785
0.406671
0.439988
0.385424
0.60813
0.533744
0.320002
0.528094
0.49925
0.47292
0.419118
0.666645
0.506505
0.517119
0.435228
0.400099
0.582811
0.572199
0.477925
0.518497
0.373417
0.414795
0.341898
0.583626
0.593914
0.276742
0.636916
0.468151
0.388353
0.521091
0.577484
0.517783
0.454535
0.517705
0.297002
0.631551
0.672811
0.244382
0.487955
0.460774
0.598876
0.432429
0.481405
0.507731
0.480333
0.543585
0.465744
0.460551
0.430959
0.508131
0.606418
0.431283
0.645873
0.472033
0.365023
0.469572
0.464985
0.593909
0.427907
0.504866
0.591362
0.800578
0.641141
0.325513
0.445325
0.452934
0.310407
0.333601
0.584349
0.491837
0.46111
0.519835
0.243027
0.526701
0.565712
0.48326
0.446594
0.397419
0.432012
0.476052
0.525717
0.583215
0.60782
0.584106
0.409488
0.550035
0.394192
0.45961
0.397755
0.420985
0.471101
0.602256
0.513172
0.522357
0.426138
0.441213
0.407538
0.700713
0.438588
0.500455
0.546237
0.52449
0.407887
0.435507
0.418808
0.476531
0.52724
0.510131
0.622867
0.611953
0.589864
0.53697
0.442859
0.598684
0.37706
0.536593
0.394314
0.376026
0.514011
0.474898
0.428496
0.559515
0.690957
0.519271
0.491576
0.588352
0.634085
0.409362
0.506645
0.454644
0.472205
0.568855
0.496145
0.57165
0.482006
0.489997
0.486465
0.631202
0.506389
0.603212
0.435711
0.568444
0.427116
0.399514
0.499856
0.595
0.434705
0.503958
0.501691
0.479643
0.475243
0.503807
0.491232
0.548512
0.665499
0.615564
0.585454
0.444892
0.454429
0.430518
0.549423
0.631543
0.470907
0.608857
0.430136
0.436527
0.434203
0.497953
0.578602
0.436454
0.515481
0.530809
0.594887
0.339039
0.525276
0.316205
0.505096
0.469826
0.463667
0.562475
0.228462
0.585907
0.406529
0.482381
0.516955
0.432435
0.413027
0.606966
0.449
0.525684
0.426174
0.391782
0.533172
0.38941
0.500053
0.529315
0.326889
0.389194
0.423955
0.486936
0.699406
0.402452
0.525477
0.37014
0.667574
0.629743
0.621274
0.466344
0.507096
0.395991
0.645932
0.554941
0.391196
0.50819
0.526109
0.574814
0.432847
0.529149
0.678842
0.320944
0.505934
0.494775
0.399602
0.397268
0.394936
0.545396
0.46743
0.483339
0.471916
0.459563
0.631193
0.677888
0.623857
0.471757
0.552699
0.362796
0.452586
0.52339
0.369173
0.386476
0.543731
0.639461
0.39927
0.496146
0.550403
0.441184
0.653535
0.653913
0.361495
0.497901
0.521964
0.652083
0.523722
0.489527
0.297988
0.798574
0.460721
0.493775
0.459975
0.373766
0.681779
0.530349
0.568021
0.565599
0.596956
0.587291
0.645541
0.570215
0.454599
0.522611
0.401892
0.400867
0.491444
0.377308
0.51396
0.478345
0.634752
0.45387
0.621395
0.48157
0.620115
0.707283
0.601846
0.517542
0.487798
0.663582
0.479321
0.325249
0.494713
0.523909
0.380488
0.458634
0.428312
0.430041
0.39044
0.699181
0.532936
0.460311
0.471198
0.52915
0.458358
0.692802
0.39292
0.551967
0.414467
0.715678
0.589507
0.376723
0.565296
0.482486
0.48703
0.689229
0.519765
0.603205
0.565099
0.512532
0.375779
0.429832
0.398025
0.415261
0.548497
0.538219
0.684356
0.556645
0.462837
0.42587
0.410061
0.362527
0.514486
0.538372
0.502376
0.507136
0.402905
0.505092
0.618041
0.330879
0.414043
0.40776
0.571357
0.354865
0.379682
0.423498
0.444252
0.458356
0.564566
0.576861
0.632207
0.565782
0.331684
0.603388
0.366673
0.445465
0.510276
0.570154
0.616268
0.552635
0.340385
0.516778
0.405826
0.454792
0.591966
0.573299
0.404016
0.657961
0.555795
0.479316
0.417049
0.507829
0.477642
0.471753
0.587623
0.470227
0.456378
0.426567
0.535062
0.400907
0.550925
0.5327
0.484247
0.395005
0.540157
0.444547
0.417707
0.362078
0.454091
0.602158
0.446937
0.703045
0.443913
0.426386
0.535726
0.37085
0.582628
0.589155
0.620011
0.677132
0.487313
0.526978
0.555466
0.462637
0.528179
0.508839
0.285796
0.579601
0.538885
0.487516
0.461373
0.439796
0.566744
0.456392
0.549607
0.46237
0.500682
0.401764
0.365161
0.311137
0.589037
0.383639
0.609815
0.341385
0.508523
0.495963
0.448523
0.381773
0.269836
0.350211
0.459922
0.757347
0.544694
0.394224
0.486264
0.615181
0.573233
0.521146
0.469471
0.444587
0.559962
0.241302
0.596723
0.589365
0.390651
0.682799
0.490704
0.529969
0.501799
0.454618
0.666373
0.368979
0.508486
0.54894
0.437816
0.48371
0.445682
0.477396
0.395465
0.515291
0.402281
0.528913
0.585704
0.643962
0.526343
0.704808
0.41158
0.455869
0.554271
0.629722
0.43506
0.437057
0.465838
0.654985
0.397997
0.435853
0.591206
0.463943
0.390705
0.515289
0.49533
0.656782
0.48371
0.372701
0.539299
0.735307
0.600031
0.534083
0.66744
0.526158
0.442003
0.536267
0.593202
0.573851
0.698417
0.590457
0.456051
0.603063
0.544439
0.476107
0.395859
0.592502
0.508512
0.544632
0.440436
0.520693
0.617148
0.417864
0.52613
0.436976
0.540246
0.446675
0.570592
0.47899
0.346283
0.550635
0.391051
0.500854
0.538449
0.490044
0.610647
0.294275
0.579517
0.427164
0.419604
0.477728
0.524949
0.513911
0.357217
0.396869
0.670468
0.498768
0.454883
0.522275
0.482036
0.476141
0.629591
0.548592
0.41291
0.506835
0.54152
0.592145
0.524148
0.518804
0.52862
0.452009
0.411666
0.652811
0.505248
0.542538
0.604675
0.448082
0.561175
0.423298
0.437029
0.568512
0.421479
0.445331
0.604735
0.550466
0.327064
0.500621
0.609617
0.408659
0.369773
0.304654
0.750813
0.667098
0.565267
0.65986
0.562522
0.487506
0.671067
0.440766
0.508137
0.44815
0.556381
0.609605
0.627616
0.581432
0.504545
0.614121
0.596649
0.509101
0.478135
0.43727
0.492921
0.419378
0.301022
0.361494
0.376472
0.410797
0.410859
0.578198
0.477881
0.482994
0.609713
0.516045
0.549721
0.585165
0.589774
0.579646
0.573441
0.538389
0.535273
0.383187
0.525563
0.528456
0.500995
0.531512
0.593792
0.521338
0.341964
0.544145
0.595365
0.683889
0.418095
0.435693
0.586659
0.497834
0.52185
0.559075
0.464842
0.535581
0.376131
0.685933
0.449012
0.521857
0.52387
0.541618
0.49005
0.435625
0.479994
0.530049
0.595069
0.512236
0.540676
0.576763
0.464118
0.486201
0.443957
0.386404
0.423472
0.470476
0.450115
0.453897
0.501588
0.49859
0.5593
0.586501
0.430508
0.561428
0.508223
0.386916
0.467229
0.450966
0.486893
0.615579
0.416244
0.578675
0.590601
0.493269
0.59622
0.466847
0.471592
0.323079
0.530464
0.416506
0.579061
0.303819
0.552558
0.536068
0.475349
0.374857
0.405274
0.370369
0.390414
0.475379
0.472575
0.500166
0.525891
0.419024
0.62125
0.287652
0.544261
0.477817
0.540437
0.324038
0.377854
0.437281
0.454007
0.590684
0.566682
0.627597
0.642504
0.575756
0.383237
0.353629
0.448062
0.493839
0.526686
0.639623
0.547416
0.636415
0.668065
0.272325
0.464871
0.436587
0.502298
0.469275
0.458793
0.561874
0.512123
0.516961
0.451905
0.754407
0.47316
0.416506
0.587411
0.618292
0.528645
0.542543
0.579649
0.509403
0.636522
0.363867
0.489743
0.513306
0.440823
0.592446
0.593397
0.502517
0.543496
0.620352
0.419726
0.544741
0.552025
0.272105
0.426715
0.289209
0.552452
0.542925
0.640637
0.488728
0.406583
0.511345
0.623449
0.520477
0.496418
0.507602
0.543952
0.549101
0.538033
0.387197
0.515154
0.531095
0.361381
0.601979
0.422066
0.389941
0.401687
0.579092
0.500818
0.396942
0.472342
0.511062
0.441738
0.373157
0.488399
0.428305
0.475752
0.383302
0.384018
0.568285
0.365149
0.522973
0.51641
0.473515
0.556533
0.505995
0.473047
0.54359
0.46544
0.639182
0.598142
0.33437
0.54886
0.527241
0.528592
0.440443
0.483609
0.681069
0.478826
0.414924
0.305206
0.508097
0.438203
0.473657
0.573641
0.443855
0.443821
0.598817
0.419141
0.539379
0.465822
0.499904
0.382739
0.449547
0.491513
0.608083
0.503202
0.472913
0.518795
0.472785
0.41355
0.674065
0.368671
0.497458
0.297178
0.575007
0.500776
0.494339
0.515234
0.43253
0.565116
0.556052
0.453697
0.524017
0.447401
0.434857
0.450276
0.344574
0.564608
0.588279
0.447974
0.473876
0.641589
0.492889
0.483901
0.401557
0.548792
0.645903
0.65861
0.505467
0.605363
0.567304
0.442972
0.457567
0.651112
0.483088
0.466311
0.387714
0.565065
0.51329
0.491245
0.566065
0.357533
0.506315
0.617399
0.47026
0.586822
0.654166
0.46786
0.684071
0.450982
0.291051
0.498995
0.729616
0.579158
0.520873
0.43593
0.465745
0.596354
0.63704
0.372745
0.590653
0.659627
0.491031
0.388128
0.467253
0.46297
0.434093
0.513971
0.345306
0.582317
0.499434
0.556112
0.384782
0.481369
0.510247
0.503107
0.490373
0.423133
0.591844
0.370701
0.547589
0.531288
0.534179
0.616316
0.50628
0.419712
0.393987
0.519648
0.387955
0.457731
0.443738
0.362145
0.498688
0.462853
0.367593
0.449893
0.609911
0.411984
0.572474
0.411103
0.424818
0.436336
0.525385
0.561184
0.378628
0.614453
0.646044
0.565029
0.526363
0.602003
0.476872
0.537921
0.552327
0.436208
0.520366
0.413141
0.390875
0.526982
0.576824
0.366113
0.578603
0.596102
0.43339
0.521615
0.563485
0.449915
0.448318
0.482313
0.677017
0.470338
0.542376
0.603596
0.330846
0.58309
0.65221
0.501412
0.529856
0.411368
0.418537
0.416499
0.599165
0.547322
0.374922
0.47017
0.602906
0.472987
0.370937
0.333479
0.488203
0.536478
0.306414
0.393348
0.318146
0.438509
0.671505
0.535947
0.563116
0.608521
0.580214
0.479323
0.600207
0.448888
0.453051
0.37401
0.526013
0.499934
0.347391
0.352066
0.418496
0.527671
0.352157
0.441697
0.489107
0.460415
0.356327
0.576348
0.546842
0.499647
0.568814
0.313864
0.451328
0.504702
0.510185
0.54305
0.362552
0.400079
0.514678
0.691639
0.500286
0.678422
0.573932
0.361466
0.406741
0.571378
0.42183
0.403286
0.461444
0.434822
0.602798
0.505454
0.427819
0.444111
0.483907
0.607369
0.716386
0.519266
0.564049
0.56032
0.530009
0.499207
0.501481
0.44508
0.312048
0.558367
0.62394
0.517316
0.548766
0.608239
0.60356
0.488615
0.482799
0.450638
0.471735
0.362614
0.574976
0.348657
0.417091
0.532474
0.407228
0.555531
0.452656
0.507641
0.349811
0.590849
0.556325
0.574545
0.521531
0.577735
0.581646
0.407642
0.552114
0.453901
0.60395
0.433868
0.411363
0.443617
0.50982
0.515359
0.500181
0.526936
0.255825
0.451942
0.504027
0.466674
0.51547
0.616682
0.389834
0.552899
0.401226
0.524444
0.482889
0.398878
0.291513
0.395166
0.49064
0.371673
0.410462
0.410258
0.545874
0.364777
0.601243
0.572272
0.72216
0.719398
0.601737
0.464658
0.529939
0.575246
0.374273
0.470226
0.532104
0.380857
0.559137
0.443547
0.423379
0.617739
0.614533
0.544351
0.598269
0.491822
0.373613
0.425609
0.387856
0.519936
0.492213
0.631763
0.476122
0.488224
0.378842
0.399263
0.512018
0.383659
0.391501
0.563291
0.613919
0.499021
0.353824
0.361277
0.718584
0.485916
0.386026
0.685517
0.55723
0.579647
0.364123
0.473941
0.446769
0.643963
0.51384
0.439786
0.664738
0.482908
0.413584
0.527643
0.531932
0.641259
0.523857
0.44508
0.457193
0.564206
0.478433
0.455753
0.604307
0.511181
0.565584
0.431627
0.5214
0.417963
0.395632
0.448674
0.428712
0.375373
0.394052
0.472106
0.591105
0.442128
0.57734
0.413933
0.607087
0.333619
0.661796
0.657351
0.426667
0.427618
0.323389
0.529197
0.565759
0.502096
0.469781
0.563397
0.615378
0.76961
0.503622
0.435083
0.549293
0.596893
0.649129
0.356765
0.414314
0.59751
0.581985
0.614635
0.642814
0.459673
0.545538
0.384858
0.457597
0.520514
0.55424
0.706351
0.444666
0.622342
0.478262
0.398335
0.449922
0.485616
0.67117
0.697624
0.711293
0.407609
0.345517
0.552341
0.368256
0.644934
0.519174
0.745484
0.496206
0.462316
0.448212
0.433471
0.59355
0.529256
0.430087
0.571506
0.504924
0.420393
0.603856
0.459346
0.594366
0.42464
0.492145
0.377759
0.58775
0.492342
0.622523
0.497664
0.484278
0.54898
0.433931
0.530691
0.492265
0.478097
0.516766
0.551612
0.574934
0.525397
0.353206
0.559785
0.597422
0.400158
0.517323
0.458513
0.346635
0.549323
0.362481
0.517905
0.551091
0.453855
0.366527
0.448573
0.45833
0.546166
0.523212
0.45018
0.332963
0.57163
0.461263
0.410622
0.518887
0.616432
0.640501
0.518301
0.564659
0.598209
0.517365
0.611697
0.641512
0.465162
0.490159
0.427128
0.488933
0.673535
0.427327
0.417372
0.403211
0.61258
0.450024
0.700451
0.439846
0.720341
0.483196
0.55969
0.531139
0.482809
0.607403
0.552807
0.425782
0.533231
0.736524
0.79957
0.337743
0.467544
0.414506
0.604213
0.34717
0.466166
0.567257
0.530587
0.426552
0.661552
0.463757
0.384692
0.570813
0.415189
0.43344
0.470969
0.390497
0.466864
0.554855
0.575472
0.582672
0.593313
0.473598
0.390711
0.524636
0.562555
0.725453
0.533731
0.440999
0.394408
0.533683
0.520667
0.375159
0.436969
0.517339
0.447757
0.551683
0.542977
0.490459
0.390504
0.546548
0.579269
0.449987
0.569406
0.48769
0.526705
0.543191
0.542379
0.588762
0.627192
0.573362
0.47073
0.574468
0.408637
0.445523
0.667239
0.586332
0.467878
0.571839
0.571652
0.463193
0.515875
0.449417
0.410585
0.471228
0.588648
0.491125
0.485556
0.613735
0.401664
0.533031
0.494608
0.481395
0.574615
0.56006
0.429672
0.509215
0.477733
0.384396
0.503551
0.686793
0.449989
0.579151
0.447139
0.524027
0.413792
0.612791
0.479178
0.604871
0.559961
0.447747
0.587604
0.5672
0.401022
0.559673
0.473228
0.427298
0.390039
0.501695
0.493243
0.622986
0.476472
0.581044
0.703727
0.479855
0.41971
0.533382
0.637082
0.610526
0.505205
0.373124
0.762026
0.437363
0.607299
0.566018
0.560481
0.384495
0.617095
0.413217
0.517454
0.515504
0.502914
0.554047
0.456666
0.498581
0.395127
0.387635
0.466455
0.461433
0.58633
0.481549
0.547181
0.353688
0.612094
0.578549
0.573067
0.36503
0.526707
0.630523
0.498139
0.552721
0.512553
0.681667
0.447656
0.512698
0.561008
0.390912
0.523129
0.583846
0.43692
0.626583
0.410737
0.605551
0.287992
0.384253
0.51969
0.454089
0.684581
0.371693
0.488792
0.363889
0.574658
0.572829
0.386182
0.395154
0.312889
0.445547
0.388937
0.439828
0.572016
0.526187
0.365969
0.463326
0.768929
0.606509
0.499325
0.55995
0.53706
0.416907
0.465762
0.555348
0.450914
0.492601
0.662153
0.519872
0.457813
0.417499
0.695013
0.56214
0.496102
0.633416
0.466159
0.552582
0.57833
0.570286
0.573222
0.382226
0.392099
0.295958
0.605465
0.492431
0.420521
0.502178
0.45205
0.516763
0.408424
0.436292
0.551665
0.356664
0.399678
0.356174
0.499086
0.468035
0.545218
0.528887
0.286009
0.466341
0.330579
0.511501
0.690178
0.663279
0.595957
0.445515
0.738579
0.52855
0.52104
0.464249
0.557166
0.625742
0.521066
0.555585
0.481315
0.401767
0.549796
0.540371
0.437922
0.41482
0.529285
0.519788
0.421775
0.466243
0.625583
0.512943
0.575552
0.457169
0.663683
0.448928
0.64451
0.421306
0.424294
0.495536
0.513654
0.590652
0.489179
0.599814
0.646908
0.531432
0.501088
0.483593
0.434481
0.443009
0.378456
0.48009
0.416409
0.442975
0.674328
0.41568
0.686909
0.567118
0.393136
0.533867
0.595942
0.593422
0.478209
0.526476
0.451074
0.554716
0.557093
0.58005
0.284473
0.535064
0.480981
0.563397
0.486553
0.450472
0.418787
0.47522
0.619543
0.494927
0.565601
0.53871
0.610958
0.388269
0.399475
0.572957
0.588645
0.692875
0.469732
0.489026
0.45584
0.47158
0.524193
0.451465
0.416355
0.339737
0.481929
0.514036
0.54675
0.419812
0.63238
0.581388
0.374056
0.537328
0.490903
0.466374
0.654346
0.302492
0.465003
0.50569
0.659147
0.302269
0.484748
0.464474
0.563429
0.483168
0.525085
0.503464
0.490615
0.335442
0.396975
0.600306
0.506764
0.394901
0.50849
0.509552
0.367831
0.558986
0.496263
0.413853
0.510576
0.569229
0.301843
0.461855
0.439465
0.342696
0.616782
0.406216
0.49859
0.540467
0.644471
0.548201
0.529367
0.441693
0.52596
0.363215
0.501489
0.647223
0.451229
0.424649
0.566322
0.567263
0.326586
0.461365
0.618671
0.553017
0.393089
0.477103
0.464528
0.312708
0.590109
0.528096
0.379173
0.60785
0.43237
0.598108
0.401682
0.556117
0.518015
0.428102
0.748638
0.372628
0.609479
0.450717
0.441552
0.461907
0.428152
0.547682
0.429209
0.628297
0.478043
0.491283
0.447904
0.603018
0.462885
0.348958
0.399209
0.591572
0.585305
0.323065
0.436663
0.525645
0.415953
0.465839
0.439495
0.35913
0.594653
0.552521
0.413177
0.478366
0.374894
0.51361
0.493364
0.40215
0.547173
0.62016
0.44147
0.627554
0.675936
0.584016
0.506861
0.333059
0.65908
0.577833
0.392348
0.480941
0.468193
0.397725
0.596404
0.266387
0.451921
0.484326
0.517237
0.641213
0.384088
0.68603
0.490559
0.595573
0.512409
0.591149
0.494634
0.611506
0.412827
0.373682
0.492876
0.407618
0.478779
0.590378
0.496031
0.37469
0.373844
0.434717
0.512633
0.45746
0.650525
0.596436
0.418208
0.568293
0.587058
0.593158
0.51038
0.523931
0.618409
0.533686
0.628747
0.476969
0.33684
0.540464
0.605155
0.669193
0.411597
0.401702
0.571661
0.464361
0.426554
0.441601
0.390242
0.623501
0.35882
0.390112
0.580002
0.566244
0.420547
0.401613
0.404347
0.517197
0.560418
0.514865
0.44233
0.466828
0.370466
0.564568
0.505074
0.381787
0.56815
0.44782
0.66991
0.680085
0.422778
0.516744
0.591568
0.641988
0.569639
0.511509
0.411516
0.357982
0.504366
0.565949
0.423201
0.420614
0.574336
0.510966
0.562727
0.547491
0.583071
0.568829
0.381182
0.478185
0.497866
0.474499
0.516564
0.318262
0.500068
0.578055
0.41996
0.409121
0.341648
0.575255
0.402376
0.582808
0.47094
0.481258
0.355298
0.316406
0.464637
0.405488
0.559824
0.631118
0.452325
0.503586
0.535887
0.586592
0.544102
0.575379
0.394845
0.501524
0.571016
0.545754
0.445388
0.487025
0.522271
0.608289
0.464486
0.509743
0.412393
0.729476
0.481763
0.607154
0.435752
0.60433
0.437455
0.657938
0.565046
0.522142
0.460777
0.565817
0.424594
0.544119
0.377291
0.345684
0.518482
0.512611
0.490547
0.406357
0.417849
0.404586
0.595012
0.404714
0.410779
0.610013
0.464008
0.60147
0.392539
0.35873
0.518116
0.379321
0.623069
0.537417
0.516179
0.489626
0.602878
0.431173
0.522826
0.574291
0.41772
0.392249
0.593088
0.564977
0.276626
0.581405
0.576431
0.49223
0.517096
0.545334
0.579257
0.642587
0.575476
0.686596
0.536614
0.582187
0.519766
0.450433
0.430596
0.420897
0.616307
0.595831
0.454638
0.621414
0.351039
0.436156
0.559595
0.663269
0.350218
0.427661
0.329264
0.452167
0.544708
0.552123
0.719684
0.3205
0.496193
0.482848
0.558278
0.495409
0.452853
0.541247
0.435645
0.416183
0.326278
0.444153
0.334492
0.663289
0.580616
0.610014
0.426934
0.516776
0.599156
0.435077
0.333117
0.492275
0.542786
0.368637
0.370807
0.608272
0.43897
0.4094
0.437355
0.518824
0.539096
0.612962
0.652107
0.401328
0.556304
0.543413
0.649106
0.619446
0.445083
0.419988
0.446605
0.38674
0.408159
0.602709
0.531656
0.437055
0.615418
0.528895
0.584753
0.363136
0.493832
0.455405
0.531218
0.415468
0.396546
0.479437
0.54274
0.558753
0.38355
0.603681
0.524213
0.463943
0.34553
0.379589
0.507707
0.469195
0.376746
0.5055
0.437152
0.573607
0.451982
0.374314
0.56402
0.533016
0.38685
0.458392
0.486006
0.507678
0.559931
0.587325
0.547451
0.467034
0.449466
0.61717
0.581926
0.58733
0.486526
0.507733
0.514163
0.583227
0.55081
0.517459
0.250203
0.595096
0.534435
0.493421
0.371359
0.409101
0.373298
0.276909
0.50933
0.417667
0.394828
0.563064
0.516478
0.533399
0.455133
0.545973
0.457051
0.449978
0.6378
0.448632
0.531811
0.499028
0.56079
0.380111
0.610264
0.382441
0.387129
0.580272
0.581413
0.565071
0.659264
0.405315
0.445656
0.493217
0.276233
0.475437
0.557184
0.559775
0.506952
0.548814
0.387949
0.66738
0.5822
0.504136
0.520991
0.446376
0.532054
0.606839
0.492626
0.36487
0.334775
0.602188
0.58972
0.52364
0.617359
0.421326
0.570011
0.559097
0.497166
0.504342
0.410109
0.382999
0.578297
0.437431
0.597592
0.368072
0.315558
0.669147
0.470266
0.444151
0.433128
0.613725
0.467438
0.599949
0.534199
0.367449
0.394718
0.491003
0.562144
0.456955
0.315611
0.534836
0.572935
0.406383
0.36989
0.52983
0.452766
0.553234
0.480422
0.564772
0.364082
0.460736
0.346875
0.491527
0.527391
0.367553
0.436433
0.613723
0.545485
0.683562
0.468372
0.39983
0.450897
0.383465
0.45106
0.559489
0.606662
0.467915
0.466675
0.427371
0.314641
0.554839
0.510653
0.479387
0.584899
0.431591
0.579573
0.561458
0.593863
0.541548
0.562946
0.441592
0.508165
0.396727
0.431053
0.501442
0.375342
0.500961
0.422728
0.563999
0.481736
0.53616
0.523671
0.509554
0.652198
0.507129
0.487628
0.462502
0.415389
0.558406
0.589463
0.537081
0.382702
0.46953
0.51088
0.510539
0.388051
0.303137
0.546283
0.747761
0.30998
0.623243
0.477945
0.531802
0.446775
0.319029
0.40643
0.36027
0.439476
0.56244
0.433866
0.447969
0.636908
0.595857
0.38445
0.331668
0.471056
0.489063
0.608233
0.503344
0.460351
0.522724
0.650981
0.403704
0.582628
0.548552
0.684624
0.588277
0.258756
0.544271
0.479511
0.533817
0.462144
0.424524
0.461413
0.483235
0.318554
0.586772
0.532947
0.332747
0.384871
0.56425
0.550799
0.445402
0.494689
0.425977
0.336837
0.430598
0.632804
0.406823
0.462952
0.559692
0.449919
0.368569
0.286146
0.393257
0.353079
0.385886
0.522137
0.476026
0.406577
0.41913
0.73245
0.411013
0.452294
0.478794
0.661694
0.554779
0.507653
0.40447
0.598428
0.481287
0.623576
0.474088
0.444758
0.442245
0.484075
0.527216
0.466515
0.507313
0.503295
0.529153
0.357575
0.398013
0.625075
0.520509
0.488613
0.534667
0.654296
0.589943
0.622308
0.596118
0.648499
0.375712
0.363706
0.547515
0.572507
0.544627
0.476202
0.621849
0.467942
0.614987
0.530289
0.54645
0.413825
0.483063
0.463974
0.386085
0.553591
0.480615
0.420446
0.529793
0.438129
0.333947
0.490318
0.579036
0.683636
0.512946
0.322493
0.500243
0.467313
0.551522
0.679388
0.485264
0.583142
0.588844
0.399024
0.318739
0.554208
0.523729
0.388137
0.381854
0.447238
0.492506
0.607264
0.32741
0.559262
0.473664
0.520395
0.341621
0.545508
0.590527
0.568585
0.463504
0.431865
0.626219
0.388549
0.463217
0.604469
0.483088
0.534071
0.586145
0.493186
0.51179
0.369704
0.550018
0.564984
0.603149
0.393
0.537815
0.517396
0.478916
0.403209
0.659664
0.511514
0.535502
0.471119
0.462427
0.608156
0.487725
0.476406
0.546132
0.370065
0.527587
0.665601
0.301862
0.467245
0.456074
0.545496
0.316209
0.571712
0.463917
0.663527
0.492848
0.452204
0.530245
0.438378
0.522251
0.378577
0.376014
0.390804
0.486061
0.619859
0.552074
0.48635
0.513082
0.369128
0.459705
0.538377
0.509312
0.45262
0.394398
0.431547
0.564945
0.379683
0.471678
0.412596
0.596701
0.464409
0.536676
0.456977
0.514332
0.498993
0.477155
0.45665
0.405616
0.583108
0.452683
0.486046
0.414614
0.312767
0.520561
0.489902
0.343448
0.606393
0.482136
0.498438
0.438312
0.595031
0.491072
0.612027
0.425898
0.427831
0.558119
0.50923
0.446905
0.543188
0.454904
0.418824
0.588745
0.630114
0.462214
0.55811
0.550039
0.553647
0.526237
0.376564
0.574968
0.442315
0.679174
0.555579
0.476012
0.434913
0.348617
0.401764
0.61907
0.258024
0.423043
0.533015
0.575425
0.354996
0.458756
0.593252
0.450507
0.611248
0.40658
0.443463
0.579844
0.520025
0.304556
0.563407
0.638076
0.306956
0.525876
0.560037
0.337387
0.480934
0.589275
0.51544
0.597148
0.403132
0.532022
0.418799
0.547071
0.465105
0.613679
0.513594
0.381611
0.54122
0.561717
0.553002
0.31383
0.52983
0.588073
0.593143
0.382422
0.42183
0.398693
0.565563
0.646048
0.434484
0.386078
0.557058
0.554601
0.522584
0.537813
0.586641
0.417506
0.428264
0.612031
0.506218
0.594592
0.554976
0.523739
0.363199
0.415605
0.450383
0.653884
0.550043
0.489819
0.557118
0.536031
0.527423
0.597744
0.539594
0.593473
0.344419
0.662351
0.419259
0.592562
0.490879
0.377726
0.549912
0.646043
0.503795
0.528523
0.438925
0.543109
0.511265
0.564066
0.269406
0.400885
0.534325
0.396401
0.402592
0.525014
0.478661
0.572086
0.438956
0.434979
0.534928
0.522969
0.390737
0.652775
0.568119
0.431659
0.467825
0.471507
0.513145
0.552901
0.603149
0.413452
0.305505
0.412481
0.642933
0.455116
0.462664
0.460805
0.501394
0.439751
0.49343
0.388747
0.528715
0.515801
0.549394
0.318803
0.365276
0.532679
0.544176
0.365114
0.554421
0.393289
0.452952
0.611333
0.560197
0.605625
0.366471
0.585811
0.385748
0.493795
0.610452
0.319043
0.512278
0.621755
0.753008
0.448776
0.57767
0.651023
0.509456
0.493647
0.488123
0.596597
0.415555
0.646707
0.405347
0.563298
0.376984
0.445628
0.476087
0.537681
0.414562
0.556883
0.569981
0.578686
0.311424
0.366651
0.465941
0.593111
0.430116
0.501646
0.576504
0.599996
0.404254
0.608581
0.623796
0.480962
0.321138
0.501405
0.479962
0.481523
0.398426
0.540947
0.359172
0.471346
0.319674
0.642052
0.397478
0.389418
0.630296
0.408772
0.681072
0.593046
0.407182
0.478654
0.482663
0.497558
0.501973
0.412599
0.539951
0.436591
0.419666
0.597296
0.45936
0.590779
0.33097
0.332622
0.352447
0.42563
0.528551
0.45696
0.411581
0.647374
0.424009
0.518775
0.605748
0.528501
0.344157
0.433303
0.426523
0.372697
0.421892
0.468672
0.638479
0.481853
0.588664
0.486217
0.48754
0.555775
0.562273
0.415257
0.394969
0.598212
0.385427
0.473039
0.413934
0.520787
0.507237
0.546045
0.549791
0.429351
0.411526
0.529301
0.344452
0.645304
0.282544
0.575836
0.599431
0.557347
0.560427
0.438867
0.461355
0.51713
0.375418
0.594767
0.617982
0.5852
0.461621
0.515367
0.551945
0.401661
0.637757
0.713575
0.573713
0.498885
0.304119
0.416777
0.30441
0.49161
0.441637
0.427969
0.503418
0.372721
0.510687
0.415023
0.434873
0.610976
0.43399
0.323947
0.441384
0.489914
0.50968
0.542502
0.242525
0.445141
0.537318
0.54597
0.399893
0.450172
0.451364
0.43737
0.389695
0.568965
0.543336
0.44985
0.598098
0.336251
0.615593
0.509495
0.503757
0.544751
0.446407
0.562222
0.53617
0.511307
0.357717
0.448928
0.297733
0.461961
0.563642
0.568497
0.411577
0.618945
0.539602
0.59879
0.706478
0.490554
0.488554
0.451141
0.374388
0.557813
0.492629
0.514429
0.535305
0.419821
0.425123
0.500184
0.618454
0.602648
0.55955
0.530736
0.517951
0.554594
0.649164
0.617809
0.505358
0.54362
0.66208
0.459489
0.38073
0.440704
0.443856
0.638923
0.518004
0.515867
0.441089
0.438603
0.609772
0.491559
0.556326
0.38955
0.340719
0.49109
0.416289
0.555155
0.41821
0.587726
0.622144
0.504961
0.362743
0.603084
0.512262
0.464069
0.41019
0.521378
0.404619
0.529382
0.601982
0.379078
0.597739
0.524324
0.538589
0.557494
0.495761
0.519172
0.445902
0.44876
0.484967
0.374574
0.4533
0.483683
0.52579
0.571346
0.606437
0.402867
0.436075
0.670039
0.436982
0.420505
0.528063
0.399314
0.385781
0.473204
0.623288
0.402558
0.625115
0.564159
0.506303
0.377707
0.549948
0.30598
0.589875
0.525662
0.607283
0.633432
0.450984
0.378176
0.60697
0.400325
0.558708
0.506563
0.506507
0.592756
0.651775
0.61803
0.58661
0.383869
0.335298
0.526915
0.433549
0.423277
0.352898
0.44359
0.518455
0.497256
0.452192
0.554226
0.613028
0.513785
0.598276
0.470135
0.505289
0.559472
0.501605
0.505809
0.478251
0.343401
0.413363
0.400318
0.488588
0.485852
0.70315
0.327128
0.431606
0.527883
0.570507
0.44292
0.603039
0.630654
0.45356
0.506432
0.567414
0.601429
0.484738
0.553822
0.516942
0.526065
0.405266
0.547532
0.55411
0.505858
0.386854
0.521069
0.455383
0.289516
0.520701
0.422623
0.572617
0.359033
0.520671
0.5159
0.503034
0.471191
0.349216
0.526992
0.5078
0.474408
0.51132
0.531622
0.683481
0.713582
0.573483
0.557521
0.589876
0.603582
0.451467
0.3322
0.511928
0.694996
0.472245
0.536833
0.482642
0.47371
0.452324
0.532434
0.418169
0.62886
0.446309
0.504978
0.515406
0.491678
0.40633
0.431612
0.536705
0.390716
0.654634
0.500513
0.355502
0.48689
0.508382
0.522496
0.260866
0.544779
0.507418
0.552866
0.718245
0.464559
0.382478
0.497533
0.457824
0.441928
0.463028
0.507855
0.611219
0.541366
0.460661
0.574144
0.24137
0.461003
0.275667
0.608236
0.609767
0.435376
0.461134
0.461003
0.599335
0.5653
0.540652
0.551153
0.560548
0.482065
0.412409
0.387129
0.572515
0.646113
0.48417
0.444372
0.51006
0.348355
0.570393
0.515723
0.58199
0.525218
0.444394
0.483161
0.554976
0.416516
0.375253
0.564574
0.60171
0.48817
0.490826
0.66971
0.511188
0.40982
0.494963
0.654945
0.273213
0.52028
0.328761
0.496946
0.598422
0.631817
0.502386
0.610799
0.359357
0.517155
0.435715
0.518633
0.437315
0.391105
0.532783
0.430234
0.633951
0.541674
0.376723
0.527623
0.555802
0.683481
0.468613
0.451024
0.604133
0.499276
0.545367
0.364141
0.601718
0.50333
0.498509
0.43211
0.362401
0.503426
0.577412
0.475966
0.558473
0.556149
0.697286
0.372946
0.465154
0.603155
0.483917
0.4524
0.560669
0.544057
0.573885
0.292558
0.334613
0.544522
0.650715
0.453886
0.506556
0.396186
0.434102
0.590192
0.481018
0.537894
0.551118
0.35916
0.564185
0.615819
0.404985
0.509427
0.741958
0.502911
0.618731
0.451797
0.568129
0.516148
0.467786
0.527643
0.435712
0.363006
0.527249
0.568052
0.403668
0.516531
0.446323
0.692685
0.525486
0.461373
0.524108
0.52784
0.675293
0.571124
0.397644
0.52864
0.591405
0.470229
0.564876
0.670759
0.45641
0.601762
0.351853
0.432563
0.50715
0.265276
0.595247
0.319002
0.417123
0.506956
0.24799
0.68406
0.718106
0.537214
0.527511
0.589062
0.626969
0.418897
0.512825
0.589571
0.517903
0.512194
0.458395
0.474088
0.529479
0.480329
0.52945
0.483265
0.420208
0.453083
0.475125
0.718762
0.585434
0.713165
0.442536
0.606383
0.322676
0.313407
0.4966
0.50859
0.681708
0.450739
0.447143
0.586936
0.459896
0.415867
0.49655
0.595471
0.50255
0.505542
0.50794
0.641608
0.542232
0.527277
0.455547
0.381414
0.460207
0.54434
0.555732
0.421767
0.577437
0.501821
0.488752
0.58229
0.38173
0.642535
0.408142
0.425423
0.671886
0.464495
0.496268
0.593488
0.448874
0.489655
0.461354
0.497048
0.608344
0.506605
0.382976
0.579349
0.587934
0.617835
0.699762
0.537093
0.497106
0.465205
0.494728
0.508251
0.306421
0.425175
0.470424
0.443115
0.397412
0.558347
0.517771
0.355232
0.573426
0.565847
0.469179
0.504357
0.405994
0.548007
0.488282
0.394006
0.440571
0.578822
0.385313
0.571677
0.509636
0.602584
0.458883
0.600269
0.500406
0.527097
0.451644
0.524694
0.59863
0.630825
0.469014
0.388154
0.57913
0.619296
0.646901
0.45802
0.63799
0.459067
0.366035
0.401713
0.560519
0.385513
0.597274
0.508465
0.493303
0.32366
0.523943
0.583307
0.537926
0.479288
0.324007
0.645081
0.4081
0.550452
0.606566
0.540777
0.491233
0.677575
0.483917
0.443923
0.429609
0.493212
0.522113
0.535264
0.285632
0.350579
0.649695
0.369402
0.479775
0.50286
0.415961
0.411563
0.589099
0.373351
0.476894
0.684106
0.268423
0.399382
0.548547
0.392877
0.705459
0.451
0.404446
0.408959
0.545424
0.718313
0.605243
0.361854
0.519882
0.429401
0.535613
0.455601
0.388759
0.503642
0.485086
0.449778
0.453727
0.463282
0.646219
0.452858
0.525343
0.519045
0.515247
0.555786
0.425567
0.613555
0.467063
0.589182
0.381486
0.549287
0.538098
0.417993
0.515306
0.34577
0.287374
0.492921
0.559875
0.263694
0.517769
0.558393
0.42824
0.40157
0.426179
0.372327
0.439934
0.513558
0.41306
0.52342
0.45594
0.315016
0.61848
0.637131
0.498455
0.435353
0.663586
0.342029
0.330847
0.645661
0.463083
0.523607
0.447368
0.63164
0.636026
0.523191
0.571436
0.400248
0.47899
0.544962
0.585517
0.601519
0.477358
0.514662
0.614828
0.614905
0.317199
0.488951
0.461337
0.592538
0.621952
0.544906
0.533738
0.569712
0.4748
0.48458
0.543284
0.545893
0.599393
0.470048
0.634616
0.50752
0.358248
0.459782
0.394905
0.306826
0.389912
0.547736
0.433868
0.528889
0.442671
0.511923
0.451431
0.572075
0.574302
0.359774
0.409027
0.535024
0.37411
0.513037
0.594745
0.446269
0.525184
0.505415
0.421749
0.690588
0.461538
0.371648
0.423624
0.379121
0.386516
0.487181
0.309512
0.378261
0.605567
0.273054
0.616117
0.455322
0.488203
0.51109
0.442894
0.516918
0.510686
0.519963
0.480933
0.408981
0.342688
0.423158
0.445292
0.615311
0.427922
0.595337
0.494722
0.434508
0.370405
0.50406
0.37198
0.433123
0.474803
0.569328
0.522118
0.46581
0.400961
0.443815
0.445361
0.621265
0.379483
0.472193
0.415421
0.595663
0.696929
0.518381
0.443292
0.313305
0.595913
0.555031
0.390794
0.507155
0.547118
0.490026
0.537371
0.439885
0.536938
0.560253
0.477842
0.489059
0.576207
0.653352
0.478038
0.538018
0.472176
0.423639
0.439468
0.507017
0.317605
0.548852
0.523388
0.527131
0.637588
0.629856
0.458852
0.402409
0.496423
0.565871
0.40855
0.62373
0.503567
0.443328
0.590455
0.490785
0.569427
0.35684
0.452525
0.666567
0.64847
0.436315
0.271908
0.531734
0.668847
0.384671
0.399347
0.324173
0.484431
0.636085
0.293662
0.442054
0.496921
0.425184
0.490445
0.456644
0.482345
0.413058
0.423283
0.524118
0.518044
0.546426
0.665082
0.403553
0.442909
0.531783
0.581253
0.4813
0.595402
0.386783
0.485746
0.369851
0.560563
0.386641
0.665166
0.492328
0.418961
0.553736
0.385364
0.58165
0.527246
0.444133
0.519186
0.416454
0.371689
0.265154
0.53322
0.683748
0.622807
0.613639
0.54564
0.601313
0.380887
0.454984
0.616448
0.550782
0.438967
0.568515
0.45563
0.665331
0.5015
0.465229
0.433978
0.683871
0.583706
0.43941
0.45553
0.526582
0.478287
0.546071
0.499806
0.664645
0.512931
0.501675
0.566247
0.349944
0.433724
0.48603
0.452464
0.53851
0.636331
0.478736
0.572127
0.384449
0.528512
0.594024
0.567571
0.49904
0.54426
0.483307
0.496361
0.662689
0.441569
0.55521
0.470332
0.545369
0.602556
0.518333
0.499795
0.534159
0.616382
0.582477
0.444859
0.484455
0.562142
0.459502
0.599991
0.704409
0.520586
0.385475
0.437204
0.450091
0.430303
0.441247
0.607439
0.551885
0.365653
0.579034
0.448958
0.51054
0.55051
0.368074
0.675768
0.594327
0.633565
0.652882
0.418305
0.536667
0.337657
0.473114
0.36286
0.476605
0.457342
0.424498
0.485403
0.502446
0.415598
0.445767
0.499719
0.551862
0.402305
0.397009
0.638965
0.389714
0.503855
0.550304
0.463981
0.427849
0.594945
0.543982
0.440917
0.469046
0.400366
0.557327
0.554937
0.550312
0.346269
0.442999
0.526005
0.328633
0.507155
0.409929
0.566945
0.495323
0.516517
0.57989
0.47323
0.423025
0.345805
0.346458
0.45811
0.442416
0.468097
0.445485
0.445988
0.613634
0.509579
0.501739
0.411093
0.50041
0.453636
0.54678
0.497776
0.372848
0.499117
0.508647
0.382942
0.657792
0.586011
0.754381
0.34036
0.523649
0.688523
0.621885
0.540811
0.52954
0.537235
0.408093
0.47126
0.586604
0.368769
0.585867
0.380436
0.372248
0.513083
0.602554
0.357447
0.306105
0.515254
0.568556
0.32426
0.539444
0.550313
0.474761
0.572103
0.427725
0.526418
0.683153
0.59606
0.448967
0.383383
0.415375
0.481345
0.598583
0.580272
0.519496
0.368974
0.634275
0.427518
0.525694
0.577763
0.562574
0.65572
0.507056
0.483784
0.551571
0.525006
0.542134
0.55767
0.322349
0.465556
0.431394
0.534337
0.414607
0.401612
0.450136
0.438924
0.439919
0.648004
0.625968
0.516991
0.529056
0.579962
0.409337
0.516197
0.447756
0.563675
0.361147
0.540932
0.59831
0.596799
0.711901
0.650574
0.54227
0.344827
0.552327
0.49627
0.472602
0.470955
0.49588
0.490358
0.631528
0.443784
0.509002
0.576767
0.313299
0.568943
0.335476
0.419941
0.509102
0.627407
0.44669
0.354075
0.444265
0.515026
0.63009
0.533633
0.525911
0.464485
0.683567
0.600375
0.562157
0.492645
0.414011
0.631317
0.631941
0.352919
0.643691
0.556265
0.377531
0.484078
0.40865
0.332801
0.459708
0.533574
0.488704
0.440795
0.458635
0.495208
0.73917
0.407751
0.521342
0.53768
0.499862
0.500515
0.649759
0.412273
0.537395
0.618073
0.39118
0.514652
0.432293
0.494412
0.636025
0.637472
0.452874
0.669619
0.34572
0.487201
0.663339
0.511607
0.226488
0.550304
0.493978
0.470099
0.33283
0.58062
0.656869
0.418693
0.427412
0.641519
0.520899
0.490066
0.542076
0.473114
0.465436
0.433591
0.477626
0.466542
0.512423
0.523852
0.548055
0.514044
0.492142
0.622782
0.417795
0.465265
0.528368
0.54733
0.398588
0.556976
0.434103
0.618823
0.365513
0.595061
0.48954
0.669381
0.419678
0.454393
0.72938
0.554977
0.668084
0.423915
0.497103
0.273931
0.609077
0.560952
0.429247
0.61388
0.604852
0.630531
0.613223
0.649445
0.590356
0.592163
0.41768
0.387079
0.410979
0.558299
0.524865
0.602744
0.59935
0.485363
0.399936
0.542346
0.494526
0.469994
0.412622
0.354022
0.374852
0.609859
0.482101
0.495621
0.418719
0.550083
0.446453
0.309942
0.325421
0.573117
0.463478
0.584477
0.421282
0.401512
0.530187
0.411684
0.5442
0.569867
0.463688
0.339967
0.5427
0.683854
0.316697
0.554815
0.343598
0.621013
0.506371
0.453738
0.335294
0.539686
0.415591
0.377862
0.481729
0.549196
0.381349
0.537284
0.624981
0.756078
0.315313
0.616465
0.552458
0.43792
0.507131
0.370213
0.597597
0.508056
0.441523
0.419974
0.310969
0.521087
0.515633
0.334399
0.581652
0.630935
0.473632
0.627376
0.506683
0.549831
0.580995
0.730901
0.4994
0.468373
0.541363
0.399429
0.395436
0.383515
0.31436
0.376521
0.358089
0.443035
0.423216
0.503857
0.502781
0.451788
0.546496
0.576871
0.553275
0.696746
0.368722
0.550514
0.610281
0.434546
0.520138
0.472839
0.456072
0.646994
0.466335
0.37336
0.43668
0.506693
0.513916
0.557305
0.456213
0.406666
0.478869
0.456149
0.485822
0.394581
0.519756
0.459005
0.63279
0.513898
0.568329
0.39868
0.533193
0.490979
0.395616
0.590408
0.624565
0.5189
0.532025
0.520517
0.522954
0.575475
0.515446
0.356477
0.67171
0.574642
0.47184
0.599017
0.647361
0.487167
0.638233
0.721199
0.500854
0.578269
0.61853
0.538574
0.580422
0.396525
0.518021
0.528749
0.625328
0.510131
0.632922
0.267926
0.437675
0.423297
0.676762
0.576172
0.532456
0.417288
0.505896
0.562426
0.43398
0.347337
0.361893
0.534449
0.429794
0.688374
0.279021
0.488132
0.611163
0.359228
0.510503
0.414834
0.522168
0.466696
0.50772
0.564594
0.407424
0.297569
0.641961
0.377318
0.591409
0.448438
0.388837
0.543229
0.64036
0.619818
0.400895
0.57812
0.450641
0.412849
0.674487
0.298137
0.475491
0.453544
0.572376
0.453057
0.445003
0.531286
0.394056
0.526246
0.552153
0.374979
0.291211
0.33368
0.570691
0.601993
0.306235
0.353662
0.538645
0.561743
0.46718
0.593053
0.384177
0.357485
0.502957
0.24509
0.588495
0.466605
0.348139
0.518041
0.573489
0.791413
0.487108
0.513209
0.469728
0.459172
0.542821
0.504984
0.363433
0.351792
0.345899
0.624871
0.439001
0.482372
0.525236
0.475646
0.526619
0.647454
0.441768
0.401005
0.432493
0.370602
0.542542
0.610289
0.572173
0.414615
0.342676
0.407091
0.545413
0.476424
0.448251
0.494769
0.384015
0.490419
0.613697
0.331095
0.472009
0.652685
0.48265
0.47852
0.480568
0.640344
0.39175
0.445716
0.577947
0.536921
0.522327
0.540298
0.467776
0.486341
0.465368
0.55185
0.476941
0.484945
0.620648
0.45857
0.357312
0.582569
0.381364
0.800117
0.383504
0.600469
0.561083
0.383406
0.521846
0.38563
0.500286
0.587349
0.413702
0.607649
0.645254
0.506771
0.559245
0.366153
0.422519
0.524896
0.40577
0.613426
0.537563
0.528079
0.637584
0.5086
0.506917
0.575638
0.43249
0.506538
0.488294
0.411872
0.39285
0.346203
0.403839
0.356572
0.477179
0.440076
0.457061
0.434538
0.651193
0.477859
0.524473
0.403855
0.445187
0.444455
0.658459
0.416888
0.447627
0.513901
0.468299
0.297158
0.582757
0.717689
0.451826
0.439522
0.413033
0.497587
0.530595
0.440245
0.575143
0.539827
0.696952
0.337822
0.401347
0.549211
0.511837
0.3946
0.595841
0.558443
0.597642
0.373456
0.528813
0.479681
0.450888
0.563036
0.57883
0.492036
0.454995
0.479275
0.497169
0.520468
0.403834
0.520099
0.285671
0.398234
0.652272
0.57448
0.472646
0.516778
0.59035
0.5862
0.439371
0.453659
0.493227
0.446913
0.492645
0.430836
0.429476
0.542304
0.496856
0.292349
0.415792
0.499373
0.671987
0.402153
0.486663
0.482081
0.431949
0.449585
0.502964
0.456819
0.380589
0.511645
0.553984
0.598381
0.400719
0.458025
0.312793
0.431333
0.464449
0.496492
0.485366
0.500905
0.561082
0.343003
0.449337
0.441724
0.681829
0.362598
0.708727
0.56196
0.418517
0.463873
0.496453
0.384645
0.526483
0.341537
0.5369
0.387159
0.469784
0.548273
0.436311
0.5541
0.409832
0.438857
0.5992
0.607952
0.716525
0.566186
0.474494
0.406215
0.473943
0.320611
0.515531
0.392851
0.520592
0.390665
0.593571
0.466142
0.6072
0.585004
0.734886
0.374243
0.373016
0.492113
0.557007
0.473986
0.534524
0.566014
0.460142
0.58764
0.348468
0.512972
0.58529
0.366614
0.554045
0.415876
0.480989
0.320266
0.517093
0.469717
0.626154
0.592227
0.492069
0.313296
0.636907
0.465841
0.685588
0.529009
0.540765
0.554576
0.548241
0.444274
0.632039
0.482441
0.639413
0.604903
0.427748
0.383691
0.402761
0.502405
0.623838
0.550311
0.35799
0.42397
0.406935
0.529989
0.357543
0.555547
0.50738
0.5265
0.374779
0.505217
0.584701
0.578659
0.583179
0.425708
0.4172
0.593203
0.454105
0.401675
0.522769
0.681181
0.54359
0.329054
0.568528
0.296675
0.256604
0.450533
0.532354
0.400851
0.670238
0.52289
0.459815
0.473598
0.365167
0.578688
0.515529
0.469207
0.557776
0.5065
0.558401
0.561773
0.54326
0.510598
0.675677
0.350211
0.553001
0.422724
0.391226
0.492013
0.597488
0.525299
0.418914
0.50907
0.509003
0.50714
0.46243
0.558116
0.516289
0.609468
0.46835
0.482575
0.576363
0.531723
0.519746
0.561783
0.356616
0.453403
0.51307
0.347822
0.5033
0.489872
0.69154
0.429365
0.450501
0.536807
0.513708
0.386205
0.516614
0.569659
0.61638
0.397315
0.503363
0.55123
0.386483
0.339539
0.455327
0.562192
0.587012
0.463209
0.555939
0.506068
0.487579
0.655205
0.528876
0.551959
0.530617
0.499223
0.681715
0.464968
0.419742
0.517175
0.571745
0.436028
0.547216
0.624937
0.391725
0.559544
0.482974
0.459809
0.566411
0.618981
0.528107
0.636334
0.418607
0.62725
0.591179
0.561284
0.506468
0.330455
0.676214
0.487884
0.551772
0.520302
0.576672
0.413541
0.571815
0.512162
0.4502
0.324569
0.39558
0.532523
0.404384
0.46562
0.587785
0.321274
0.654249
0.360747
0.422382
0.490981
0.517672
0.637255
0.340072
0.597035
0.49537
0.502701
0.492314
0.65929
0.437593
0.499616
0.417359
0.537478
0.530104
0.611781
0.511713
0.699473
0.337516
0.620051
0.453492
0.433133
0.622514
0.404985
0.402029
0.439222
0.614955
0.367733
0.541103
0.404582
0.535329
0.48987
0.451118
0.491478
0.582494
0.577057
0.488528
0.590756
0.576117
0.530667
0.618768
0.473154
0.599672
0.565685
0.391927
0.434834
0.320357
0.642467
0.568367
0.469931
0.467721
0.404098
0.294454
0.514624
0.533302
0.510364
0.596551
0.493948
0.50901
0.533541
0.504365
0.464303
0.512483
0.430419
0.532739
0.381306
0.453089
0.529229
0.643935
0.634392
0.57275
0.569324
0.580407
0.476234
0.551192
0.405697
0.401067
0.536834
0.695721
0.439654
0.471988
0.548797
0.541092
0.561154
0.455456
0.522056
0.665496
0.287553
0.409276
0.49303
0.484162
0.457733
0.551184
0.534889
0.512543
0.48976
0.561188
0.452366
0.696533
0.334506
0.487639
0.49622
0.487598
0.356826
0.590793
0.519229
0.496222
0.650131
0.500606
0.557251
0.587482
0.739418
0.583448
0.455677
0.588095
0.452019
0.605427
0.473243
0.454686
0.334565
0.547942
0.481966
0.508552
0.568883
0.574093
0.443613
0.372619
0.388732
0.562508
0.5799
0.451799
0.523559
0.518147
0.365267
0.47838
0.494601
0.537585
0.357863
0.399594
0.562959
0.449272
0.446037
0.614938
0.478417
0.267204
0.524385
0.276327
0.402042
0.589443
0.425106
0.544588
0.474801
0.540868
0.617139
0.451321
0.578666
0.30251
0.447285
0.745564
0.48587
0.287811
0.53422
0.510225
0.616218
0.419093
0.438026
0.413677
0.521577
0.425502
0.514607
0.617374
0.590866
0.526665
0.526038
0.390865
0.318113
0.384266
0.414658
0.490984
0.500338
0.496692
0.56039
0.442515
0.431268
0.479917
0.627536
0.513077
0.731081
0.520709
0.568971
0.605442
0.501615
0.606251
0.49242
0.595984
0.520689
0.627212
0.505179
0.528398
0.488396
0.419293
0.440395
0.527327
0.412466
0.551226
0.42972
0.426984
0.468985
0.485169
0.523877
0.61533
0.399008
0.528443
0.67439
0.574842
0.700799
0.463468
0.476468
0.55636
0.551664
0.485787
0.634713
0.453001
0.442541
0.397985
0.450098
0.54655
0.332771
0.500301
0.738311
0.579254
0.431636
0.586711
0.476344
0.55939
0.487524
0.398202
0.435882
0.439435
0.514754
0.602941
0.398785
0.511168
0.612355
0.566016
0.461663
0.542479
0.428271
0.539385
0.523286
0.53612
0.29671
0.545637
0.510247
0.421139
0.525569
0.447151
0.433072
0.393167
0.335078
0.385194
0.376631
0.500221
0.648028
0.341473
0.615471
0.526137
0.506171
0.517619
0.506376
0.65424
0.436598
0.546068
0.547206
0.599306
0.616108
0.638753
0.402751
0.676338
0.480823
0.547985
0.685104
0.430174
0.402494
0.656908
0.337722
0.38037
0.402189
0.534829
0.509101
0.441324
0.396256
0.485731
0.613691
0.558013
0.568673
0.486236
0.564414
0.453249
0.638127
0.652248
0.522829
0.612776
0.437371
0.391468
0.649764
0.540023
0.446635
0.491979
0.450896
0.4928
0.322075
0.665006
0.498515
0.369683
0.534484
0.602985
0.47242
0.644301
0.482675
0.432015
0.699603
0.451214
0.4702
0.43072
0.484106
0.507547
0.533265
0.455564
0.405149
0.709985
0.381916
0.655575
0.523355
0.677242
0.365824
0.477457
0.371602
0.413546
0.300164
0.454982
0.618762
0.649187
0.486348
0.344577
0.581307
0.469621
0.636565
0.71195
0.419471
0.47509
0.360307
0.592587
0.591375
0.51821
0.495277
0.641914
0.450269
0.547415
0.464305
0.458892
0.556712
0.439648
0.714086
0.509771
0.539282
0.436128
0.540819
0.496717
0.474098
0.500512
0.532002
0.608971
0.565152
0.499228
0.45288
0.462186
0.49419
0.459236
0.680254
0.474552
0.370576
0.388924
0.435587
0.446274
0.648309
0.65333
0.393542
0.401975
0.489073
0.675351
0.241326
0.323503
0.536911
0.590053
0.538431
0.543656
0.531864
0.609683
0.575555
0.489266
0.526589
0.462438
0.455757
0.555051
0.581729
0.448529
0.520049
0.45765
0.502505
0.512529
0.413922
0.462176
0.440723
0.561483
0.440462
0.491626
0.523113
0.463709
0.469954
0.622442
0.478627
0.443701
0.575104
0.437489
0.624052
0.543999
0.535202
0.650675
0.529002
0.455384
0.50178
0.335427
0.618084
0.522192
0.442549
0.482191
0.67973
0.610042
0.579587
0.278082
0.53795
0.578714
0.412011
0.644815
0.404908
0.333409
0.462538
0.488981
0.569029
0.333065
0.611602
0.311704
0.384979
0.414889
0.381883
0.492726
0.418654
0.449735
0.410335
0.506858
0.461966
0.473406
0.594013
0.548797
0.568986
0.54446
0.520236
0.43519
0.476691
0.659533
0.490804
0.520859
0.460295
0.612693
0.324252
0.409035
0.534852
0.515777
0.769301
0.553435
0.551551
0.602167
0.286918
0.442966
0.548831
0.516891
0.257591
0.527837
0.505169
0.551431
0.444662
0.688798
0.602108
0.51209
0.593761
0.769214
0.542811
0.416213
0.472628
0.482649
0.38316
0.291051
0.354801
0.776594
0.519103
0.605519
0.524884
0.575943
0.435719
0.595561
0.432335
0.447811
0.560146
0.549309
0.444895
0.422216
0.572258
0.498697
0.452058
0.571167
0.613699
0.519644
0.343135
0.491612
0.497583
0.573411
0.433741
0.455726
0.557907
0.427181
0.438711
0.484939
0.689419
0.472398
0.688692
0.472104
0.515446
0.514872
0.561877
0.419161
0.582838
0.441104
0.451543
0.575627
0.61997
0.570771
0.614313
0.356198
0.505428
0.585785
0.543238
0.483745
0.581717
0.58179
0.484043
0.546915
0.510073
0.618449
0.462096
0.479563
0.499168
0.450315
0.311858
0.362167
0.352204
0.400593
0.499824
0.613375
0.663627
0.695521
0.406142
0.382788
0.458417
0.307588
0.679363
0.674064
0.50359
0.561294
0.60295
0.420377
0.433322
0.635587
0.411424
0.702257
0.415784
0.652611
0.568229
0.340785
0.351496
0.472853
0.566613
0.417102
0.42976
0.522262
0.539057
0.46215
0.581417
0.55735
0.359993
0.428536
0.552896
0.629796
0.500759
0.599374
0.488267
0.4425
0.444986
0.406937
0.542697
0.394547
0.596801
0.526911
0.46245
0.592961
0.513469
0.582017
0.353269
0.564641
0.468312
0.631736
0.520731
0.432316
0.298944
0.442836
0.602835
0.42383
0.420121
0.428377
0.526855
0.564537
0.479663
0.610823
0.60917
0.358055
0.41019
0.507887
0.578517
0.691103
0.378581
0.457663
0.539833
0.403595
0.659305
0.392616
0.607569
0.445655
0.357005
0.439928
0.524068
0.498681
0.477901
0.568681
0.340339
0.468039
0.398825
0.522346
0.573251
0.460457
0.406912
0.567984
0.364921
0.639648
0.482187
0.561553
0.556752
0.509157
0.4695
0.57168
0.452334
0.601905
0.435504
0.622225
0.380103
0.461367
0.430554
0.606938
0.578408
0.479778
0.37466
0.497458
0.412321
0.514262
0.460821
0.408906
0.593273
0.532201
0.518292
0.605266
0.509289
0.442682
0.60256
0.51972
0.685343
0.451277
0.578024
0.433087
0.48005
0.530925
0.433575
0.396462
0.486643
0.432125
0.620526
0.502151
0.442896
0.461126
0.326517
0.499921
0.566378
0.735271
0.398278
0.523605
0.418132
0.480117
0.400325
0.636036
0.559607
0.563431
0.645902
0.518253
0.504377
0.466611
0.460679
0.521915
0.477898
0.374578
0.538957
0.471802
0.485293
0.620617
0.52634
0.448269
0.648842
0.453164
0.512046
0.497473
0.513605
0.596941
0.438258
0.510173
0.531298
0.561373
0.333137
0.377869
0.619286
0.40465
0.448316
0.478006
0.353246
0.59227
0.630953
0.357958
0.588801
0.494388
0.484587
0.580449
0.419126
0.54674
0.272315
0.36106
0.562254
0.555399
0.48998
0.471424
0.633525
0.556074
0.486311
0.599699
0.395341
0.544147
0.431154
0.55284
0.388109
0.572089
0.432168
0.553216
0.332973
0.4664
0.574564
0.525026
0.558652
0.446646
0.507696
0.683992
0.341432
0.534661
0.626523
0.636724
0.45905
0.422454
0.395186
0.564175
0.545966
0.522805
0.534156
0.606517
0.3992
0.357026
0.441637
0.484784
0.520662
0.639823
0.544114
0.58757
0.493598
0.501663
0.570176
0.419051
0.477498
0.444518
0.515927
0.547553
0.567556
0.45734
0.519564
0.511893
0.501437
0.623054
0.586872
0.535628
0.507896
0.529381
0.608644
0.367385
0.67844
0.451215
0.585228
0.608366
0.605003
0.502778
0.422624
0.406097
0.563279
0.263256
0.388799
0.386484
0.533108
0.36004
0.318054
0.564184
0.43401
0.249228
0.625568
0.51426
0.615682
0.563455
0.543381
0.406102
0.580004
0.502635
0.413374
0.593506
0.42281
0.623623
0.571959
0.322817
0.570388
0.540315
0.435467
0.563988
0.447424
0.276144
0.644379
0.587387
0.649782
0.516409
0.448837
0.702145
0.507267
0.488342
0.417007
0.339801
0.608211
0.552298
0.222175
0.41
0.519464
0.517885
0.41359
0.572923
0.572058
0.504381
0.400351
0.466129
0.494578
0.545186
0.376822
0.491455
0.462936
0.391574
0.39228
0.610568
0.697021
0.501466
0.516731
0.515759
0.37136
0.504394
0.379046
0.435524
0.618699
0.514334
0.452765
0.602431
0.392083
0.517512
0.339178
0.653782
0.512763
0.492783
0.546462
0.553498
0.467978
0.427653
0.487924
0.516664
0.534343
0.573457
0.521561
0.586115
0.489348
0.438708
0.427426
0.653427
0.63514
0.450076
0.468451
0.534634
0.395516
0.415935
0.404652
0.403972
0.458748
0.507889
0.629809
0.556915
0.625599
0.331135
0.573968
0.416733
0.483591
0.385032
0.664322
0.516773
0.56532
0.52066
0.461226
0.483638
0.460328
0.582668
0.385361
0.414408
0.63674
0.478149
0.426236
0.483994
0.490633
0.345772
0.571472
0.436723
0.577786
0.403844
0.620506
0.609188
0.494193
0.536461
0.545582
0.599377
0.55845
0.432383
0.63712
0.340072
0.51082
0.52171
0.619766
0.452467
0.480532
0.460929
0.44963
0.548913
0.584548
0.597362
0.60248
0.52171
0.507802
0.599514
0.736829
0.49777
0.576578
0.470283
0.565106
0.456997
0.373459
0.465482
0.390303
0.405187
0.453967
0.520555
0.364713
0.560188
0.511756
0.343894
0.501606
0.453076
0.500914
0.565563
0.619877
0.464041
0.560674
0.535774
0.425959
0.60565
0.499536
0.547869
0.536471
0.534132
0.582518
0.416074
0.519335
0.312297
0.326999
0.368737
0.480265
0.46565
0.749297
0.423232
0.445802
0.666269
0.515879
0.389191
0.493235
0.44694
0.839789
0.60219
0.452014
0.391048
0.524634
0.52047
0.550449
0.461668
0.695138
0.622765
0.405713
0.426279
0.465055
0.325769
0.554402
0.501488
0.479879
0.595226
0.595109
0.485133
0.533579
0.455132
0.463676
0.661074
0.495252
0.504968
0.286043
0.354988
0.39333
0.535376
0.652801
0.487411
0.391694
0.488155
0.433773
0.513288
0.453767
0.636914
0.700199
0.4552
0.527366
0.670197
0.546278
0.530469
0.394823
0.539363
0.401068
0.540262
0.619608
0.588955
0.595954
0.431813
0.582387
0.417804
0.502102
0.362824
0.536184
0.624523
0.47657
0.490119
0.422032
0.671572
0.654907
0.572537
0.673201
0.657496
0.502365
0.621061
0.497842
0.51745
0.484992
0.447136
0.366566
0.577558
0.546155
0.453096
0.543227
0.46914
0.473218
0.376582
0.283875
0.364307
0.613337
0.443821
0.390589
0.524893
0.546565
0.404586
0.643581
0.562158
0.648643
0.614631
0.546726
0.485165
0.575107
0.399376
0.508348
0.571216
0.672545
0.475563
0.440845
0.522175
0.472056
0.325594
0.599436
0.475998
0.444173
0.412212
0.492044
0.52325
0.493766
0.489182
0.379017
0.53386
0.647609
0.506562
0.543172
0.429819
0.736555
0.62715
0.547279
0.545027
0.498461
0.46365
0.407906
0.593932
0.527233
0.514081
0.501202
0.526081
0.467566
0.615897
0.477941
0.574194
0.604203
0.557276
0.401879
0.408796
0.518707
0.477012
0.437159
0.592968
0.586017
0.252376
0.597258
0.386187
0.557224
0.517325
0.629661
0.476741
0.524258
0.671374
0.547177
0.527654
0.386383
0.532433
0.72853
0.401513
0.437614
0.454869
0.497571
0.485091
0.668387
0.577032
0.552194
0.46509
0.424044
0.38044
0.550721
0.511833
0.586899
0.435805
0.675284
0.508163
0.547881
0.479023
0.278424
0.316328
0.407955
0.503254
0.480837
0.506035
0.398768
0.371158
0.424961
0.372394
0.63614
0.444334
0.300742
0.652878
0.519296
0.494985
0.546731
0.507944
0.462901
0.607779
0.491284
0.660397
0.498214
0.597867
0.435433
0.394057
0.603878
0.463982
0.490678
0.392772
0.526092
0.463499
0.471664
0.45626
0.522119
0.439319
0.705458
0.459755
0.610312
0.546406
0.755815
0.629904
0.63406
0.518774
0.372594
0.389793
0.446259
0.485678
0.463137
0.481511
0.49515
0.488758
0.544224
0.505059
0.641584
0.46983
0.36985
0.317954
0.461975
0.491985
0.441864
0.520262
0.390429
0.424664
0.697173
0.505362
0.527786
0.466281
0.526973
0.487108
0.494463
0.396001
0.620151
0.419614
0.628284
0.539206
0.534759
0.806296
0.527634
0.49916
0.488147
0.550299
0.414542
0.550366
0.718082
0.428911
0.541486
0.507062
0.503884
0.580013
0.489944
0.573275
0.448346
0.569103
0.307934
0.448831
0.707902
0.460888
0.508009
0.408664
0.520248
0.649918
0.496364
0.590771
0.315316
0.410195
0.427985
0.421091
0.607256
0.504156
0.581928
0.471585
0.451739
0.446923
0.425075
0.590744
0.414698
0.552135
0.481926
0.663726
0.635249
0.391201
0.352181
0.5523
0.477333
0.578236
0.51713
0.432733
0.551284
0.448433
0.650033
0.492721
0.448277
0.528099
0.49494
0.466455
0.567319
0.600024
0.502585
0.479859
0.526161
0.448352
0.311234
0.646013
0.434229
0.522576
0.43455
0.493751
0.567403
0.490741
0.667805
0.430385
0.621178
0.757427
0.547943
0.632468
0.630454
0.50254
0.502239
0.426497
0.530948
0.552402
0.394521
0.664406
0.498907
0.525119
0.527123
0.51668
0.542546
0.597657
0.680979
0.498884
0.530334
0.422533
0.675458
0.415375
0.32799
0.477493
0.603793
0.546926
0.477738
0.562025
0.349141
0.426966
0.490139
0.660011
0.510564
0.544109
0.430477
0.668304
0.467402
0.476606
0.568442
0.546479
0.484767
0.407339
0.521553
0.473472
0.41207
0.48592
0.459478
0.402296
0.450748
0.497448
0.348133
0.584491
0.466534
0.56545
0.499173
0.591424
0.495873
0.359463
0.452173
0.390047
0.545283
0.395735
0.553559
0.536154
0.506678
0.612449
0.608028
0.428692
0.6109
0.568873
0.464949
0.524096
0.515919
0.560778
0.563919
0.440147
0.675378
0.46247
0.600414
0.484261
0.557381
0.598713
0.484132
0.421632
0.58264
0.417827
0.349423
0.654102
0.525321
0.380176
0.438824
0.411091
0.369131
0.39426
0.617536
0.559407
0.535433
0.425579
0.488311
0.419214
0.699367
0.471407
0.463005
0.528903
0.684197
0.337585
0.508715
0.532096
0.373307
0.571415
0.523184
0.465451
0.603492
0.397688
0.405844
0.506438
0.602423
0.572877
0.677599
0.395709
0.507349
0.615468
0.564175
0.679142
0.551357
0.588384
0.494564
0.62014
0.327715
0.602418
0.377825
0.513195
0.542014
0.477581
0.408221
0.485234
0.336109
0.442197
0.510376
0.601701
0.616993
0.667598
0.372875
0.69982
0.348041
0.529198
0.430434
0.451942
0.359213
0.55272
0.441492
0.417347
0.407067
0.447302
0.569793
0.471349
0.564622
0.24519
0.415248
0.706008
0.345361
0.46069
0.651084
0.477244
0.364846
0.449006
0.511
0.528578
0.517672
0.588594
0.431782
0.552245
0.396675
0.428587
0.493542
0.653845
0.50555
0.435854
0.311443
0.567195
0.415244
0.444195
0.519544
0.52151
0.588705
0.451166
0.649049
0.493495
0.547793
0.425975
0.440026
0.482424
0.680383
0.584884
0.437335
0.526719
0.584879
0.358492
0.508252
0.536046
0.423631
0.518266
0.480976
0.543381
0.505906
0.447646
0.339931
0.586991
0.645323
0.53602
0.525506
0.412733
0.535869
0.54183
0.372569
0.342545
0.464827
0.614046
0.383838
0.485469
0.530167
0.479213
0.470882
0.673023
0.554184
0.494231
0.607277
0.581201
0.384362
0.533024
0.725122
0.556841
0.546678
0.618186
0.447882
0.296597
0.365777
0.426703
0.489198
0.432181
0.590667
0.491783
0.359065
0.556047
0.463787
0.590806
0.605467
0.477127
0.545555
0.552392
0.681293
0.426729
0.455682
0.433527
0.563072
0.440135
0.516776
0.410667
0.559779
0.619959
0.384993
0.596725
0.636699
0.442727
0.426667
0.538773
0.441025
0.40069
0.649134
0.569319
0.552626
0.576269
0.518106
0.47692
0.595096
0.527052
0.493251
0.529931
0.528947
0.414727
0.587785
0.430088
0.510511
0.441776
0.707143
0.390657
0.636837
0.565253
0.546002
0.426804
0.508603
0.63742
0.522139
0.513829
0.42974
0.578496
0.49984
0.411868
0.524249
0.517233
0.404794
0.573655
0.487345
0.540502
0.656604
0.444871
0.499823
0.573555
0.544296
0.534607
0.421245
0.568076
0.444404
0.576419
0.539263
0.505619
0.530439
0.518429
0.589126
0.529497
0.446752
0.473898
0.369114
0.59864
0.519055
0.531646
0.564387
0.51244
0.548037
0.368693
0.653436
0.48604
0.281769
0.425443
0.50805
0.560993
0.386781
0.596701
0.509437
0.516724
0.536952
0.459797
0.48984
0.50364
0.613514
0.304041
0.470721
0.449249
0.658757
0.643724
0.40531
0.59409
0.550181
0.589819
0.445008
0.394768
0.461102
0.623536
0.335889
0.386816
0.547923
0.657831
0.513225
0.530639
0.553479
0.690956
0.398721
0.46919
0.440134
0.449076
0.516817
0.40656
0.465465
0.682995
0.333176
0.572087
0.487645
0.426952
0.480171
0.465098
0.436807
0.545446
0.470904
0.280822
0.41293
0.487018
0.415025
0.398518
0.669967
0.631871
0.436314
0.468316
0.5202
0.363186
0.55373
0.563742
0.341978
0.40997
0.524339
0.572344
0.498254
0.602225
0.458243
0.577357
0.572516
0.447197
0.502379
0.438752
0.402976
0.478456
0.551735
0.412521
0.545039
0.34749
0.383288
0.65252
0.516346
0.620497
0.519671
0.519638
0.477879
0.511009
0.516276
0.378538
0.478829
0.521954
0.52726
0.592707
0.442165
0.588743
0.642608
0.433975
0.392045
0.507915
0.600125
0.303183
0.52344
0.503866
0.462978
0.51411
0.388557
0.529135
0.315087
0.323251
0.523857
0.611714
0.56342
0.693517
0.565696
0.455778
0.647933
0.460377
0.401831
0.470261
0.446646
0.324452
0.580251
0.342595
0.425036
0.525014
0.546008
0.492974
0.515671
0.454344
0.500943
0.437415
0.42571
0.453337
0.480441
0.355902
0.456619
0.484243
0.615522
0.304818
0.482176
0.606879
0.597846
0.530903
0.667559
0.490119
0.38939
0.436871
0.424002
0.470955
0.417797
0.516861
0.480277
0.428869
0.572601
0.722799
0.613911
0.273731
0.666759
0.540777
0.521833
0.450922
0.552136
0.549468
0.321811
0.447825
0.576817
0.600611
0.462788
0.64131
0.546312
0.504547
0.383939
0.456317
0.599983
0.421742
0.59898
0.511078
0.438197
0.554242
0.493989
0.505032
0.43495
0.39893
0.413719
0.46091
0.344928
0.367454
0.573089
0.36298
0.463177
0.49565
0.767273
0.438857
0.519782
0.458255
0.465517
0.412827
0.591174
0.472676
0.76053
0.614014
0.383891
0.618548
0.607026
0.553266
0.395862
0.517783
0.4197
0.288055
0.684467
0.412783
0.612645
0.375173
0.569883
0.44845
0.648939
0.366479
0.576417
0.606615
0.430842
0.43341
0.563744
0.459441
0.397769
0.511443
0.524225
0.401372
0.510919
0.536164
0.521645
0.387122
0.590164
0.29807
0.320967
0.446199
0.430513
0.47369
0.607907
0.462413
0.462187
0.596094
0.521345
0.599781
0.630078
0.408324
0.520828
0.424234
0.55504
0.398722
0.585604
0.413476
0.501232
0.647664
0.590883
0.565318
0.610414
0.520589
0.431217
0.407789
0.475825
0.522771
0.460112
0.482286
0.415006
0.586679
0.58921
0.414002
0.562624
0.393278
0.339595
0.601825
0.541087
0.434088
0.461995
0.352885
0.678475
0.601273
0.54187
0.554887
0.429978
0.548507
0.379596
0.222336
0.420825
0.595847
0.485179
0.670741
0.565333
0.557289
0.551137
0.565827
0.428478
0.45016
0.366422
0.462787
0.383084
0.600989
0.50847
0.693543
0.377449
0.392918
0.599675
0.577983
0.564938
0.405248
0.538816
0.428078
0.458816
0.576126
0.517171
0.581781
0.462285
0.374885
0.403292
0.546566
0.485416
0.400997
0.529598
0.350422
0.397407
0.632088
0.438208
0.591121
0.474277
0.423894
0.442606
0.342493
0.58886
0.520571
0.535997
0.519472
0.551665
0.464164
0.326383
0.621596
0.44789
0.397571
0.602658
0.567642
0.4276
0.535768
0.535187
0.302025
0.592781
0.435559
0.488597
0.496581
0.48674
0.524552
0.673703
0.489306
0.727987
0.455553
0.489716
0.494593
0.442496
0.433051
0.407099
0.387492
0.534945
0.313883
0.415657
0.407462
0.401249
0.614705
0.611663
0.545082
0.721425
0.364311
0.522048
0.468129
0.483553
0.41934
0.462886
0.511427
0.476299
0.517361
0.503645
0.597808
0.449198
0.571816
0.557873
0.375528
0.376614
0.418743
0.445229
0.550418
0.473
0.705697
0.468957
0.459059
0.493823
0.56874
0.527155
0.472186
0.518203
0.473831
0.525387
0.435537
0.546074
0.504446
0.682402
0.448328
0.55436
0.457699
0.519968
0.54747
0.543403
0.466708
0.502014
0.508656
0.566573
0.597434
0.537526
0.493388
0.372738
0.573672
0.585817
0.463992
0.602967
0.664353
0.602077
0.456624
0.369565
0.522784
0.635252
0.445277
0.507269
0.497906
0.43957
0.347709
0.423135
0.543148
0.585245
0.617237
0.483371
0.628896
0.553081
0.432275
0.4621
0.520082
0.571952
0.538478
0.638745
0.510857
0.507332
0.716322
0.567438
0.513785
0.533267
0.639904
0.653603
0.381463
0.519416
0.560743
0.459549
0.693952
0.43898
0.493306
0.62265
0.475836
0.552594
0.496961
0.506396
0.412249
0.547435
0.542028
0.516328
0.513636
0.510044
0.515573
0.699569
0.434492
0.385584
0.465551
0.408417
0.481811
0.625436
0.299864
0.545138
0.554421
0.649308
0.649903
0.516865
0.634864
0.447208
0.276065
0.41618
0.410943
0.520868
0.435744
0.504725
0.534534
0.613422
0.352241
0.51385
0.530715
0.400373
0.516017
0.488082
0.450755
0.414064
0.517675
0.483873
0.617946
0.648143
0.455033
0.497829
0.445766
0.437676
0.574619
0.635329
0.413287
0.534824
0.700866
0.542176
0.563253
0.499187
0.374301
0.408609
0.54369
0.596154
0.362932
0.316773
0.544393
0.54582
0.529054
0.439413
0.485109
0.489231
0.326636
0.30931
0.39268
0.637952
0.572436
0.465678
0.459918
0.447179
0.376942
0.545475
0.509404
0.301799
0.339231
0.724285
0.390921
0.429074
0.502768
0.423146
0.521658
0.550797
0.537195
0.584448
0.533825
0.462007
0.454054
0.481688
0.424753
0.572572
0.382426
0.464647
0.410061
0.472162
0.423396
0.353235
0.460906
0.578347
0.670227
0.479974
0.461817
0.501785
0.324118
0.442829
0.55609
0.511683
0.453352
0.566782
0.551165
0.508914
0.436651
0.284291
0.436907
0.613423
0.599489
0.331494
0.525153
0.546747
0.495098
0.418698
0.54937
0.439704
0.499876
0.470474
0.568742
0.519527
0.585859
0.542343
0.601459
0.429928
0.600905
0.507794
0.467458
0.611811
0.430192
0.471056
0.551337
0.521555
0.43061
0.597819
0.501631
0.388011
0.622591
0.467751
0.563092
0.508598
0.491894
0.539446
0.594114
0.45906
0.596833
0.580087
0.451883
0.540698
0.594383
0.248897
0.633326
0.413106
0.391608
0.435107
0.540368
0.45964
0.396778
0.537929
0.293526
0.707086
0.587561
0.537735
0.54828
0.370207
0.43158
0.544334
0.674174
0.416066
0.587667
0.520007
0.537045
0.542231
0.384059
0.461619
0.480258
0.63722
0.512773
0.587909
0.531288
0.540713
0.397359
0.314722
0.565461
0.445323
0.484212
0.512698
0.439131
0.380907
0.275578
0.528653
0.460051
0.696632
0.465348
0.513576
0.59314
0.505221
0.556747
0.536927
0.505355
0.478029
0.533932
0.678602
0.4338
0.478818
0.327539
0.576671
0.41671
0.398306
0.557146
0.470711
0.5574
0.400804
0.551609
0.617268
0.39674
0.418462
0.5412
0.56571
0.350188
0.527856
0.583424
0.569434
0.620871
0.517889
0.227378
0.56914
0.630694
0.507178
0.539483
0.521572
0.616914
0.493321
0.506381
0.458859
0.422067
0.415667
0.598764
0.650314
0.560639
0.387421
0.322863
0.300247
0.476324
0.50214
0.604308
0.552097
0.309168
0.543885
0.442024
0.580877
0.472385
0.529529
0.337798
0.44266
0.494104
0.38593
0.450143
0.411558
0.609746
0.413889
0.439009
0.471341
0.496237
0.515052
0.660917
0.540602
0.519695
0.357113
0.442006
0.297039
0.423729
0.526913
0.399489
0.528202
0.515929
0.670222
0.399968
0.472721
0.615629
0.441252
0.33603
0.627788
0.506445
0.484109
0.570508
0.485354
0.492616
0.54268
0.44077
0.521247
0.488592
0.444603
0.533366
0.598123
0.576825
0.529236
0.432323
0.65487
0.74915
0.488738
0.512351
0.541831
0.502645
0.565588
0.691208
0.522908
0.491309
0.599104
0.673403
0.402333
0.540357
0.63774
0.41043
0.545614
0.310437
0.433133
0.270659
0.550892
0.554489
0.606134
0.554994
0.588634
0.440493
0.52423
0.612386
0.364339
0.518762
0.554017
0.602228
0.470639
0.492971
0.451592
0.418666
0.581889
0.409505
0.627936
0.534795
0.406064
0.610255
0.375609
0.442702
0.445513
0.399406
0.36726
0.458266
0.629817
0.355245
0.435714
0.527621
0.470725
0.573493
0.51958
0.315123
0.450867
0.559139
0.607562
0.570657
0.494662
0.289188
0.538881
0.56708
0.281542
0.549252
0.416405
0.366568
0.548343
0.502344
0.463346
0.517585
0.58945
0.478726
0.50355
0.402195
0.399958
0.681116
0.569679
0.54638
0.418877
0.480034
0.342759
0.474
0.416094
0.629548
0.500811
0.528007
0.428542
0.664123
0.603488
0.600493
0.48774
0.54276
0.563877
0.506111
0.392582
0.4871
0.457814
0.401392
0.467976
0.415588
0.595323
0.495436
0.411654
0.506315
0.427947
0.615424
0.468195
0.52658
0.490035
0.383386
0.581006
0.647723
0.371187
0.528604
0.559752
0.419201
0.39135
0.703009
0.362416
0.406404
0.399215
0.484904
0.527909
0.402128
0.338837
0.549304
0.40686
0.40211
0.628577
0.551161
0.624941
0.490519
0.57071
0.510705
0.374784
0.411716
0.459248
0.308109
0.369298
0.51012
0.377758
0.487632
0.400867
0.400451
0.578149
0.539411
0.637681
0.386087
0.505666
0.369971
0.550128
0.573782
0.584486
0.490565
0.496912
0.538399
0.502595
0.445368
0.512283
0.471833
0.533791
0.369553
0.422477
0.505746
0.508906
0.610214
0.581191
0.428199
0.397546
0.461119
0.350613
0.619749
0.385889
0.555178
0.466295
0.415045
0.535246
0.426542
0.510811
0.551404
0.480391
0.497184
0.482919
0.296361
0.575797
0.460782
0.385625
0.551609
0.322203
0.429703
0.468292
0.411242
0.405116
0.278872
0.444636
0.607671
0.551083
0.563217
0.570182
0.509072
0.356798
0.503441
0.599471
0.337642
0.470296
0.427755
0.455014
0.358492
0.402747
0.425227
0.52674
0.544378
0.423543
0.60936
0.382347
0.452022
0.34062
0.708462
0.405767
0.451191
0.592151
0.592368
0.492575
0.528202
0.474985
0.513015
0.41799
0.440962
0.509408
0.479371
0.454747
0.433153
0.489042
0.505148
0.654909
0.520605
0.488897
0.560742
0.621358
0.543405
0.503808
0.528773
0.481448
0.432734
0.46374
0.305593
0.337009
0.571888
0.521618
0.509085
0.501622
0.536441
0.433589
0.54605
0.447789
0.478941
0.550833
0.460443
0.67336
0.579018
0.516257
0.526703
0.45827
0.41024
0.608621
0.670364
0.519389
0.580542
0.400875
0.491128
0.282985
0.583493
0.398695
0.531533
0.381024
0.553163
0.499425
0.377336
0.339259
0.445797
0.560865
0.493668
0.461759
0.476989
0.493538
0.694035
0.528276
0.423516
0.489308
0.407145
0.50753
0.554438
0.473439
0.449581
0.451254
0.686577
0.416397
0.530242
0.570518
0.464928
0.5659
0.405487
0.507601
0.449028
0.458994
0.471878
0.503377
0.441791
0.448076
0.326363
0.421925
0.327766
0.524065
0.441735
0.530751
0.493271
0.344118
0.398174
0.346783
0.581284
0.470492
0.479613
0.544966
0.389493
0.401413
0.686682
0.588035
0.450324
0.523969
0.435921
0.572764
0.437273
0.443343
0.607942
0.499676
0.522317
0.641839
0.675163
0.55996
0.464648
0.595433
0.382744
0.595031
0.641466
0.424771
0.374288
0.420891
0.536989
0.38176
0.446855
0.621183
0.586366
0.472124
0.387806
0.299534
0.52659
0.588502
0.588957
0.443502
0.437025
0.577897
0.451507
0.489174
0.357594
0.5915
0.488135
0.487162
0.553167
0.564124
0.496692
0.457485
0.548139
0.544713
0.522808
0.482514
0.485683
0.548602
0.446773
0.523913
0.47159
0.626429
0.522969
0.56119
0.343123
0.54381
0.46812
0.436223
0.458747
0.640119
0.437607
0.549818
0.435079
0.583916
0.547029
0.693097
0.462882
0.466808
0.389197
0.508215
0.614356
0.376726
0.564695
0.459643
0.709508
0.465828
0.387116
0.35894
0.439794
0.577464
0.642051
0.422708
0.552728
0.520838
0.471877
0.455079
0.58162
0.38125
0.426359
0.532859
0.460053
0.527983
0.362045
0.433137
0.491206
0.431157
0.29142
0.5799
0.54757
0.423065
0.675716
0.597912
0.357102
0.438721
0.523292
0.648825
0.387311
0.544606
0.498428
0.38623
0.569229
0.413767
0.563365
0.503049
0.408733
0.329672
0.469385
0.456406
0.413094
0.500451
0.580699
0.541824
0.416147
0.439334
0.457869
0.55032
0.615917
0.316365
0.545478
0.478687
0.544004
0.510646
0.401705
0.474966
0.466532
0.291604
0.67546
0.387837
0.471883
0.532009
0.47967
0.35037
0.630947
0.404646
0.727309
0.465303
0.521083
0.538805
0.589708
0.470727
0.585426
0.411951
0.604663
0.35178
0.554679
0.626159
0.604828
0.425661
0.488982
0.468118
0.654835
0.564019
0.402912
0.375724
0.578572
0.428454
0.417148
0.433507
0.326007
0.481623
0.535806
0.59335
0.571908
0.598135
0.478899
0.466177
0.456799
0.43615
0.404872
0.454515
0.473438
0.542313
0.438608
0.495033
0.370084
0.54938
0.47578
0.254405
0.684793
0.487599
0.564901
0.571045
0.54293
0.367629
0.573869
0.559492
0.543088
0.404523
0.528298
0.49342
0.524535
0.438978
0.46438
0.457513
0.552309
0.573809
0.469499
0.407597
0.674037
0.480309
0.489277
0.502708
0.495515
0.640873
0.560212
0.571946
0.290077
0.480994
0.382535
0.453198
0.699723
0.505438
0.47837
0.490046
0.503974
0.590146
0.48577
0.397373
0.525355
0.493123
0.519644
0.405407
0.508412
0.734274
0.48609
0.366174
0.452118
0.555899
0.567093
0.455522
0.393486
0.412248
0.398026
0.528135
0.533198
0.548272
0.540857
0.582124
0.462006
0.514423
0.611445
0.464066
0.589639
0.426068
0.449752
0.59451
0.495922
0.31281
0.427297
0.518247
0.516777
0.414712
0.366632
0.482825
0.445743
0.669171
0.603074
0.523015
0.574621
0.393857
0.549426
0.37817
0.514833
0.507909
0.52987
0.493608
0.434028
0.445247
0.629684
0.556404
0.410455
0.400618
0.562905
0.490153
0.450585
0.510684
0.490542
0.582533
0.533437
0.509192
0.427387
0.443668
0.438028
0.606987
0.35596
0.492546
0.478332
0.334343
0.421595
0.542949
0.513115
0.444799
0.313113
0.309572
0.515961
0.516422
0.539051
0.579224
0.383802
0.498128
0.489814
0.491244
0.430195
0.535402
0.431662
0.645441
0.452603
0.471501
0.608842
0.40514
0.480863
0.556913
0.435701
0.687078
0.507017
0.611593
0.441046
0.429171
0.464658
0.571191
0.582506
0.501332
0.468879
0.31022
0.579108
0.473797
0.545917
0.471828
0.415767
0.481579
0.474537
0.545558
0.453828
0.422944
0.629152
0.421187
0.437292
0.603968
0.557701
0.508476
0.414823
0.390499
0.345192
0.549362
0.603095
0.553032
0.506863
0.560847
0.597497
0.389252
0.522838
0.533565
0.59172
0.583186
0.66914
0.372718
0.598169
0.509169
0.517882
0.504795
0.466648
0.512989
0.472442
0.385208
0.479228
0.501863
0.371378
0.42869
0.454664
0.449044
0.437819
0.346027
0.4262
0.468142
0.569034
0.407417
0.362085
0.536412
0.453859
0.364457
0.578579
0.545509
0.4736
0.549482
0.550683
0.532417
0.485043
0.532709
0.656331
0.392485
0.402136
0.454337
0.395215
0.500709
0.48589
0.360501
0.50391
0.466638
0.420019
0.358657
0.444413
0.422474
0.392798
0.469748
0.673694
0.493187
0.523584
0.391159
0.507319
0.32165
0.465444
0.296236
0.670683
0.521051
0.38325
0.482844
0.586834
0.601032
0.64962
0.545147
0.480372
0.463234
0.51903
0.479535
0.482358
0.48615
0.433376
0.547323
0.60163
0.418404
0.380282
0.603577
0.483405
0.573775
0.468352
0.363133
0.506507
0.57055
0.401592
0.511595
0.476045
0.581941
0.528169
0.580828
0.448799
0.663592
0.506639
0.495159
0.484081
0.498361
0.475759
0.456245
0.543283
0.447817
0.631954
0.371252
0.3668
0.5241
0.411498
0.640751
0.437475
0.495009
0.342406
0.409405
0.495205
0.409393
0.374034
0.644291
0.497787
0.479169
0.510329
0.542377
0.528577
0.578469
0.465666
0.580419
0.431977
0.419673
0.630136
0.507256
0.313267
0.440273
0.374169
0.540187
0.569739
0.483763
0.640306
0.563855
0.525566
0.481941
0.562917
0.641764
0.523329
0.545239
0.32463
0.537275
0.480551
0.641924
0.601205
0.402664
0.3501
0.496222
0.264563
0.531516
0.328769
0.659621
0.40662
0.481462
0.638804
0.608876
0.414592
0.661007
0.362641
0.398396
0.571356
0.435855
0.44156
0.543952
0.472462
0.546932
0.554453
0.338868
0.544332
0.443966
0.373346
0.40303
0.616161
0.425225
0.447818
0.639333
0.541006
0.535752
0.400893
0.521343
0.679518
0.413106
0.424477
0.560205
0.452734
0.481393
0.342866
0.698048
0.438313
0.481044
0.568321
0.549335
0.627585
0.483543
0.50319
0.46083
0.37874
0.477013
0.348497
0.585108
0.394443
0.620305
0.459413
0.361692
0.420143
0.649913
0.443488
0.674171
0.502319
0.685822
0.527969
0.500843
0.56385
0.519041
0.528036
0.400671
0.446699
0.575349
0.528221
0.475517
0.440024
0.43648
0.54477
0.423891
0.554851
0.461675
0.367158
0.550627
0.524375
0.389285
0.282443
0.42114
0.501925
0.709788
0.666626
0.548126
0.596629
0.388335
0.482621
0.672793
0.529744
0.576637
0.554953
0.451931
0.412613
0.490732
0.59672
0.586331
0.540163
0.542889
0.644866
0.525308
0.261843
0.402624
0.415261
0.456281
0.334851
0.523529
0.519551
0.337582
0.382481
0.709313
0.591217
0.556913
0.373391
0.604203
0.448751
0.49704
0.405542
0.479543
0.279319
0.464581
0.521565
0.550167
0.45676
0.586926
0.500227
0.390829
0.513217
0.306574
0.5617
0.43471
0.564206
0.40137
0.492247
0.522703
0.542345
0.333354
0.536946
0.433948
0.62548
0.378153
0.527027
0.364759
0.550386
0.511061
0.601366
0.534839
0.583698
0.825173
0.349654
0.386369
0.5772
0.631159
0.447716
0.60331
0.565065
0.437484
0.573449
0.414936
0.466097
0.534088
0.384779
0.459368
0.434524
0.501785
0.50904
0.569579
0.558322
0.443813
0.536137
0.506066
0.534552
0.585244
0.525801
0.397102
0.656636
0.510129
0.532256
0.559199
0.528988
0.405509
0.617545
0.657136
0.479863
0.455612
0.667754
0.424614
0.473771
0.478808
0.444341
0.403333
0.530277
0.524078
0.49573
0.369998
0.636446
0.642995
0.522324
0.60747
0.495707
0.327432
0.631028
0.638023
0.386333
0.452418
0.433379
0.573351
0.408235
0.587786
0.434311
0.547725
0.577224
0.541498
0.426579
0.487383
0.581358
0.571706
0.348825
0.630991
0.54448
0.553876
0.583236
0.452693
0.347493
0.313481
0.461718
0.451027
0.438415
0.434013
0.417464
0.553665
0.517703
0.524274
0.561798
0.549683
0.515825
0.378118
0.584096
0.497772
0.485505
0.384046
0.565598
0.370513
0.511553
0.541276
0.565867
0.681582
0.496655
0.513108
0.483632
0.604439
0.411957
0.397653
0.511713
0.627801
0.30677
0.420191
0.498706
0.4049
0.352155
0.55065
0.498062
0.640246
0.548665
0.423911
0.528169
0.319357
0.558927
0.589886
0.685012
0.623601
0.631288
0.544486
0.64197
0.384034
0.461144
0.49188
0.439242
0.614854
0.392113
0.462599
0.408407
0.528758
0.289604
0.561311
0.595556
0.573273
0.524885
0.542275
0.439427
0.538792
0.588144
0.609727
0.528922
0.675805
0.604572
0.514643
0.407374
0.520517
0.357909
0.368581
0.508885
0.464762
0.631416
0.319465
0.605034
0.31785
0.556651
0.53347
0.408223
0.494691
0.515947
0.501301
0.320878
0.426273
0.474925
0.43645
0.537735
0.625276
0.526842
0.45719
0.401354
0.451333
0.511078
0.543296
0.47902
0.607164
0.323494
0.432716
0.472128
0.558516
0.466878
0.372597
0.487133
0.507592
0.395181
0.563344
0.390119
0.461336
0.58568
0.433548
0.534983
0.622675
0.528701
0.35789
0.498236
0.494547
0.554997
0.379316
0.471363
0.423242
0.526338
0.621002
0.254665
0.519323
0.595345
0.472862
0.464472
0.481093
0.496062
0.511539
0.508592
0.50731
0.557247
0.262085
0.40281
0.622555
0.535804
0.333702
0.494245
0.550397
0.548266
0.361172
0.425323
0.556194
0.43371
0.357815
0.515108
0.543105
0.311937
0.435016
0.552674
0.521594
0.606233
0.46761
0.490213
0.48445
0.380488
0.483595
0.591503
0.506029
0.595936
0.530908
0.634348
0.446172
0.423205
0.523168
0.583569
0.475957
0.550897
0.390558
0.544091
0.454185
0.412331
0.361182
0.471637
0.270164
0.507575
0.57252
0.461522
0.530149
0.428373
0.561745
0.553986
0.501459
0.599014
0.507957
0.387498
0.340012
0.426681
0.498556
0.399417
0.413795
0.510274
0.566218
0.616363
0.396413
0.487184
0.592162
0.394636
0.441676
0.502944
0.595586
0.463968
0.261822
0.369163
0.328413
0.29588
0.418742
0.530629
0.46866
0.360876
0.599281
0.59291
0.354994
0.556671
0.482388
0.467272
0.429254
0.482631
0.517633
0.570189
0.45291
0.503564
0.421316
0.3702
0.337689
0.58896
0.658103
0.605331
0.679792
0.331773
0.51287
0.499757
0.311338
0.643781
0.369115
0.288876
0.481915
0.592539
0.497054
0.517404
0.557319
0.387909
0.516217
0.505601
0.671779
0.444125
0.434078
0.584163
0.594197
0.536306
0.373984
0.578844
0.468147
0.43831
0.392342
0.481275
0.659578
0.571784
0.546785
0.572973
0.595416
0.414251
0.613701
0.474955
0.50046
0.507004
0.365277
0.475885
0.639175
0.4716
0.502904
0.347106
0.443234
0.586667
0.505506
0.483414
0.454852
0.594737
0.388087
0.513882
0.440187
0.501767
0.677499
0.607511
0.626304
0.500004
0.399167
0.553963
0.4894
0.387777
0.430198
0.430086
0.571238
0.577818
0.511051
0.468425
0.42491
0.678645
0.419644
0.624373
0.39033
0.50152
0.498501
0.394076
0.374007
0.488476
0.587256
0.365703
0.556924
0.374855
0.549552
0.492128
0.578546
0.592778
0.595096
0.653557
0.544176
0.389951
0.484341
0.634101
0.577151
0.381139
0.564992
0.566767
0.386529
0.467667
0.526244
0.406797
0.64518
0.653214
0.468396
0.473756
0.572392
0.45219
0.472172
0.358262
0.489327
0.429905
0.413842
0.619675
0.564884
0.531757
0.508911
0.506577
0.493737
0.451591
0.578895
0.312318
0.447542
0.457374
0.522397
0.533367
0.41452
0.535301
0.633451
0.428701
0.591849
0.431403
0.346764
0.483907
0.419512
0.462698
0.601272
0.464159
0.543461
0.53791
0.500081
0.595691
0.770189
0.37074
0.606633
0.545857
0.424014
0.586622
0.453623
0.477345
0.642587
0.616914
0.552937
0.53257
0.545382
0.542388
0.381564
0.559751
0.584112
0.390895
0.480207
0.522627
0.63326
0.512017
0.43797
0.541271
0.603117
0.44452
0.448295
0.491878
0.356948
0.660354
0.507954
0.548934
0.488114
0.411948
0.592706
0.483571
0.462211
0.527492
0.47988
0.437462
0.553498
0.591882
0.599902
0.671999
0.404092
0.518969
0.48549
0.448021
0.508666
0.563718
0.548963
0.521812
0.476549
0.440848
0.35482
0.448549
0.447396
0.409516
0.566482
0.564853
0.535793
0.451539
0.532789
0.477572
0.454363
0.413651
0.641569
0.516395
0.814207
0.402247
0.404332
0.413339
0.425671
0.512023
0.547829
0.552665
0.521708
0.437919
0.474956
0.690193
0.600273
0.462705
0.419209
0.571516
0.331443
0.430558
0.453585
0.48402
0.499155
0.609901
0.526573
0.458133
0.54668
0.516795
0.484581
0.588673
0.469161
0.413091
0.501875
0.377637
0.345781
0.711572
0.475804
0.405236
0.428324
0.613231
0.556833
0.416475
0.60212
0.369837
0.469599
0.566001
0.409594
0.607898
0.542944
0.694462
0.475833
0.568097
0.403573
0.515042
0.499828
0.607237
0.699739
0.469349
0.474262
0.577732
0.508038
0.467254
0.470913
0.542597
0.438144
0.555801
0.577988
0.501924
0.387014
0.46773
0.49991
0.599728
0.505826
0.68065
0.529296
0.548087
0.52963
0.473363
0.475083
0.548411
0.481389
0.596303
0.479988
0.407672
0.498841
0.47853
0.384692
0.440402
0.54431
0.474181
0.395375
0.515212
0.444303
0.406752
0.385423
0.347562
0.467483
0.60006
0.611367
0.658502
0.586291
0.490187
0.447336
0.612039
0.479234
0.393195
0.441496
0.31177
0.517549
0.458851
0.4722
0.4804
0.541711
0.471094
0.530775
0.563716
0.469922
0.561417
0.482087
0.593559
0.492489
0.381824
0.553258
0.512313
0.492666
0.539491
0.575112
0.5044
0.496297
0.625717
0.350168
0.298218
0.489297
0.477228
0.645182
0.394958
0.453716
0.488365
0.605492
0.548686
0.55987
0.648161
0.562633
0.365035
0.51374
0.506759
0.555881
0.50386
0.595536
0.381127
0.612637
0.464124
0.537071
0.390461
0.631771
0.597304
0.47229
0.567155
0.588241
0.538526
0.45702
0.419682
0.626568
0.562661
0.490743
0.629197
0.434918
0.565518
0.484883
0.442138
0.390789
0.63831
0.508833
0.476581
0.443517
0.546466
0.506687
0.49056
0.448026
0.641896
0.514313
0.566045
0.488467
0.330739
0.418163
0.442731
0.329617
0.686606
0.483925
0.591253
0.408123
0.542317
0.544822
0.445936
0.524887
0.511069
0.376108
0.522634
0.524125
0.480957
0.594017
0.527679
0.34384
0.394756
0.504129
0.319457
0.49665
0.46979
0.285866
0.514562
0.589186
0.43075
0.436511
0.535981
0.312418
0.521232
0.509902
0.481195
0.434557
0.427767
0.471631
0.443588
0.602347
0.593085
0.654335
0.351001
0.505809
0.513298
0.533357
0.490739
0.685716
0.606691
0.454789
0.370812
0.562269
0.509747
0.434614
0.422666
0.437716
0.599023
0.409406
0.681111
0.47481
0.555449
0.455735
0.382643
0.477273
0.380595
0.507174
0.503806
0.597631
0.44243
0.384492
0.516727
0.471995
0.471042
0.51637
0.469408
0.430605
0.642789
0.564665
0.603842
0.557146
0.284277
0.47998
0.405488
0.469087
0.495585
0.600031
0.333084
0.465501
0.53507
0.464976
0.508293
0.538041
0.426091
0.460654
0.450102
0.464972
0.638948
0.612331
0.61938
0.407375
0.569297
0.438337
0.49447
0.500861
0.477274
0.734635
0.529166
0.485343
0.469537
0.398126
0.349877
0.33964
0.599388
0.508196
0.429254
0.48691
0.528118
0.472726
0.429051
0.61111
0.633687
0.506504
0.535407
0.373931
0.570811
0.446722
0.415266
0.445828
0.479507
0.621914
0.603061
0.464041
0.507103
0.67746
0.482317
0.604669
0.451704
0.522452
0.457234
0.405114
0.553063
0.599481
0.61484
0.49741
0.44978
0.49059
0.45872
0.412181
0.48971
0.459369
0.550844
0.387191
0.623457
0.39089
0.428436
0.463662
0.528755
0.427895
0.568342
0.577751
0.406557
0.513369
0.551794
0.553815
0.557584
0.436337
0.537939
0.380292
0.391065
0.439481
0.484984
0.398247
0.435377
0.483835
0.463267
0.456867
0.513255
0.47758
0.385031
0.389384
0.51221
0.462672
0.531145
0.537148
0.523756
0.514729
0.585511
0.598766
0.543042
0.548353
0.493312
0.405464
0.513416
0.431763
0.639789
0.523038
0.268443
0.501345
0.401643
0.454972
0.466867
0.528435
0.553673
0.57053
0.633951
0.527368
0.618702
0.505849
0.41564
0.505564
0.529332
0.38527
0.519917
0.343107
0.425508
0.484364
0.562719
0.451031
0.442382
0.60534
0.653738
0.694213
0.548396
0.459721
0.550405
0.576508
0.473995
0.652422
0.576321
0.472481
0.426848
0.435537
0.443365
0.651796
0.719912
0.549426
0.534686
0.579066
0.54416
0.392833
0.498745
0.683646
0.398239
0.463067
0.472555
0.480626
0.542827
0.581418
0.595214
0.585935
0.477888
0.568269
0.590822
0.505253
0.546522
0.45653
0.39282
0.388078
0.349563
0.531268
0.549764
0.52508
0.410544
0.457622
0.595531
0.528542
0.561135
0.508294
0.584883
0.472429
0.3226
0.426159
0.488342
0.48035
0.439307
0.556705
0.308238
0.436378
0.575808
0.559303
0.420808
0.355433
0.519424
0.355442
0.467158
0.486628
0.435799
0.496363
0.608896
0.434726
0.405319
0.431688
0.632195
0.471537
0.423769
0.534883
0.427017
0.370858
0.381067
0.390609
0.586208
0.537197
0.537393
0.473242
0.462123
0.510336
0.496502
0.645034
0.686437
0.51443
0.531438
0.576647
0.501734
0.482084
0.64841
0.541971
0.571458
0.620591
0.579978
0.463386
0.52778
0.499203
0.479233
0.482824
0.484879
0.523021
0.342074
0.608222
0.488131
0.620857
0.515188
0.434176
0.487664
0.411063
0.552793
0.559797
0.617679
0.521128
0.465662
0.326038
0.430954
0.423485
0.261449
0.568929
0.480862
0.511735
0.50576
0.434412
0.561257
0.578208
0.438929
0.42467
0.507497
0.665479
0.463883
0.345061
0.529893
0.451197
0.47599
0.595003
0.3938
0.587301
0.536213
0.495353
0.378558
0.451398
0.3944
0.669057
0.640463
0.479823
0.549976
0.491061
0.572884
0.538599
0.492791
0.5977
0.599669
0.350242
0.397352
0.494979
0.455877
0.531081
0.549103
0.429409
0.502919
0.40546
0.46193
0.584252
0.493098
0.449942
0.401502
0.538269
0.64154
0.382317
0.459551
0.473269
0.481472
0.446964
0.629635
0.440987
0.571758
0.559814
0.415441
0.39902
0.493593
0.562901
0.458099
0.599802
0.616205
0.500185
0.499493
0.465769
0.529399
0.563064
0.504005
0.408147
0.433734
0.565708
0.541581
0.445935
0.4471
0.497068
0.590514
0.455962
0.329427
0.458119
0.648776
0.634041
0.445227
0.629636
0.448205
0.571508
0.57665
0.52751
0.446343
0.550627
0.467676
0.589314
0.426162
0.536583
0.423062
0.397588
0.464393
0.592976
0.60363
0.581982
0.634662
0.371987
0.452418
0.654157
0.392063
0.42955
0.454229
0.616037
0.641318
0.490143
0.574063
0.643721
0.521098
0.434995
0.537857
0.586121
0.542571
0.311714
0.511994
0.529053
0.400717
0.662606
0.505933
0.36227
0.532393
0.44312
0.565346
0.448638
0.62563
0.551111
0.441073
0.531351
0.39009
0.711817
0.512196
0.626836
0.579088
0.562659
0.409499
0.43768
0.509064
0.356211
0.528547
0.481662
0.55283
0.448882
0.439576
0.569674
0.488421
0.567088
0.394382
0.377035
0.365818
0.641911
0.498337
0.53943
0.609295
0.677437
0.558641
0.466404
0.503619
0.567221
0.537892
0.502097
0.517763
0.597523
0.435018
0.674584
0.500323
0.575165
0.583581
0.461919
0.536227
0.592117
0.500442
0.564721
0.584858
0.488099
0.535744
0.511818
0.525136
0.696728
0.368113
0.337223
0.513592
0.45995
0.356999
0.653404
0.516934
0.469721
0.50698
0.407555
0.411082
0.445108
0.616888
0.244273
0.544085
0.477213
0.579528
0.60977
0.540858
0.473531
0.56577
0.419483
0.483076
0.507591
0.669746
0.472638
0.728107
0.528909
0.30984
0.634066
0.536258
0.512554
0.473164
0.515269
0.456142
0.426794
0.559141
0.573468
0.673403
0.571544
0.620817
0.509081
0.358516
0.589549
0.52046
0.678777
0.454855
0.376432
0.609025
0.553012
0.728676
0.714997
0.406957
0.333625
0.558148
0.633351
0.406856
0.308831
0.469014
0.535656
0.436428
0.559635
0.42996
0.478541
0.513153
0.543435
0.501199
0.465407
0.390064
0.667286
0.685293
0.705081
0.434988
0.525007
0.559664
0.53051
0.503579
0.609074
0.575737
0.497383
0.45944
0.619895
0.390123
0.381802
0.362593
0.381845
0.548707
0.570331
0.590544
0.537113
0.474993
0.584985
0.274127
0.525165
0.419514
0.409926
0.523313
0.667312
0.607587
0.685857
0.586112
0.362622
0.578162
0.412326
0.326688
0.363118
0.536978
0.647371
0.526754
0.532914
0.452729
0.518145
0.4073
0.607693
0.505372
0.555398
0.53566
0.657606
0.251221
0.438893
0.525918
0.518417
0.699904
0.490064
0.45858
0.392443
0.403761
0.472433
0.43846
0.732534
0.740699
0.459536
0.377649
0.509068
0.527004
0.504315
0.433435
0.621671
0.227095
0.49314
0.549003
0.454047
0.432632
0.49189
0.5377
0.582084
0.563897
0.590673
0.619643
0.532055
0.501827
0.42805
0.362397
0.647509
0.489526
0.524797
0.39542
0.560117
0.44758
0.481488
0.560958
0.4715
0.327955
0.493382
0.432019
0.639755
0.686717
0.41034
0.471039
0.62612
0.486301
0.518675
0.420818
0.393947
0.343517
0.446105
0.512268
0.463867
0.519937
0.490168
0.541492
0.415738
0.506801
0.444681
0.311676
0.589708
0.587019
0.548049
0.553242
0.475413
0.462353
0.501441
0.428692
0.490094
0.414282
0.504095
0.496523
0.533075
0.422571
0.527175
0.551573
0.46583
0.596
0.4969
0.477139
0.403527
0.475198
0.481808
0.537137
0.415687
0.547971
0.478296
0.404596
0.420323
0.473025
0.462754
0.565696
0.517606
0.5384
0.427858
0.556571
0.545862
0.486439
0.544786
0.483036
0.454399
0.417575
0.492355
0.64138
0.374399
0.340679
0.368286
0.401339
0.630801
0.468186
0.347025
0.430317
0.674859
0.459694
0.472769
0.530913
0.52875
0.398178
0.37556
0.531751
0.320315
0.538459
0.572542
0.514615
0.447786
0.498005
0.665662
0.178831
0.451008
0.465638
0.571373
0.536819
0.477423
0.384169
0.317042
0.502703
0.417797
0.618464
0.613054
0.378838
0.548378
0.550908
0.658765
0.56309
0.452895
0.651705
0.264726
0.492642
0.709541
0.451915
0.572775
0.508126
0.614777
0.602606
0.429839
0.36477
0.377542
0.533963
0.520508
0.53531
0.554137
0.633665
0.587632
0.542297
0.50581
0.244307
0.469458
0.425461
0.347757
0.435127
0.455997
0.492741
0.619981
0.533739
0.31656
0.421542
0.447181
0.609076
0.674607
0.369781
0.566544
0.47718
0.40528
0.624234
0.28905
0.556984
0.605188
0.656654
0.421594
0.633662
0.533281
0.476135
0.513987
0.492612
0.545794
0.659119
0.506563
0.367609
0.54754
0.606454
0.540899
0.502119
0.655983
0.519854
0.757813
0.45325
0.42379
0.608082
0.643578
0.673266
0.389748
0.426166
0.496962
0.38408
0.527164
0.518902
0.376467
0.515593
0.533089
0.48288
0.448812
0.509219
0.550913
0.579236
0.496472
0.393424
0.343102
0.422299
0.553763
0.518539
0.53008
0.537277
0.427701
0.493606
0.585451
0.523088
0.621588
0.49847
0.526997
0.574404
0.415984
0.44982
0.667106
0.409978
0.473433
0.280307
0.485481
0.422236
0.420076
0.445382
0.561225
0.50615
0.41893
0.502946
0.550609
0.343316
0.486401
0.616363
0.421037
0.510181
0.615286
0.611879
0.450949
0.547291
0.454212
0.476939
0.57963
0.569428
0.555243
0.516363
0.540103
0.614464
0.538046
0.488835
0.532489
0.521718
0.430751
0.526597
0.494469
0.498594
0.43436
0.396723
0.499676
0.477225
0.519267
0.492822
0.464064
0.480822
0.499194
0.451475
0.564533
0.512412
0.539523
0.468191
0.273308
0.54659
0.543773
0.443126
0.58576
0.547904
0.623659
0.517292
0.368628
0.55744
0.394886
0.565428
0.479763
0.582169
0.552584
0.392205
0.30977
0.589551
0.466948
0.533875
0.370143
0.452893
0.601449
0.597963
0.701678
0.51091
0.492602
0.579068
0.401198
0.497907
0.542098
0.469289
0.463832
0.368974
0.558738
0.437296
0.612305
0.487555
0.549381
0.480489
0.43391
0.560708
0.394815
0.460207
0.570079
0.50037
0.45819
0.410373
0.502648
0.45687
0.360345
0.565454
0.455162
0.513938
0.418119
0.484086
0.47678
0.552416
0.478424
0.550169
0.400529
0.482818
0.392587
0.713709
0.466929
0.514911
0.462187
0.489168
0.478177
0.475401
0.549335
0.659523
0.497322
0.302808
0.581053
0.53974
0.431089
0.441582
0.489143
0.433797
0.434205
0.625469
0.71364
0.474902
0.547325
0.28311
0.459665
0.468979
0.629843
0.616824
0.434231
0.467
0.473135
0.498506
0.501237
0.472175
0.478955
0.494513
0.579651
0.643524
0.561953
0.274413
0.471548
0.687772
0.584492
0.47641
0.543447
0.53702
0.356163
0.695255
0.496044
0.590096
0.629608
0.426393
0.644232
0.650956
0.598498
0.443089
0.490934
0.527974
0.452705
0.701236
0.615077
0.463445
0.469953
0.459506
0.605684
0.44307
0.522434
0.470498
0.460825
0.490676
0.551093
0.441476
0.431867
0.483887
0.509522
0.581289
0.530191
0.431939
0.60361
0.543003
0.425244
0.437285
0.452296
0.53978
0.449544
0.418118
0.469039
0.554462
0.38795
0.59941
0.412786
0.481339
0.565226
0.38552
0.481471
0.631499
0.457673
0.607904
0.620281
0.701164
0.641291
0.39693
0.591159
0.645366
0.550675
0.357264
0.699207
0.417287
0.659545
0.531753
0.595897
0.426566
0.60556
0.619235
0.378209
0.637829
0.568747
0.46712
0.577021
0.573684
0.374637
0.490106
0.477309
0.504376
0.529864
0.471838
0.336938
0.399279
0.409775
0.38678
0.470014
0.383357
0.604238
0.535063
0.635037
0.384712
0.689614
0.51351
0.617251
0.477288
0.531554
0.551552
0.518866
0.415781
0.534998
0.521152
0.570001
0.52777
0.444474
0.485396
0.547444
0.571049
0.559532
0.580827
0.337517
0.582111
0.466821
0.434083
0.403592
0.634719
0.602109
0.59387
0.417978
0.395435
0.342173
0.414783
0.592149
0.505966
0.488298
0.559917
0.488489
0.440181
0.639762
0.494728
0.520953
0.476554
0.567467
0.425036
0.451262
0.694837
0.384541
0.487551
0.461459
0.548661
0.572509
0.531756
0.53289
0.483801
0.55829
0.437473
0.185874
0.664748
0.349055
0.492875
0.433561
0.540242
0.618649
0.413206
0.477678
0.621376
0.501039
0.410924
0.423104
0.463833
0.382939
0.633445
0.312409
0.438825
0.499501
0.465158
0.480733
0.545226
0.423664
0.345826
0.705585
0.458401
0.501496
0.387958
0.375369
0.629165
0.422544
0.481235
0.624649
0.539309
0.625979
0.3525
0.383414
0.388077
0.529977
0.50532
0.561784
0.726948
0.433559
0.49359
0.440847
0.578055
0.476793
0.489106
0.464515
0.364535
0.356977
0.483525
0.526528
0.449077
0.485181
0.320572
0.520929
0.419897
0.429191
0.684853
0.47357
0.58135
0.525656
0.479068
0.49642
0.399336
0.455949
0.401919
0.605668
0.419657
0.466949
0.494453
0.518823
0.620422
0.479716
0.453063
0.495255
0.577574
0.465691
0.412826
0.508805
0.715602
0.481833
0.585346
0.440353
0.483431
0.442767
0.390714
0.5524
0.63849
0.569785
0.453682
0.357004
0.439902
0.593218
0.539615
0.512555
0.44472
0.496452
0.486247
0.484157
0.669093
0.576555
0.542746
0.376567
0.419234
0.458212
0.558046
0.597869
0.414998
0.534378
0.665894
0.636282
0.421882
0.618785
0.494507
0.63172
0.575206
0.582156
0.484223
0.297935
0.423204
0.405679
0.526978
0.400298
0.433735
