0.114864
0.533605
0.018851
0.124124
0.556964
0.0137151
0.156298
0.751976
0.298852
0.873181
0.564906
0.156085
0.664551
0.119607
0.841644
0.987852
0.255973
0.737517
0.263379
0.233494
0.826616
0.672924
0.443472
0.313237
0.0476241
0.238079
0.569527
0.432765
0.518325
0.0577271
0.607161
0.757786
0.668091
0.231731
0.117339
0.357964
0.428444
0.434277
0.611992
0.402582
0.120259
0.771508
0.48271
0.617328
0.515961
0.598057
0.267358
0.265707
0.834733
0.525456
0.625396
0.0425281
0.0626763
0.575101
0.0990539
0.309381
0.731121
0.0247102
0.237717
0.518178
0.625012
0.815734
0.61904
0.819948
0.0386305
0.432015
0.843197
0.509791
0.575414
0.585189
0.806053
0.788953
0.248933
0.664495
0.0410915
0.411574
0.14832
0.198374
0.195935
0.112984
0.267667
0.159558
0.782957
0.681167
0.567782
0.107387
0.18953
0.431941
0.961777
0.340377
0.995182
0.38663
0.933444
0.524226
0.332473
0.239799
0.868238
0.91751
0.226598
0.261686
0.0786774
0.247448
0.405208
0.528937
0.83562
0.555738
0.303067
0.648436
0.589287
0.660368
0.183009
0.66852
0.813237
0.140343
0.211129
0.802454
0.58332
0.479717
0.684824
0.469394
0.88356
0.894583
0.610566
0.94338
0.702109
0.757511
0.626182
0.45239
0.951862
0.930207
0.490955
0.154844
0.0497855
0.875193
0.625436
0.213917
0.26298
0.455449
0.540016
0.770719
0.543128
0.817969
0.484085
0.472131
0.108406
0.82
0.781804
0.230467
0.295704
0.87855
0.570883
0.87897
0.717783
0.844031
0.970517
0.544467
0.25987
0.113368
0.985955
0.997764
0.397249
0.458444
0.0909509
0.480996
0.387325
0.360664
0.765112
0.97308
0.482926
0.57608
0.119318
0.369668
0.0434874
0.428637
0.906042
0.358958
0.621215
0.318702
0.938444
0.0118967
0.323123
0.173223
0.457031
0.323583
0.268405
0.24215
0.979038
0.597105
0.264204
0.608864
0.305372
0.0129525
0.12049
0.0321379
0.773997
0.744138
0.744139
0.931966
0.636587
0.232999
0.439905
0.285746
0.165419
0.820522
0.0670951
0.385574
0.307072
0.799131
0.939298
0.448743
0.394261
0.537931
0.913242
0.255129
0.58177
0.904066
0.0132866
0.746432
0.730275
0.480403
0.42038
0.958976
0.834957
0.669301
0.677502
0.0258221
0.665135
0.692574
0.705495
0.183649
0.896201
0.672529
0.58011
0.819475
0.994349
0.73839
0.108413
0.312764
0.745057
0.682741
0.894334
0.646482
0.353835
0.736455
0.851826
0.0096967
0.21702
0.0867218
0.781369
0.583577
0.954748
0.78639
0.661574
0.738027
0.279777
0.555091
0.431444
0.469497
0.375374
0.921275
0.178175
0.240096
0.272743
0.373015
0.446638
0.748259
0.32166
0.254435
0.71522
0.542813
0.274381
0.550125
0.522431
0.912104
0.258173
0.334565
0.0823134
0.921192
0.470785
0.32619
0.0158023
0.772459
0.739016
0.88136
0.78992
0.423943
0.0454732
0.00348871
0.0560791
0.367298
0.133465
0.0445433
0.990521
0.0517325
0.694337
0.163809
0.360579
0.205919
0.243817
0.112367
0.985129
0.477604
0.391184
0.267462
0.860454
0.757188
0.053198
0.191391
0.0363155
0.310326
0.488271
0.383622
0.622999
0.604897
0.518779
0.78752
0.578504
0.325309
0.632731
0.365792
0.375066
0.523969
0.941112
0.438997
0.703403
0.824036
0.313779
0.163107
0.188046
0.873794
0.993016
0.585256
0.0230511
0.33177
0.12705
0.147687
0.578287
0.16009
0.981684
0.701237
0.675064
0.204676
0.0514265
0.340169
0.407638
0.384242
0.345419
0.384957
0.334284
0.391252
0.180188
0.230004
0.537192
0.879154
0.751626
0.55686
0.632133
0.579368
0.432298
0.514091
0.19314
0.723223
0.465445
0.212652
0.359586
0.258975
0.791132
0.516716
0.447037
0.529141
0.898624
0.267026
0.241789
0.841923
0.576937
0.305782
0.0935951
0.421777
0.425979
0.933916
0.92196
0.90412
0.15578
0.584709
0.52754
0.349498
0.672007
0.809573
0.0793144
0.851615
0.321762
0.316387
0.976856
0.51586
0.522979
0.358018
0.330359
0.861005
0.360719
0.724975
0.643167
0.673657
0.110034
0.844068
0.725038
0.805898
0.512641
0.823329
0.930818
0.290926
0.936576
0.91739
0.248776
0.0549899
0.196522
0.928264
0.0145994
0.178563
0.188475
0.0217063
0.778627
0.513642
0.945322
0.752835
0.501921
0.0617825
0.0683179
0.586478
0.416292
0.0796791
0.520233
0.604253
0.888578
0.782752
0.735199
0.554127
0.0329308
0.795442
0.132397
0.968019
0.888134
0.339283
0.109257
0.204025
0.210258
0.401977
0.0967316
0.323305
0.533308
0.794555
0.415425
0.455194
0.549554
0.73756
0.576491
0.411573
0.203577
0.23543
0.893554
0.862876
0.544809
0.471566
0.348673
0.369863
0.426614
0.411982
0.592353
0.369818
0.878352
0.0260765
0.729375
0.142141
0.432001
0.458441
0.592289
0.531332
0.0968911
0.211363
0.944682
0.396563
0.00403281
0.175861
0.367835
0.403877
0.16304
0.0877986
0.31666
0.803429
0.186292
0.749341
0.302183
0.570147
0.351986
0.865518
0.655489
0.96811
0.834022
0.47778
0.607799
0.869298
0.375083
0.264492
0.207799
0.565117
0.89119
0.111648
0.0838854
0.309215
0.461736
0.681528
0.407702
0.283993
0.587494
0.724404
0.257096
0.35836
0.418092
0.747006
0.511051
0.0746327
0.50642
0.685711
0.504552
0.348002
0.405632
0.403011
0.964895
0.869085
0.668833
0.259724
0.748463
0.0612839
0.344868
0.495843
0.0731156
0.458861
0.407409
0.619264
0.239371
0.743814
0.44898
0.0497109
0.165704
0.521217
0.875616
0.646807
0.810292
0.741176
0.429318
0.874746
0.0631137
0.914831
0.540787
0.785759
0.786743
0.751924
0.389309
0.961306
0.148621
0.304755
0.95419
0.410601
0.477889
0.280373
0.335418
0.223857
0.820609
0.928462
0.47186
0.702036
0.851789
0.281658
0.583427
0.581562
0.49316
0.879277
0.418327
0.843368
0.612912
0.212271
0.125398
0.0990165
0.647352
0.660423
0.441224
0.496906
0.452892
0.732476
0.247295
0.959415
0.707104
0.952379
0.498113
0.974293
0.735671
0.152684
0.349359
0.403759
0.722443
0.538168
0.0477405
0.282186
0.305937
0.374125
0.0209257
0.443527
0.989503
0.145703
0.586287
0.304851
0.474995
0.544799
0.958495
0.140578
0.820591
0.593207
0.675028
0.777773
0.540954
0.934923
0.290475
0.546887
0.699114
0.0632271
0.0491958
0.411473
0.44032
0.631803
0.284108
0.00800644
0.0131563
0.582688
0.278678
0.542307
0.305847
0.562228
0.259732
0.458027
0.457977
0.850892
0.769561
0.0170905
0.820724
0.0712218
0.824609
0.570095
0.0316821
0.434332
0.651373
0.660981
0.311894
0.81917
0.263177
0.175395
0.319813
0.0366208
0.288249
0.633113
0.515569
0.10505
0.0826908
0.224833
0.473575
0.0538065
0.7831
0.242077
0.875703
0.881697
0.312814
0.741467
0.932918
0.9398
0.912222
0.373401
0.101447
0.699733
0.194857
0.698088
0.529646
0.033575
0.433644
0.57377
0.512324
0.600002
0.370944
0.553151
0.127264
0.439277
0.655871
0.0418026
0.44012
0.57005
0.595499
0.289614
0.413183
0.302311
0.534546
0.292782
0.634189
0.588389
0.341089
0.225045
0.855473
0.388945
0.382899
0.0948074
0.232139
0.500986
0.457704
0.597702
0.170252
0.253917
0.537721
0.41643
0.410576
0.00764765
0.269238
0.982118
0.917364
0.469971
0.0159644
0.580887
0.320825
0.881622
0.152984
0.949033
0.0509133
0.395228
0.327915
0.589652
0.342285
0.203996
0.747604
0.0583736
0.397759
0.768728
0.181255
0.658084
0.0513065
0.86514
0.472118
0.260284
0.121033
0.0514436
0.816193
0.398545
0.606209
0.86865
0.0130915
0.0780481
0.247226
0.869508
0.155186
0.791409
0.489301
0.0689768
0.849283
0.558072
0.294388
0.168376
0.831649
0.102011
0.724491
0.882083
0.732647
0.895927
0.93546
0.751057
0.480411
0.231607
0.804318
0.229212
0.331675
0.883773
0.464742
0.750548
0.428514
0.633043
0.612955
0.507049
0.967689
0.873321
0.606986
0.276011
0.118334
0.876867
0.621988
0.723232
0.536793
0.809804
0.91759
0.974229
0.22586
0.221237
0.563494
0.0944154
0.309802
0.0662826
0.668857
0.562291
0.505301
0.119018
0.650185
0.37475
0.339591
0.293906
0.701245
0.514453
0.897089
0.488071
0.215107
0.96588
0.679885
0.302605
0.24006
0.0255165
0.379674
0.77579
0.383645
0.455235
0.531668
0.0980078
0.136975
0.125092
0.426382
0.366538
0.0682723
0.637624
0.782937
0.62419
0.392297
0.381499
0.746962
0.7107
0.191769
0.295811
0.194698
0.498231
0.147849
0.0110445
0.249309
0.696669
0.597339
0.0489813
0.710669
0.0713249
0.611832
0.397887
0.850202
0.242116
0.594279
0.4237
0.0302727
0.512585
0.586017
0.0315935
0.894777
0.848535
0.515633
0.960163
0.684133
0.285445
0.412105
0.684017
0.512775
0.943071
0.0294386
0.637254
0.388359
0.372938
0.238069
0.274015
0.245514
0.224265
0.247961
0.183118
0.428553
0.906942
0.526779
0.308032
0.720848
0.93339
0.919512
0.933659
0.236552
0.4678
0.688199
0.0364797
0.034266
0.990665
0.165193
0.809589
0.172545
0.244574
0.612927
0.530337
0.812627
0.265682
0.338149
0.703349
0.812309
0.482501
0.718833
0.759322
0.692899
0.893982
0.635624
0.100414
0.763913
0.19305
0.894034
0.442447
0.14161
0.506773
0.0843897
0.105222
0.200356
0.963322
0.42843
0.943735
0.171601
0.50839
0.447793
0.200154
0.89421
0.87534
0.672511
0.800295
0.581021
0.116133
0.467971
0.036691
0.57745
0.0321287
0.746125
0.596956
0.845352
0.769751
0.659449
0.341097
0.924255
0.986284
0.141393
0.841059
0.73663
0.722862
0.610625
0.612654
0.366692
0.478091
0.522914
0.243003
0.124876
0.14622
0.427352
0.700705
0.302782
0.314053
0.424931
0.372573
0.235119
0.9028
0.568055
0.567436
0.0435694
0.953032
0.879064
0.0380263
0.889235
0.297247
0.872598
0.576563
0.0704253
0.416034
0.277746
0.924386
0.95521
0.557322
0.0772793
0.493762
0.83592
0.496984
0.987439
0.0293322
0.357275
0.572553
0.536153
0.0429014
0.441211
0.925693
0.372241
0.249522
0.568725
0.495375
0.234027
0.332839
0.060005
0.120503
0.97242
0.097154
0.5151
0.202627
0.479285
0.752742
0.953757
0.466981
0.603959
0.966016
0.258763
0.320334
0.904878
0.0295911
0.33488
0.670306
0.104121
0.618219
0.716758
0.53232
0.583579
0.0497424
0.184357
0.652853
0.344572
0.627283
0.982204
0.223219
0.178828
0.767117
0.417242
0.704805
0.967571
0.390179
0.575343
0.149087
0.105226
0.0537874
0.514151
0.144443
0.0721884
0.0103835
0.143697
0.783853
0.662972
0.694442
0.898961
0.606082
0.78657
0.855976
0.76168
0.257449
0.0382724
0.884407
0.942545
0.247486
0.308667
0.911238
0.0483418
0.381522
0.926989
0.561609
0.509452
0.654879
0.58189
0.167182
0.827796
0.15123
0.341517
0.686067
0.4391
0.0225239
0.293628
0.235877
0.000244154
0.316678
0.901125
0.176191
0.265109
0.295168
0.34351
0.125409
0.672355
0.135138
0.583739
0.619406
0.82605
0.38547
0.324844
0.676758
0.414133
0.245286
0.532344
0.0952648
0.207964
0.314855
0.896583
0.540816
0.765253
0.747246
0.0619585
0.482476
0.683647
0.175092
0.194701
0.763243
0.807222
0.0273346
0.503352
0.466932
0.975767
0.169178
0.640817
0.0468044
0.748551
0.633942
0.947392
0.12605
0.270528
0.66398
0.652413
0.575272
0.0385176
0.591111
0.319176
0.435432
0.945678
0.173384
0.842949
0.909949
0.53094
0.928904
0.513818
0.327058
0.951277
0.489555
0.321687
0.909313
0.662737
0.914772
0.565981
0.0239205
0.193754
0.791212
0.662013
0.874229
0.492926
0.487671
0.00302327
0.284223
0.12338
0.481682
0.00351491
0.185646
0.766051
0.726798
0.646812
0.908967
0.0124143
0.74578
0.587086
0.578626
0.919915
0.829358
0.182021
0.399939
0.135756
0.363457
0.793785
0.886037
0.150819
0.0268713
0.798963
0.000841516
0.228086
0.179409
0.467185
0.587147
0.2804
0.1371
0.146727
0.512479
0.191054
0.801726
0.945405
0.810876
0.236509
0.0287625
0.697639
0.24365
0.0611992
0.58897
0.813034
0.570337
0.466414
0.168763
0.42679
0.242573
0.723899
0.783888
0.904614
0.944831
0.543999
0.626766
0.450616
0.54938
0.770732
0.763302
0.550348
0.677344
0.613467
0.429499
0.946247
0.618437
0.247283
0.797566
0.451177
0.220091
0.130432
0.987264
0.288574
0.279919
0.82549
0.449264
0.904357
0.637597
0.617125
0.457708
0.894713
0.643301
0.159277
0.789695
0.372153
0.966243
0.841823
0.366975
0.755803
0.191111
0.844303
0.972995
0.59524
0.631165
0.96344
0.575962
0.063769
0.969504
0.502265
0.381582
0.598914
0.335871
0.750607
0.759444
0.705958
0.25291
0.0473347
0.54293
0.0241556
0.466846
0.990407
0.958456
0.703256
0.343224
0.166869
0.316522
0.237117
0.494917
0.645302
0.471349
0.907554
0.259696
0.460685
0.461145
0.629564
0.107068
0.197638
0.366559
0.452149
0.983896
0.532777
0.616516
0.419292
0.866875
0.93949
0.230177
0.563898
0.644814
0.616475
0.969587
0.0935235
0.0786508
0.721443
0.404002
0.398706
0.562386
0.0386377
0.424652
0.409771
0.219887
0.867297
0.924829
0.552122
0.413399
0.990606
0.957759
0.577653
0.808488
0.592506
0.6433
0.824577
0.941984
0.673226
0.00972781
0.891605
0.885785
0.332557
0.580735
0.686039
0.607549
0.920378
0.25841
0.66844
0.423231
0.893333
0.474937
0.687559
0.346272
0.880056
0.90966
0.865184
0.900171
0.278851
0.671015
0.807472
0.21791
0.244144
0.757807
0.21159
0.0520107
0.432678
0.0309037
0.397685
0.117943
0.86764
0.690254
0.08824
0.352559
0.947607
0.36527
0.010777
0.955735
0.405214
0.0471433
0.715101
0.171286
0.0541186
0.0341305
0.941339
0.732615
0.817564
0.295887
0.486913
0.735683
0.891448
0.817553
0.805219
0.799479
0.262164
0.841642
0.50075
0.030862
0.195974
0.925389
0.90808
0.23172
0.982594
0.468683
0.467583
0.582997
0.109984
0.0950938
0.519911
0.729991
0.347767
0.89393
0.283681
0.700146
0.819755
0.119224
0.474859
0.738518
0.166965
0.212719
0.559134
0.183456
0.175214
0.849326
0.755991
0.56837
0.818705
0.628233
0.359785
0.773711
0.324333
0.740471
0.902328
0.221309
0.581077
0.779848
0.315363
0.662622
0.713754
0.33079
0.190726
0.330542
0.838283
0.221956
0.0805446
0.275221
0.56301
0.692934
0.597916
0.167891
0.562757
0.153683
0.907201
0.219175
0.113055
0.849468
0.538238
0.012622
0.634294
0.361217
0.795054
0.798782
0.580687
0.411773
0.300367
0.335345
0.157291
0.50832
0.334439
0.805872
0.818809
0.282122
0.971524
0.221133
0.974259
0.396897
0.938882
0.426781
0.188308
0.151171
0.440427
0.239193
0.0484072
0.618351
0.686655
0.0440311
0.0907339
0.72818
0.810476
0.562122
0.300201
0.127755
0.449477
0.463282
0.991773
0.158849
0.232362
0.546002
0.832395
0.696729
0.383015
0.660602
0.583912
0.915761
0.780579
0.203265
0.265163
0.937193
0.187795
0.522031
0.992508
0.58897
0.551002
0.033493
0.127559
0.637062
0.820655
0.236876
0.622884
0.459366
0.646967
0.522994
0.913635
0.510207
0.545839
0.00813851
0.376876
0.505024
0.148992
0.282214
0.511178
0.136881
0.361302
0.557905
0.535677
0.57083
0.528543
0.260736
0.2481
0.857119
0.919807
0.532507
0.61162
0.824231
0.268948
0.762844
0.776176
0.678453
0.0858589
0.351698
0.914958
0.325076
0.696836
0.0822989
0.423871
0.870614
0.228518
0.298051
0.462519
0.55504
0.205182
0.483197
0.499675
0.843704
0.246608
0.707238
0.173493
0.0822486
0.164282
0.974496
0.314409
0.142682
0.156823
0.996788
0.0534571
0.179277
0.869721
0.858965
0.415629
0.939804
0.846738
0.960408
0.261116
0.16777
0.866631
0.383044
0.68932
0.267998
0.303669
0.256855
0.58308
0.530517
0.917265
0.972295
0.583722
0.411993
0.276877
0.336864
0.910375
0.411905
0.744148
0.507818
0.7472
0.360323
0.914523
0.178512
0.816231
0.0202204
0.483809
0.882235
0.846715
0.0201914
0.438325
0.140936
0.278055
0.65038
0.526314
0.669512
0.245534
0.00847175
0.377826
0.998199
0.967358
0.563228
0.0935876
0.151128
0.568441
0.255974
0.282656
0.779608
0.349764
0.787626
0.524696
0.161777
0.969825
0.39843
0.165183
0.419708
0.093076
0.0541419
0.789052
0.251007
0.144615
0.976461
0.197406
0.410644
0.974766
0.524203
0.238693
0.502894
0.784147
0.828158
0.394953
0.651531
0.611067
0.746186
0.0385496
0.0140603
0.278672
0.731683
0.167502
0.503924
0.898254
0.349973
0.0788296
0.501044
0.00529779
0.34167
0.698951
0.689445
0.0625191
0.384086
0.476404
0.791226
0.514792
0.762007
0.142146
0.105048
0.658241
0.904589
0.012291
0.0472415
0.342759
0.708928
0.571932
0.883402
0.735273
0.442543
0.0300819
0.482978
0.0203336
0.142149
0.536827
0.0902733
0.714267
0.306841
0.435391
0.0499914
0.146634
0.478131
0.88355
0.327784
0.264882
0.321863
0.489128
0.106365
0.109824
0.0483699
0.300152
0.201851
0.675105
0.554453
0.0776499
0.425729
0.205752
0.326948
0.732484
0.114079
0.830762
0.852298
0.0705623
0.0623765
0.502729
0.625397
0.475185
0.152816
0.992653
0.59587
0.242184
0.559114
0.838142
0.439271
0.322414
0.985054
0.064621
0.95867
0.0354283
0.767672
0.807172
0.429639
0.684977
0.590297
0.989198
0.175597
0.187077
0.147228
0.516042
0.134037
0.03953
0.429472
0.288357
0.836827
0.911168
0.814769
0.221783
0.925261
0.471986
0.206416
0.585242
0.0546782
0.95244
0.841755
0.767648
0.472689
0.411275
0.75643
0.19861
0.493518
0.374528
0.324725
0.947893
0.00967356
0.921055
0.785825
0.595082
0.70784
0.437826
0.603192
0.597779
0.0718417
0.125991
0.18837
0.61516
0.00121446
0.349668
0.656395
0.304221
0.045009
0.495659
0.478959
0.95732
0.0988986
0.0347132
0.181156
0.169655
0.847702
0.793176
0.511829
0.410353
0.319477
0.376173
0.136309
0.0362833
0.372136
0.517082
0.0900489
0.767497
0.635965
0.618713
0.634861
0.98997
0.91882
0.624021
0.324996
0.236741
0.0344026
0.801647
0.973254
0.81268
0.783782
0.216243
0.66898
0.48005
0.90803
0.206222
0.307807
0.339445
0.393732
0.711927
0.421121
0.170138
0.867729
0.85358
0.0215975
0.400464
0.933332
0.787825
0.196037
0.146747
0.304478
0.0801753
0.170768
0.191054
0.27004
0.0926838
0.346868
0.885257
0.307156
0.145175
0.557442
0.511768
0.155844
0.376423
0.648607
0.0588307
0.119103
0.68962
0.947118
0.358111
0.171518
0.263998
0.674643
0.481132
0.209439
0.669823
0.731648
0.813898
0.677873
0.424378
0.238913
0.660022
0.24018
0.127763
0.934571
0.1144
0.149786
0.344061
0.0279789
0.573513
0.727832
0.838911
0.863807
0.0950468
0.692642
0.310999
0.111814
0.0975904
0.0281578
0.493213
0.937399
0.028537
0.277124
0.548844
0.399036
0.771406
0.415429
0.617654
0.241214
0.0778531
0.27714
0.71285
0.291768
0.27867
0.482545
0.939073
0.223182
0.254756
0.256986
0.167802
0.797279
0.154963
0.85597
0.313637
0.586911
0.872962
0.627688
0.614794
0.167989
0.799017
0.29953
0.714604
0.918155
0.022304
0.778773
0.717679
0.768389
0.871901
0.673679
0.0727581
0.860862
0.564796
0.590568
0.401487
0.306881
0.611388
0.921923
0.00411474
0.755222
0.565626
0.843442
0.454108
0.822483
0.46964
0.273689
0.637245
0.558313
0.921709
0.96424
0.958997
0.88081
0.800729
0.182959
0.867787
0.588688
0.237543
0.786485
0.920675
0.310695
0.0803375
0.164624
0.420458
0.169413
0.722725
0.549741
0.216244
0.502257
0.333367
0.645544
0.0891173
0.589782
0.0475896
0.22488
0.715158
0.789182
0.0760314
0.214897
0.453144
0.964153
0.693034
0.425808
0.0559491
0.752444
0.147382
0.238495
0.233663
0.537022
0.36772
0.654532
0.152606
0.409624
0.311049
0.694279
0.255842
0.76668
0.540443
0.425297
0.0247779
0.193471
0.451364
0.291338
0.723774
0.115497
0.0475547
0.92481
0.0049672
0.375269
0.56889
0.45232
0.192121
0.88306
0.0849707
0.289462
0.772362
0.153043
0.598715
0.569232
0.23401
0.639125
0.681361
0.316705
0.99693
0.00160115
0.330765
0.0851639
0.35734
0.846535
0.973763
0.476646
0.648894
0.0708344
0.404717
0.409573
0.211922
0.109935
0.268954
0.451197
0.237688
0.420677
0.482977
0.442334
0.557623
0.144364
0.973524
0.101962
0.390976
0.695568
0.273528
0.561846
0.828882
0.0284628
0.0127109
0.754388
0.2683
0.468207
0.080329
0.325047
0.433727
0.590276
0.332657
0.984507
0.325416
0.921864
0.00229691
0.832294
0.165663
0.869295
0.492873
0.705947
0.904341
0.792435
0.782754
0.727615
0.284494
0.506627
0.205281
0.278695
0.0206535
0.555915
0.629605
0.134945
0.937441
0.635846
0.963338
0.597456
0.553526
0.723882
0.0823482
0.473503
0.644578
0.380311
0.629339
0.666247
0.815505
0.799068
0.195391
0.0505871
0.562916
0.408418
0.0101187
0.027202
0.187996
0.945023
0.937998
0.597601
0.171133
0.15648
0.0509614
0.585422
0.154916
0.738354
0.779571
0.495234
0.882238
0.299604
0.314665
0.857975
0.650961
0.498945
0.934787
0.326277
0.894146
0.834157
0.887285
0.474038
0.162409
0.633046
0.686532
0.599649
0.328416
0.731115
0.764224
0.864454
0.477374
0.176058
0.585369
0.00676673
0.385102
0.527779
0.119911
0.502846
0.37891
0.286291
0.142685
0.401495
0.856922
0.446064
0.651445
0.796717
0.908335
0.817929
0.890497
0.837469
0.898684
0.65875
0.411191
0.77583
0.0976502
0.290899
0.374264
0.451668
0.438141
0.170802
0.205393
0.0864633
0.278903
0.577277
0.7759
0.750708
0.042164
0.441066
0.735527
0.473983
0.224817
0.438328
0.432571
0.936374
0.417391
0.340343
0.196177
0.92249
0.459018
0.673225
0.52268
0.299521
0.0272089
0.325061
0.0178711
0.91913
0.0956547
0.079951
0.633836
0.416522
0.54718
0.801452
0.855378
0.921996
0.527199
0.680838
0.808438
0.900041
0.0587608
0.563352
0.771622
0.0343543
0.175697
0.729646
0.980891
0.785982
0.996381
0.907457
0.854449
0.124279
0.356728
0.894039
0.476295
0.281028
0.915694
0.563036
0.228089
0.177597
0.076814
0.696787
0.433846
0.550285
0.141043
0.918852
0.583299
0.533371
0.293992
0.800938
0.649014
0.492117
0.277931
0.188205
0.949729
0.824983
0.817773
0.0386942
0.396948
0.0273131
0.441487
0.123738
0.471226
0.9362
0.608673
0.210663
0.305397
0.32235
0.854705
0.67684
0.419331
0.0804466
0.758988
0.621599
0.288815
0.571552
0.210404
0.592185
0.5924
0.222817
0.895485
0.0707334
0.936153
0.480541
0.868659
0.336151
0.59734
0.488209
0.141151
0.579198
0.563232
0.423468
0.576628
0.978563
0.298079
0.935266
0.107127
0.514055
0.396418
0.389049
0.95047
0.680415
0.939511
0.124675
0.657441
0.957848
0.0476985
0.285565
0.449278
0.28591
0.117742
0.271651
0.398154
0.174584
0.572122
0.942513
0.998672
0.175391
0.867079
0.446315
0.988977
0.837473
0.966905
0.226695
0.786947
0.00640046
0.671339
0.271966
0.459451
0.310738
0.977382
0.0831232
0.0593925
0.253354
0.181622
0.870086
0.733225
0.717238
0.518341
0.0161676
0.976644
0.551969
0.83483
0.412255
0.522984
0.775603
0.900116
0.543973
0.78066
0.762831
0.416825
0.562963
0.655032
0.455056
0.367213
0.489244
0.627149
0.389165
0.901205
0.333653
0.716545
0.373006
0.213059
0.61207
0.495994
0.517084
0.619313
0.417137
0.689984
0.549997
0.927859
0.0455551
0.581499
0.79229
0.979185
0.932881
0.94814
0.638517
0.467378
0.262565
0.491948
0.105418
0.550756
0.687446
0.629765
0.0566443
0.798851
0.882026
0.453271
0.628885
0.371771
0.540752
0.999743
0.58444
0.386057
0.51575
0.514302
0.631361
0.803416
0.267598
0.919214
0.920481
0.218972
0.0618512
0.491354
0.091623
0.176846
0.415256
0.010079
0.447849
0.374262
0.36841
0.0675943
0.541796
0.821345
0.0817508
0.494764
0.0233541
0.911253
0.021097
0.0779037
0.790685
0.852007
0.275775
0.0261386
0.980747
0.16385
0.151066
0.562668
0.211084
0.319401
0.568015
0.0939472
0.728084
0.182262
0.614488
0.664162
0.120667
0.985817
0.105006
0.8031
0.321399
0.209229
0.662693
0.866934
0.444271
0.0922838
0.730432
0.965662
0.211284
0.643824
0.301941
0.448831
0.31608
0.0176688
0.945146
0.532356
0.985901
0.951743
0.934459
0.31203
0.56341
0.705772
0.735999
0.41088
0.373454
0.424374
0.577405
0.603688
0.109525
0.148442
0.914893
0.677328
0.0190546
0.569781
0.974061
0.713557
0.241087
0.0623482
0.533302
0.0834855
0.615397
0.237111
0.241577
0.351126
0.406577
0.184146
0.173847
0.596753
0.843603
0.33178
0.34221
0.457606
0.745192
0.333403
0.469315
0.480937
0.27004
0.172158
0.620052
0.698316
0.891465
0.554729
0.060856
0.135137
0.846896
0.169336
0.912834
0.208722
0.759018
0.250201
0.38093
0.554432
0.97871
0.579909
0.328469
0.132669
0.977598
0.25025
0.13287
0.86006
0.244046
0.587581
0.66856
0.294033
0.440727
0.245805
0.137789
0.868271
0.80093
0.912742
0.686215
0.0832909
0.0169971
0.916598
0.330879
0.126013
0.256628
0.530037
0.883033
0.318209
0.88627
0.440132
0.112958
0.238097
0.346799
0.892306
0.380257
0.453115
0.18271
0.852938
0.999481
0.644467
0.146004
0.315123
0.541641
0.0639353
0.659809
0.960341
0.558032
0.277706
0.721017
0.869543
0.48065
0.0264025
0.938255
0.153082
0.986657
0.739851
0.140316
0.261499
0.35221
0.232612
0.555698
0.588734
0.35922
0.784123
0.567617
0.744663
0.409297
0.0562927
0.508167
0.732972
0.550301
0.971133
0.794224
0.119454
0.197216
0.0799329
0.256108
0.230362
0.150966
0.390608
0.00447038
0.314223
0.963522
0.837101
0.263702
0.48645
0.298084
0.298688
0.820439
0.925495
0.379101
0.501066
0.0483315
0.192518
0.263687
0.417304
0.736622
0.412537
0.996007
0.566038
0.437767
0.311522
0.887197
0.476144
0.932132
0.397353
0.510233
0.620091
0.26585
0.768303
0.482172
0.349203
0.137524
0.714572
0.85267
0.299054
0.0831384
0.249281
0.710551
0.846884
0.735253
0.486577
0.399087
0.438412
0.617215
0.116466
0.0912141
0.871112
0.587222
0.567536
0.170038
0.305475
0.688021
0.477701
0.295984
0.224906
0.209855
0.205912
0.784199
0.596804
0.0668126
0.929691
0.185043
0.889326
0.85657
0.718338
0.133678
0.626142
0.363029
0.402465
0.645051
0.0397226
0.819464
0.348638
0.267467
0.805803
0.431564
0.883521
0.717102
0.46967
0.826522
0.304111
0.79925
0.139723
0.0136318
0.587037
0.237943
0.424974
0.787556
0.217072
0.298353
0.999115
0.357637
0.358115
0.266757
0.121615
0.331573
0.972986
0.577751
0.941888
0.41214
0.764148
0.931109
0.430469
0.580223
0.977408
0.560547
0.764738
0.841225
0.425013
0.999476
0.358157
0.416402
0.502293
0.486497
0.342049
0.58329
0.670889
0.474147
0.0373172
0.134071
0.758088
0.612665
0.108477
0.957449
0.591113
0.797059
0.961129
0.794792
0.781402
0.26742
0.282326
0.417487
0.949611
0.87251
0.155851
0.868422
0.108891
0.134535
0.104548
0.961459
0.292025
0.0344723
0.881656
0.799884
0.526358
0.974236
0.483455
0.925777
0.856791
0.322606
0.286025
0.0208763
0.937929
0.630635
0.48795
0.42579
0.627012
0.979851
0.20542
0.614817
0.59353
0.130045
0.122306
0.0505994
0.0220891
0.945849
0.0199798
0.34531
0.543735
0.942253
0.743304
0.578029
0.327693
0.294237
0.112437
0.0728355
0.259436
0.0569339
0.345704
0.446389
0.999744
0.0482175
0.0664501
0.711351
0.859625
0.419915
0.744832
0.502869
0.452695
0.607603
0.261029
0.815914
0.333948
0.479134
0.425243
0.144094
0.854528
0.131893
0.976718
0.644418
0.527543
0.107665
0.502177
0.372601
0.80045
0.647742
0.525674
0.100965
0.474055
0.00130205
0.857779
0.513661
0.524433
0.385533
0.251786
0.345364
0.918542
0.790739
0.0667374
0.370115
0.532312
0.898569
0.518429
0.0426907
0.56538
0.563484
0.216289
0.438562
0.202273
0.879749
0.0104708
0.228801
0.717123
0.25821
0.153223
0.468463
0.998198
0.264409
0.823606
0.582145
0.538624
0.47433
0.0557848
0.116414
0.478398
0.194339
0.898087
0.519167
0.186598
0.632162
0.531098
0.731055
0.256922
0.716822
0.375398
0.970064
0.488148
0.124118
0.678962
0.399768
0.486703
0.703853
0.415427
0.943585
0.732669
0.11495
0.740615
0.29655
0.283427
0.400546
0.90813
0.0540356
0.459851
0.979142
0.0662878
0.0911121
0.796124
0.248044
0.347717
0.0606014
0.882419
0.00611966
0.188117
0.712495
0.355084
0.175095
0.908836
0.158552
0.77556
0.959048
0.775195
0.106166
0.289797
0.413765
0.47323
0.263833
0.295886
0.340535
0.175305
0.781788
0.609265
0.0686007
0.00183529
0.847033
0.2611
0.798657
0.113087
0.919527
0.774085
0.154885
0.231251
0.999621
0.92743
0.999294
0.917147
0.586016
0.264368
0.62044
0.195013
0.354864
0.245236
0.495847
0.38883
0.20672
0.55964
0.976778
0.529087
0.237722
0.954051
0.644974
0.103129
0.849741
0.49647
0.589222
0.917472
0.982518
0.696685
0.447069
0.547428
0.096724
0.756712
0.411945
0.367794
0.734122
0.587882
0.332792
0.0565187
0.309784
0.463823
0.00269642
0.278262
0.237821
0.366368
0.372029
0.992555
0.94904
0.526864
0.0133435
0.466322
0.125028
0.390006
0.149222
0.046349
0.253582
0.471353
0.0261362
0.475861
0.0164274
0.302105
0.629136
0.901653
0.0693499
0.0333085
0.591976
0.563758
0.39109
0.20282
0.729643
0.806794
0.890671
0.767368
0.625773
0.788102
0.609569
0.602927
0.0232448
0.838264
0.277839
0.332031
0.925304
0.579357
0.730933
0.3181
0.00658013
0.818628
0.721367
0.964648
0.503833
0.0722363
0.82813
0.780209
0.707281
0.96629
0.744244
0.945899
0.663048
0.310057
0.383053
0.997987
0.0400974
0.407465
0.566692
0.578123
0.281742
0.204805
0.0321224
0.592794
0.279294
0.670872
0.00368599
0.363948
0.656942
0.845139
0.435135
0.966055
0.281906
0.213447
0.423629
0.671308
0.408067
0.391031
0.35462
0.723307
0.676509
0.890573
0.567352
0.208016
0.440995
0.377758
0.15986
0.985664
0.12475
0.0870894
0.809748
0.103689
0.767745
0.773395
0.909208
0.162842
0.967942
0.965551
0.0420882
0.308928
0.0888358
0.592997
0.916274
0.142779
0.0886368
0.965957
0.761277
0.371253
0.469173
0.269096
0.270022
0.671211
0.647131
0.306409
0.172963
0.43442
0.174686
0.312154
0.155755
0.950448
0.495466
0.786862
0.148683
0.532345
0.785715
0.0660858
0.0134262
0.179944
0.526555
0.688415
0.722874
0.910974
0.0645385
0.572943
0.571672
0.892116
0.983629
0.988273
0.473813
0.211039
0.728189
0.707355
0.610406
0.50522
0.835304
0.475775
0.603246
0.881768
0.264101
0.825286
0.931775
0.520973
0.714129
0.657622
0.812665
0.170205
0.224904
0.193163
0.458725
0.237928
0.621547
0.580641
0.169894
0.442917
0.0500573
0.422408
0.632386
0.732524
0.619803
0.878197
0.0678595
0.446477
0.385794
0.030905
0.34392
0.178037
0.0613853
0.461559
0.0981096
0.400206
0.111224
0.0868938
0.51346
0.327557
0.549188
0.330302
0.194858
0.539291
0.827231
0.662293
0.118186
0.180462
0.775633
0.96602
0.751033
0.888482
0.426153
0.531415
0.973568
0.482707
0.656607
0.701386
0.566002
0.646187
0.53406
0.197545
0.886228
0.779626
0.756096
0.321829
0.455371
0.595912
0.103747
0.913809
0.92387
0.245799
0.890033
0.959811
0.136429
0.436565
0.235436
0.886274
0.487121
0.459881
0.00290813
0.0819525
0.598534
0.835289
0.413451
0.306189
0.620142
0.673165
0.928292
0.0469578
0.575938
0.356083
0.771012
0.254749
0.561267
0.939009
0.474496
0.327552
0.961236
0.204564
0.731582
0.857786
0.911917
0.726106
0.419172
0.0423567
0.0308505
0.953877
0.424051
0.339231
0.991483
0.331951
0.451723
0.933881
0.199639
0.0788039
0.63036
0.831204
0.947798
0.543702
0.869995
0.356525
0.679946
0.224802
0.69801
0.94507
0.00731253
0.561995
0.917778
0.203739
0.891092
0.675756
0.836196
0.191769
0.876015
0.209156
0.042222
0.00620452
0.748524
0.458868
0.513181
0.361235
0.741591
0.886568
0.0553828
0.673159
0.0575328
0.937211
0.283811
0.929673
0.579285
0.62685
0.201641
0.52668
0.14466
0.590072
0.299928
0.459988
0.52836
0.904852
0.462863
0.394034
0.580613
0.968344
0.992745
0.794594
0.98303
0.627308
0.0757175
0.575875
0.381715
0.536802
0.965099
0.61137
0.731164
0.914396
0.190658
0.498353
0.42261
0.277235
0.992803
0.622469
0.97603
0.917252
0.869653
0.784904
0.951163
0.526009
0.208163
0.342194
0.390814
0.983911
0.199823
0.34874
0.0671821
0.556736
0.0250335
0.934133
0.482557
0.991939
0.192726
0.909776
0.809798
0.893333
0.163651
0.169236
0.481668
0.609445
0.3441
0.0799912
0.0940464
0.250896
0.244762
0.985484
0.725066
0.626965
0.246474
0.838927
0.145387
0.351362
0.846442
0.536306
0.0654946
0.321114
0.4771
0.836281
0.301617
0.648112
0.653279
0.948875
0.216498
0.0667239
0.126277
0.511279
0.0848186
0.218222
0.376477
0.284887
0.131981
0.107583
0.786179
0.508743
0.29169
0.743202
0.484714
0.40543
0.521263
0.52671
0.587908
0.299511
0.508831
0.598684
0.45945
0.588031
0.414953
0.025491
0.954552
0.2781
0.930219
0.61059
0.274687
0.827941
0.323958
0.126851
0.13061
0.913223
0.63736
0.0099719
0.100042
0.777205
0.973362
0.860986
0.253227
0.767036
0.598258
0.53078
0.837271
0.234074
0.844889
0.873057
0.748266
0.376685
0.549586
0.444454
0.0242675
0.991758
0.826103
0.210586
0.164301
0.106998
0.647124
0.612322
0.876849
0.689536
0.141455
0.804177
0.200222
0.135864
0.302732
0.361421
0.787481
0.0807172
0.429737
0.848527
0.637197
0.724113
0.971848
0.151442
0.461425
0.840912
0.334466
0.921547
0.153326
0.849405
0.813679
0.600123
0.0446225
0.686589
0.28816
0.747807
0.579398
0.148909
0.116974
0.471532
0.0839395
0.157848
0.298437
0.0183189
0.0467428
0.91826
0.167465
0.706259
0.959254
0.940847
0.4833
0.622099
0.683236
0.654527
0.828766
0.484691
0.538164
0.0642782
0.85495
0.0257546
0.0311118
0.308659
0.516721
0.664108
0.227951
0.700813
0.415897
0.355726
0.190304
0.0281124
0.467896
0.717489
0.335735
0.638371
0.00811497
0.993681
0.833609
0.723092
0.236118
0.526486
0.696616
0.7576
0.545421
0.188885
0.695062
0.280071
0.196661
0.0431653
0.890887
0.060895
0.261219
0.322281
0.900473
0.67401
0.495877
0.934716
0.0452728
0.944813
0.418211
0.0253088
0.589173
0.595882
0.354799
0.862421
0.199444
0.491677
0.553609
0.362421
0.668561
0.514921
0.918406
0.0208075
0.517901
0.577695
0.77287
0.729551
0.248167
0.335148
0.937975
0.975018
0.238644
0.553858
0.856876
0.00169195
0.317491
0.983569
0.482141
0.684012
0.173882
0.152407
0.012004
0.781082
0.56196
0.382575
0.592977
0.88436
0.814345
0.105616
0.969407
0.353357
0.853945
0.311888
0.336626
0.733972
0.637612
0.735124
0.829352
0.152387
0.910822
0.655574
0.0437077
0.777235
0.0821825
0.479058
0.548359
0.165391
0.879682
0.457416
0.692927
0.892619
0.822845
0.970638
0.281373
0.778245
0.188332
0.0731553
0.362025
0.920933
0.469242
0.865961
0.91813
0.0668049
0.894833
0.51085
0.453409
0.147037
0.608332
0.140156
0.0923564
0.483386
0.972898
0.790825
0.997488
0.71989
0.222805
0.0300467
0.69437
0.268429
0.488031
0.834448
0.744972
0.445456
0.941315
0.197986
0.482114
0.73571
0.449396
0.00615526
0.980078
0.174083
0.312731
0.0254886
0.762619
0.83536
0.264953
0.985943
0.0197777
0.22858
0.34544
0.216776
0.305317
0.0922523
0.182498
0.139718
0.209961
0.981336
0.914044
0.101328
0.650613
0.148248
0.866819
0.982673
0.887553
0.788422
0.309654
0.171032
0.791542
0.705087
0.343239
0.696079
0.248345
0.0257339
0.196277
0.471493
0.83333
0.670611
0.930428
0.960603
0.343517
0.946846
0.534644
0.488559
0.675086
0.754354
0.490405
0.609526
0.523493
0.494339
0.646146
0.1301
0.00984488
0.639373
0.341277
0.782937
0.55601
0.0460017
0.513378
0.299551
0.00361614
0.175599
0.508281
0.379235
0.365972
0.364385
0.650107
0.391742
0.891039
0.795797
0.631337
0.653003
0.877861
0.742827
0.422325
0.812987
0.414716
0.548611
0.802341
0.79854
0.787177
0.503145
0.563368
0.336425
0.537241
0.774028
0.873046
0.28609
0.245592
0.599826
0.799899
0.750045
0.169385
0.514946
0.354435
0.583018
0.415208
0.122653
0.991911
0.83887
0.784862
0.264396
0.921078
0.694943
0.630486
0.964288
0.988696
0.264199
0.731564
0.591324
0.739033
0.702057
0.50216
0.831481
0.514089
0.36184
0.80107
0.568702
0.353452
0.143586
0.705607
0.128156
0.818095
0.277711
0.182739
0.746092
0.702091
0.718611
0.416884
0.0257398
0.568362
0.193206
0.305592
0.664653
0.96355
0.32417
0.392821
0.260719
0.503768
0.66418
0.260697
0.605931
0.404103
0.941814
0.537282
0.861505
0.733731
0.306409
0.498682
0.39664
0.154591
0.311529
0.453886
0.106313
0.24068
0.206854
0.311479
0.660001
0.9289
0.697148
0.956209
0.550851
0.12944
0.524042
0.234338
0.910049
0.0881459
0.350136
0.789671
0.939237
0.46613
0.762387
0.943618
0.328713
0.159758
0.518857
0.915025
0.22368
0.160494
0.164204
0.47781
0.946285
0.938229
0.0281453
0.611565
0.768043
0.269397
0.559725
0.673694
0.264307
0.624378
0.569288
0.378877
0.0975388
0.335577
0.849338
0.586486
0.115706
0.102557
0.893199
0.149148
0.281417
0.924552
0.0638134
0.3523
0.750432
0.410302
0.0898455
0.667771
0.197597
0.383905
0.65723
0.453186
0.765646
0.722512
0.0647038
0.0581711
0.527817
0.0230131
0.33381
0.659454
0.567917
0.752321
0.188251
0.557482
0.368994
0.397608
0.29386
0.0509682
0.560722
0.363391
0.89725
0.192921
0.821064
0.182381
0.305493
0.458537
0.193905
0.393453
0.766798
0.764384
0.823726
0.226175
0.467788
0.418465
0.392607
0.206491
0.249866
0.907027
0.864075
0.808139
0.927548
0.297814
0.70156
0.321031
0.896276
0.228251
0.964266
0.84954
0.145767
0.624847
0.736457
0.604602
0.415793
0.546771
0.582919
0.884768
0.581433
0.848599
0.227516
0.979483
0.440271
0.107092
0.726111
0.956373
0.86927
0.753462
0.0711806
0.35246
0.267478
0.300966
0.663397
0.272847
0.714488
0.56913
0.374266
0.561357
0.234517
0.898087
0.181427
0.454127
0.81162
0.443207
0.480744
0.523733
0.671449
0.0714663
0.282308
0.488695
0.115998
0.383212
0.414672
0.478156
0.62598
0.598685
0.646001
0.137413
0.755398
0.0267084
0.0536863
0.2261
0.727796
0.528363
0.0256237
0.443116
0.765884
0.662693
0.665788
0.612545
0.676387
0.321925
0.0316686
0.241264
0.669842
0.804364
0.198046
0.125973
0.888904
0.013945
0.485724
0.115822
0.685716
0.302838
0.899184
0.453492
0.834854
0.280036
0.686417
0.105846
0.0678946
0.493312
0.488877
0.0944467
0.512158
0.459469
0.529906
0.642077
0.721729
0.179662
0.154954
0.715905
0.384331
0.550401
0.464342
0.679188
0.82261
0.390388
0.165546
0.82602
0.901293
0.978811
0.732346
0.788144
0.689537
0.778278
0.826598
0.546333
0.466529
0.537916
0.267657
0.0844759
0.622595
0.288134
0.895999
0.78166
0.391078
0.303067
0.961695
0.29208
0.810225
0.281329
0.383968
0.916285
0.990035
0.547833
0.802928
0.978497
0.74618
0.682928
0.925177
0.307768
0.530023
0.720146
0.616504
0.0464572
0.867517
0.906576
0.601457
0.304733
0.226281
0.383135
0.793739
0.927777
0.333996
0.314279
0.224786
0.282612
0.915794
0.68344
0.500668
0.599564
0.015691
0.782678
0.658636
0.271364
0.398081
0.380512
0.391953
0.528978
0.839659
0.574368
0.761585
0.141792
0.738031
0.753624
0.831067
0.951644
0.667948
0.152252
0.9805
0.0221452
0.0653931
0.798994
0.0297829
0.500131
0.83824
0.826893
0.5014
0.634286
0.583243
0.0376434
0.369597
0.122751
0.394906
0.191266
0.18454
0.568752
0.613029
0.975313
0.454834
0.469245
0.872208
0.174273
0.266038
0.16066
0.556483
0.788956
0.171782
0.468765
0.262918
0.233826
0.00180175
0.583438
0.644961
0.160044
0.190326
0.686875
0.514541
0.712281
0.060299
0.0449863
0.274476
0.3331
0.944146
0.222143
0.541893
0.691418
0.539142
0.550903
0.589947
0.448607
0.162667
0.389197
0.328684
0.811167
0.986263
0.592046
0.784903
0.982628
0.502542
0.233967
0.212316
0.455676
0.749848
0.318713
0.323138
0.721162
0.73858
0.0381607
0.905044
0.462331
0.362048
0.281365
0.966512
0.105498
0.323616
0.393838
0.201143
0.0737289
0.47983
0.647848
0.10837
0.0054974
0.913953
0.165281
0.653717
0.229613
0.162225
0.949663
0.464753
0.0109613
0.681598
0.704202
0.776271
0.485194
0.95655
0.864935
0.665817
0.176938
0.896623
0.045626
0.533122
0.844255
0.397069
0.313258
0.717628
0.817014
0.362615
0.485649
0.0292647
0.60988
0.0878992
0.217726
0.669702
0.409361
0.825256
0.928572
0.394234
0.982608
0.547847
0.682005
0.126433
0.963489
0.448699
0.689759
0.876025
0.575258
0.438191
0.0353836
0.480747
0.291374
0.866531
0.0518807
0.120113
0.265636
0.675322
0.216329
0.926088
0.534832
0.163683
0.796051
0.505088
0.87277
0.248471
0.295143
0.418052
0.0217051
0.432804
0.165664
0.240404
0.0192897
0.31866
0.5789
0.809736
0.0566346
0.273183
0.269607
0.703249
0.232022
0.368321
0.696907
0.375091
0.597897
0.762444
0.792804
0.200496
0.834798
0.801933
0.332538
0.862308
0.929988
0.0308342
0.0559233
0.98819
0.501955
0.466352
0.847335
0.0845087
0.412333
0.605026
0.952374
0.965039
0.467958
0.0653969
0.935881
0.857727
0.167712
0.16299
0.0895546
0.977798
0.328011
0.386575
0.654996
0.836416
0.169685
0.253573
0.572653
0.135495
0.116475
0.638747
0.68841
0.474457
0.596526
0.884052
0.293118
0.925871
0.914405
0.0178259
0.538141
0.954854
0.53983
0.666027
0.320256
0.261418
0.614408
0.873518
0.476364
0.484066
0.189231
0.43463
0.0432158
0.853892
0.660529
0.543444
0.546664
0.837131
0.460302
0.918143
0.0719867
0.525137
0.582805
0.0518338
0.671126
0.467502
0.690955
0.134717
0.579834
0.208557
0.96057
0.438386
0.999799
0.860713
0.502351
0.729995
0.755933
0.479557
0.0755706
0.488682
0.0316409
0.113768
0.203525
0.444069
0.335794
0.47475
0.955391
0.0809669
0.741145
0.96235
0.214649
0.308272
0.788401
0.0187286
0.759632
0.244915
0.962417
0.655682
0.892037
0.0219676
0.662803
0.673649
0.525758
0.346406
0.612543
0.194139
0.858732
0.246557
0.833234
0.260911
0.168477
0.568146
0.978686
0.497402
0.477679
0.278568
0.930676
0.175651
0.315949
0.0493777
0.248403
0.0611984
0.450224
0.725788
0.110075
0.523784
0.0681136
0.678743
0.730278
0.588424
0.680868
0.410006
0.476291
0.757803
0.0768297
0.602746
0.79202
0.945643
0.519905
0.75706
0.978152
0.0715194
0.474522
0.018107
0.435772
0.598719
0.278777
0.409456
0.378837
0.335433
0.117446
0.759675
0.63545
0.42156
0.5087
0.708988
0.0221297
0.813386
0.361654
0.576407
0.0784925
0.449701
0.941288
0.0463366
0.537914
0.297652
0.1542
0.806297
0.784515
0.765652
0.21063
0.861796
0.366606
0.633583
0.599052
0.416983
0.215902
0.255729
0.509466
0.305833
0.031062
0.876437
0.346673
0.0721367
0.950481
0.468256
0.17781
0.230328
0.445804
0.531983
0.15814
0.014582
0.753968
0.230813
0.88059
0.280943
0.22726
0.478962
0.809156
0.125463
0.969993
0.0494096
0.501539
0.398168
0.955025
0.255481
0.126256
0.524629
0.53805
0.615211
0.163821
0.00921872
0.632978
0.41288
0.386947
0.520772
0.654818
0.984663
0.883549
0.605055
0.210435
0.599624
0.56749
0.600714
0.111884
0.176624
0.270554
0.246403
0.947329
0.934229
0.986487
0.465579
0.672951
0.0453147
0.41149
0.829783
0.643732
0.0602268
0.769375
0.877487
0.496216
0.340654
0.603535
0.669137
0.302895
0.0476691
0.24839
0.273709
0.562671
0.85777
0.952683
0.110772
0.658261
0.0146364
0.914522
0.736142
0.338655
0.505223
0.00878393
0.49894
0.168781
0.988711
0.852427
0.972272
0.48108
0.986696
0.580238
0.846493
0.573153
0.112361
0.716223
0.469683
0.286299
0.593647
0.65441
0.0396351
0.892465
0.817655
0.243535
0.929518
0.788708
0.346673
0.945574
0.317946
0.882025
0.0547301
0.0571274
0.465158
0.932706
0.40103
0.000359431
0.120416
0.357003
0.0548982
0.0679065
0.870749
0.0717434
0.247023
0.0114147
0.175367
0.552831
0.443279
0.170016
0.520051
0.190769
0.788698
0.523172
0.936744
0.730152
0.78732
0.108228
0.149479
0.703438
0.874505
0.0593213
0.131353
0.595402
0.876551
0.399761
0.910008
0.443053
0.281331
0.359804
0.281254
0.78198
0.175419
0.0071214
0.641035
0.546268
0.518559
0.385822
0.602604
0.623256
0.974998
0.0855206
0.325103
0.321165
0.121496
0.534586
0.656871
0.747512
0.790901
0.567859
0.125779
0.896403
0.343804
0.601207
0.542452
0.636231
0.513666
0.60224
0.291819
0.465708
0.336264
0.933362
0.264307
0.210988
0.714389
0.921412
0.52914
0.272043
0.0144458
0.945039
0.20638
0.750505
0.342363
0.10051
0.19793
0.118399
0.870602
0.688896
0.356139
0.988288
0.822961
0.348893
0.885651
0.147195
0.975321
0.53246
0.0927072
0.102565
0.272984
0.98386
0.537481
0.897888
0.342225
0.141588
0.949656
0.484089
0.19719
0.0484554
0.394165
0.232439
0.694228
0.945337
0.800637
0.653694
0.613689
0.662534
0.493045
0.610873
0.47259
0.0395692
0.39065
0.500316
0.0773828
0.635718
0.431451
0.404267
0.670262
0.082329
0.0478445
0.121527
0.529619
0.622821
0.47245
0.45004
0.748731
0.142249
0.760355
0.972448
0.298693
0.666768
0.891348
0.88453
0.512819
0.681916
0.589806
0.765248
0.909838
0.351002
0.717161
0.430412
0.370615
0.891353
0.617702
0.610246
0.634813
0.97281
0.71667
0.771575
0.895971
0.432473
0.283041
0.250987
0.920188
0.150966
0.5995
0.415673
0.0387035
0.313543
0.0691032
0.919458
0.979914
0.0955256
0.991045
0.524635
0.692896
0.0834416
0.0344685
0.323977
0.921741
0.394577
0.725906
0.586002
0.636421
0.818651
0.657926
0.581072
0.798537
0.612201
0.457883
0.503018
0.0950456
0.471658
0.879057
0.514042
0.934546
0.243831
0.463404
0.699014
0.362199
0.0576236
0.0658639
0.664675
0.77311
0.639689
0.83365
0.161673
0.0207429
0.876908
0.927956
0.600967
0.326346
0.383885
0.00648165
0.995348
0.365794
0.504203
0.118378
0.652477
0.0787906
0.306266
0.782642
0.00469659
0.617897
0.62077
0.429304
0.0663185
0.905961
0.80601
0.601561
0.100466
0.443574
0.924442
0.0864133
0.750572
0.215311
0.480449
0.920451
0.898323
0.165521
0.322801
0.683887
0.258284
0.101017
0.179533
0.0462483
0.774241
0.847439
0.398084
0.776554
0.46399
0.825517
0.545825
0.713297
0.844988
0.17874
0.72814
0.0578501
0.496078
0.399721
0.851832
0.0805524
0.859878
0.762089
0.0558991
0.401833
0.912102
0.430292
0.510978
0.640426
0.820003
0.0219822
0.520581
0.834639
0.840492
0.736357
0.0154429
0.787258
0.28374
0.505305
0.197013
0.725352
0.860953
0.509549
0.243548
0.48676
0.772424
0.835028
0.0351817
0.148362
0.757142
0.000189915
0.0813473
0.618642
0.457639
0.00594777
0.950311
0.468934
0.949069
0.858978
0.117502
0.132974
0.39166
0.0766208
0.284476
0.740763
0.398979
0.347481
0.797495
0.16672
0.935161
0.614346
0.143971
0.478964
0.0833073
0.652241
0.862681
0.710209
0.741392
0.490316
0.21234
0.783987
0.734625
0.496284
0.151632
0.294209
0.673573
0.799777
0.547187
0.641625
0.481321
0.138294
0.905673
0.486584
0.362371
0.797259
0.58959
0.511332
0.249098
0.683717
0.597488
0.743402
0.752887
0.789714
0.148144
0.0397143
0.337183
0.403531
0.991083
0.352721
0.945639
0.920575
0.465355
0.898169
0.443484
0.465402
0.643398
0.840124
0.903647
0.705538
0.63232
0.343215
0.586749
0.12844
0.372266
0.273443
0.177759
0.0460717
0.588316
0.135224
0.860124
0.0367487
0.342406
0.409977
0.69498
0.249396
0.725158
0.925828
0.749309
0.768441
0.360571
0.572853
0.859595
0.323926
0.711835
0.136404
0.859876
0.255783
0.722924
0.524053
0.734502
0.496887
0.563188
0.699646
0.322099
0.0886185
0.52218
0.419978
0.900219
0.516051
0.197073
0.823353
0.878015
0.0471955
0.699004
0.191296
0.731616
0.850285
0.757647
0.160141
0.70423
0.482016
0.311582
0.382151
0.287503
0.39383
0.828142
0.428935
0.385333
0.367306
0.499289
0.614711
0.775785
0.706957
0.314673
0.63368
0.126598
0.00118936
0.43076
0.413342
0.636957
0.190903
0.253346
0.561823
0.280997
0.40963
0.1537
0.128607
0.681325
0.89769
0.0761219
0.219741
0.56434
0.532704
0.703148
0.144603
0.420372
0.9157
0.966597
0.274382
0.943743
0.230726
0.0769279
0.434046
0.750298
0.449593
0.845084
0.420008
0.108393
0.0442641
0.751421
0.843831
0.475843
0.828389
0.243043
0.876034
0.667948
0.476031
0.287786
0.24971
0.805048
0.728281
0.860152
0.946558
0.772725
0.334164
0.268179
0.912027
0.900724
0.886961
0.942988
0.734305
0.711153
0.385346
0.303493
0.995357
0.841961
0.514011
0.782502
0.701302
0.213798
0.21274
0.168591
0.28324
0.929076
0.467097
0.598162
0.805714
0.679607
0.757678
0.247944
0.625048
0.158002
0.0664739
0.859864
0.418882
0.338822
0.545523
0.41406
0.595394
0.895178
0.160543
0.694395
0.138719
0.478374
0.0551265
0.213031
0.227359
0.301586
0.732909
0.431428
0.965208
0.279364
0.0877702
0.795968
0.49916
0.88466
0.956654
0.564773
0.0908933
0.552588
0.325479
0.412081
0.509732
0.699364
0.154255
0.437753
0.78382
0.706884
0.540063
0.468568
0.972095
0.174822
0.611811
0.807327
0.502525
0.646403
0.123239
0.16447
0.78418
0.310461
0.623999
0.0997531
0.482269
0.966745
0.75467
0.520085
0.00520613
0.0656939
0.511381
0.641314
0.568819
0.806208
0.108738
0.250475
0.571513
0.159759
0.654435
0.430801
0.0506947
0.00726698
0.522346
0.371087
0.529141
0.203414
0.828934
0.116174
0.652902
0.854664
0.505047
0.675426
0.441293
0.101752
0.304992
0.746033
0.704795
0.580394
0.869265
0.289189
0.947192
0.997473
0.287373
0.587193
0.781803
0.0621316
0.092359
0.382229
0.204682
0.666569
0.327351
0.832909
0.845376
0.690521
0.293779
0.80915
0.142298
0.233392
0.326692
0.371967
0.0676157
0.242048
0.919532
0.951309
0.0773916
0.33971
0.68201
0.94708
0.126661
0.768061
0.872671
0.347434
0.325233
0.482405
0.98303
0.00170719
0.796007
0.996819
0.412489
0.827044
0.929911
0.127051
0.480999
0.29765
0.125554
0.544298
0.666616
0.800284
0.591167
0.409691
0.283719
0.981455
0.42428
0.340778
0.0591519
0.109755
0.242199
0.756703
0.911437
0.185866
0.604047
0.104103
0.354514
0.414385
0.551792
0.582736
0.463015
0.473276
0.231167
0.426796
0.350599
0.452302
0.880035
0.369263
0.194602
0.461323
0.856945
0.0930683
0.526397
0.71917
0.910194
0.881377
0.803185
0.816487
0.860545
0.603078
0.158142
0.100364
0.310214
0.0480423
0.135215
0.459735
0.137118
0.555615
0.564591
0.809834
0.345661
0.11109
0.405659
0.298982
0.501257
0.526733
0.225997
0.615457
0.371766
0.0408103
0.315625
0.0863274
0.65044
0.380658
0.542823
0.77012
0.575621
0.921094
0.696913
0.0937192
0.945232
0.56066
0.959248
0.319749
0.2204
0.0246397
0.48957
0.208935
0.112636
0.831363
0.0729623
0.523933
0.961881
0.628821
0.973791
0.774431
0.266087
0.180333
0.186785
0.00174715
0.563348
0.265399
0.230219
0.0248436
0.360187
0.135587
0.529073
0.904858
0.528376
0.0523236
0.792935
0.324621
0.360399
0.617021
0.0789035
0.921902
0.801804
0.0234642
0.387173
0.565456
0.00751496
0.613537
0.578486
0.232629
0.757598
0.952179
0.509022
0.053913
0.0938382
0.464038
0.899254
0.657212
0.198146
0.0572054
0.407106
0.00283328
0.642611
0.319231
0.449552
0.185621
0.0328986
0.184452
0.76649
0.335803
0.294345
0.472552
0.770836
0.823869
0.685118
0.575818
0.072751
0.922183
0.553307
0.672314
0.865787
0.258425
0.0938584
0.166283
0.249448
0.580892
0.334539
0.263545
0.135709
0.217026
0.434176
0.493054
0.7149
0.224347
0.476374
0.0567873
0.0760811
0.593569
0.3719
0.755656
0.494448
0.359653
0.545555
0.182461
0.0881195
0.406738
0.800174
0.333422
0.45212
0.822361
0.361634
0.863231
0.910665
0.476445
0.573341
0.146916
0.0708089
0.0887935
0.204477
0.0231316
0.260735
0.329143
0.759575
0.642412
0.512864
0.796145
0.643272
0.951056
0.292525
0.282508
0.377068
0.883599
0.933186
0.195285
0.337579
0.847509
0.443656
0.911943
0.459386
0.252314
0.194668
0.169376
0.0105462
0.00737691
0.133941
0.16581
0.614025
0.590125
0.251068
0.172112
0.0815439
0.627802
0.61591
0.273254
0.993998
0.255192
0.515114
0.972632
0.170064
0.779039
0.0478549
0.277925
0.795701
0.523937
0.519888
0.439805
0.844851
0.937553
0.569104
0.532876
0.0271151
0.0345647
0.109268
0.756839
0.591832
0.654391
0.803737
0.806336
0.3588
0.549631
0.258442
0.42783
0.0115288
0.418235
0.802936
0.775058
0.375965
0.207375
0.428246
0.221105
0.731249
0.571341
0.957651
0.621339
0.493288
0.636643
0.0972934
0.789881
0.429445
0.247913
0.872234
0.201812
0.174982
0.827794
0.793632
0.118995
0.719251
0.728275
0.586199
0.820533
0.921005
0.482063
0.562862
0.167149
0.425337
0.338555
0.865228
0.0158432
0.736136
0.704432
0.362409
0.10731
0.0127704
0.0743926
0.55404
0.959956
0.492018
0.360135
0.361874
0.413631
0.588762
0.488537
0.192731
0.0721521
0.723116
0.182513
0.557103
0.701436
0.997717
0.0560211
0.244656
0.260925
0.965917
0.799996
0.470872
0.697532
0.0671536
0.216909
0.367925
0.837383
0.756531
0.242577
0.0158199
0.00131605
0.0366622
0.59548
0.184073
0.581649
0.845233
0.19323
0.835458
0.392828
0.614171
0.505992
0.956428
0.695969
0.0673391
0.267273
0.616878
0.352127
0.953407
0.779046
0.487208
0.442677
0.628165
0.932797
0.98397
0.17506
0.133543
0.178856
0.376347
0.142142
0.315679
0.327812
0.632702
0.603696
0.446635
0.23059
0.556538
0.895238
0.347814
0.184891
0.360278
0.235404
0.960567
0.138256
0.727981
0.896874
0.192289
0.341624
0.567681
0.132749
0.424819
0.647446
0.96277
0.521541
0.765091
0.895298
0.680377
0.0271005
0.623484
0.193573
0.332887
0.488799
0.919714
0.952802
0.734676
0.292028
0.754594
0.475068
0.937213
0.356092
0.0825113
0.13181
0.117475
0.458282
0.326882
0.702333
0.161977
0.338195
0.270476
0.486888
0.124859
0.450353
0.414756
0.197056
0.40553
0.0171035
0.546041
0.364267
0.620256
0.945289
0.899346
0.752868
0.832341
0.883076
0.219402
0.831553
0.625578
0.287698
0.548099
0.217085
0.992554
0.837037
0.802201
0.783781
0.169019
0.240509
0.447523
0.11467
0.352486
0.786462
0.847288
0.594752
0.140927
0.50932
0.403259
0.809328
0.927868
0.281361
0.377599
0.262702
0.274357
0.448822
0.458798
0.683013
0.295674
0.763886
0.613106
0.391903
0.669719
0.643028
0.658763
0.113919
0.281822
0.44458
0.148091
0.0569029
0.523088
0.146706
0.594761
0.644397
0.581045
0.0702081
0.611916
0.613659
0.895543
0.0836429
0.121468
0.654018
0.461692
0.912592
0.164755
0.851929
0.476107
0.0180619
0.917662
0.0893822
0.542224
0.184788
0.935691
0.52583
0.343586
0.0487069
0.291579
0.351053
0.397646
0.780445
0.703858
0.254584
0.722863
0.920831
0.792038
0.299371
0.463081
0.734087
0.754234
0.0530234
0.658927
0.609517
0.786425
0.514686
0.348226
0.114552
0.908015
0.331517
0.397132
0.798457
0.203694
0.433906
0.260348
0.19076
0.233368
0.0975651
0.0609685
0.461536
0.115197
0.784078
0.755024
0.648423
0.88572
0.296364
0.958783
0.350256
0.738231
0.845038
0.492773
0.388296
0.907606
0.745255
0.52871
0.598242
0.796815
0.497009
0.0762304
0.000980718
0.63644
0.947011
0.546225
0.874772
0.961312
0.745338
0.376496
0.390278
0.624466
0.20953
0.771538
0.55249
0.313131
0.463413
0.0287651
0.206527
0.668455
0.954548
0.704218
0.20015
0.44284
0.456103
0.986347
0.753316
0.677633
0.865593
0.540229
0.369436
0.889641
0.619906
0.168655
0.845412
0.676635
0.605462
0.79174
0.11563
0.167256
0.962331
0.322732
0.722716
0.246154
0.226072
0.332852
0.975089
0.595903
0.541839
0.239363
0.564473
0.147346
0.0986491
0.874591
0.218181
0.572122
0.00101578
0.423818
0.399962
0.756843
0.20976
0.0502511
0.104564
0.757842
0.289478
0.217741
0.27631
0.257661
0.998787
0.407431
0.588373
0.95719
0.409332
0.202687
0.421047
0.287096
0.555024
0.655804
0.45408
0.17413
0.564839
0.48731
0.826457
0.936074
0.947652
0.509932
0.209527
0.506153
0.95927
0.189158
0.184748
0.625304
0.729417
0.394141
0.220782
0.128841
0.655758
0.0685458
0.417507
0.451898
0.23493
0.14173
0.544223
0.663234
0.405284
0.855952
0.16987
0.106035
0.187072
0.623506
0.694437
0.692541
0.143759
0.335851
0.579261
0.400541
0.330081
0.980875
0.182204
0.106841
0.971512
0.708908
0.380562
0.837193
0.325442
0.816462
0.0650817
0.304038
0.852273
0.150921
0.97396
0.451837
0.976838
0.310455
0.97377
0.0624409
0.00513962
0.820907
0.458734
0.436329
0.992932
0.78361
0.110666
0.124939
0.011776
0.84217
0.825659
0.728633
0.951879
0.718087
0.562698
0.196863
0.02246
0.989228
0.502657
0.893291
0.899013
0.675022
0.928765
0.159237
0.118417
0.959917
0.262815
0.18281
0.0892537
0.912964
0.732762
0.836208
0.874195
0.195988
0.130794
0.676414
0.778346
0.814069
0.376429
0.630093
0.462677
0.237017
0.36314
0.835923
0.672113
0.465137
0.481919
0.74955
0.256645
0.551383
0.829949
0.699416
0.660511
0.918343
0.382215
0.606009
0.804645
0.684624
0.18979
0.251663
0.793316
0.771738
0.238212
0.240626
0.295226
0.399393
0.126759
0.266208
0.096884
0.762333
0.794481
0.368578
0.172457
0.252772
0.607948
0.107306
0.786473
0.054802
0.131462
0.789698
0.426954
0.765662
0.621633
0.610796
0.696228
0.836584
0.929991
0.513997
0.26047
0.985462
0.170865
0.23136
0.328975
0.69541
0.734813
0.987765
0.308445
0.82722
0.424165
0.149455
0.820566
0.0579827
0.486909
0.280538
0.403725
0.0999471
0.864425
0.974577
0.318598
0.70881
0.19018
0.00533104
0.97599
0.583745
0.0291093
0.0623823
0.792893
0.0858918
0.986226
0.094151
0.605274
0.919896
0.999285
0.281531
0.125217
0.665225
0.131676
0.337899
0.984265
0.410052
0.171961
0.321998
0.46829
0.298801
0.405699
0.8244
0.592919
0.0921263
0.0396734
0.329944
0.319209
0.861023
0.321073
0.0703903
0.750245
0.669496
0.703221
0.785093
0.520006
0.986189
0.170349
0.742911
0.381937
0.0165963
0.65788
0.104949
0.478107
0.0449407
0.409366
0.402669
0.828879
0.0679714
0.0203981
0.466002
0.292071
0.810284
0.163601
0.67652
0.320346
0.91934
0.803531
0.775477
0.173053
0.504053
0.738489
0.678364
0.347087
0.928203
0.0968074
0.608
0.56999
0.0924055
0.923105
0.347318
0.0932755
0.498032
0.0766902
0.239953
0.736638
0.814165
0.597264
0.659177
0.322652
0.0640139
0.646242
0.670102
0.121103
0.978586
0.685319
0.391763
0.663016
0.569878
0.193855
0.708498
0.913661
0.0593228
0.845633
0.286857
0.0945535
0.43425
0.462564
0.846453
0.356151
0.0391421
0.442904
0.0510664
0.621288
0.651504
0.835913
0.688806
0.996398
0.82513
0.321232
0.675032
0.591323
0.256062
0.47329
0.2355
0.963623
0.356905
0.679004
0.0250255
0.93031
0.900546
0.667119
0.242906
0.545921
0.770553
0.942392
0.573094
0.663964
0.757224
0.546223
0.276135
0.868449
0.658774
0.942465
0.481497
0.529224
0.348617
0.814153
0.881983
0.301046
0.0829062
0.921594
0.0443125
0.210022
0.247173
0.588205
0.567988
0.366589
0.545303
0.928062
0.713697
0.782438
0.855349
0.594327
0.966442
0.376461
0.6207
0.00347559
0.600366
0.315342
0.686469
0.97504
0.693066
0.787091
0.372991
0.225788
0.437519
0.246454
0.713185
0.781993
0.978413
0.351602
0.04905
0.14143
0.534488
0.140099
0.434349
0.851661
0.155919
0.533178
0.843969
0.403279
0.22105
0.73173
0.332621
0.202232
0.533884
0.351842
0.772319
0.526863
0.695406
0.775648
0.354071
0.341595
0.0595313
0.853924
0.857777
0.585428
0.0384792
0.136162
0.937576
0.940867
0.501638
0.723548
0.968693
0.385183
0.444263
0.798764
0.955738
0.204798
0.634108
0.198086
0.67991
0.195254
0.44058
0.0267234
0.700587
0.959876
0.0961931
0.404571
0.531373
0.452565
0.0367113
0.74983
0.756278
0.982907
0.235961
0.501649
0.981823
0.0200882
0.333963
0.445844
0.247499
0.407261
0.311928
0.591742
0.221067
0.547577
0.172364
0.261541
0.536279
0.170993
0.933674
0.26065
0.807089
0.267143
0.861273
0.919075
0.961367
0.410437
0.565583
0.806916
0.834477
0.151701
0.953795
0.0646813
0.673362
0.454859
0.298734
0.740845
0.0183827
0.77252
0.374533
0.14062
0.0152196
0.642209
0.91432
0.963148
0.693464
0.412846
0.997267
0.597537
0.231778
0.552947
0.51782
0.175775
0.279997
0.0277235
0.993812
0.313277
0.563412
0.448387
0.716535
0.532546
0.259577
0.485883
0.937383
0.445513
0.987919
0.701938
0.44393
0.304804
0.130561
0.187741
0.743407
0.619363
0.0212187
0.826114
0.102603
0.417374
0.178639
0.624282
0.067852
0.337513
0.0714295
0.325073
0.703547
0.102678
0.200661
0.724759
0.757728
0.799189
0.862383
0.0419669
0.12275
0.625969
0.560071
0.936916
0.36054
0.925639
0.401605
0.922288
0.477012
0.0521819
0.130043
0.891561
0.549073
0.313632
0.86429
0.17888
0.939237
0.355021
0.795646
0.224084
0.605011
0.0747845
0.598768
0.721208
0.0693111
0.811443
0.239091
0.658689
0.82948
0.0673837
0.230463
0.400975
0.930037
0.579798
0.722362
0.806815
0.91074
0.888674
0.550306
0.128069
0.88845
0.627458
0.50926
0.289421
0.878842
0.169426
0.520069
0.225345
0.0712088
0.753854
0.434113
0.763533
0.314179
0.198919
0.311061
0.517631
0.948611
0.34739
0.927164
0.216624
0.951477
0.707303
0.814111
0.589859
0.465135
0.719816
0.546856
0.488123
0.732872
0.743643
0.517753
0.401138
0.515279
0.379211
0.746992
0.385551
0.713335
0.0117473
0.0480083
0.00604726
0.381828
0.432774
0.221955
0.983471
0.00880731
0.762253
0.997138
0.511397
0.00951991
0.453251
0.725948
0.726651
0.202035
0.388227
0.940247
0.586134
0.68048
0.597865
0.75239
0.80455
0.283182
0.232902
0.747568
0.844034
0.788602
0.536203
0.887406
0.92243
0.301914
0.791974
0.44678
0.233282
0.978456
0.823606
0.0165223
0.065092
0.44478
0.479223
0.97366
0.193982
0.92015
0.749168
0.866456
0.132461
0.226278
0.423055
0.170882
0.784099
0.434904
0.392534
0.6041
0.421928
0.894151
0.372877
0.353749
0.226282
0.567016
0.64128
0.392539
0.840567
0.999045
0.718051
0.658124
0.392485
0.516181
0.25071
0.91919
0.451051
0.36576
0.858504
0.21982
0.620238
0.100056
0.670495
0.963851
0.488279
0.427964
0.714902
0.00618081
0.943875
0.610275
0.317674
0.0647297
0.329464
0.0503193
0.0276069
0.829596
0.326005
0.555995
0.243084
0.26821
0.0585904
0.561599
0.267488
0.719131
0.788928
0.857418
0.718384
0.813381
0.23688
0.759474
0.467964
0.410488
0.472666
0.55758
0.163416
0.405071
0.274111
0.122262
0.0865016
0.235964
0.585755
0.0640687
0.0387173
0.469373
0.391324
0.375034
0.115105
0.15507
0.966854
0.313192
0.845574
0.463373
0.57365
0.907093
0.0831752
0.0629594
0.539715
0.0674585
0.206099
0.92603
0.132722
0.32494
0.332431
0.847791
0.320998
0.813124
0.138377
0.509908
0.531307
0.649459
0.99243
0.939644
0.829863
0.417886
0.0968086
0.723656
0.968513
0.328149
0.446533
0.302591
0.750239
0.83969
0.115366
0.542908
0.882134
0.332869
0.752007
0.967997
0.511106
0.74595
0.471537
0.412483
0.995371
0.150628
0.464271
0.291127
0.0770897
0.908373
0.681325
0.465514
0.818424
0.449602
0.614135
0.134607
0.681127
0.681902
0.340753
0.025353
0.611079
0.614649
0.198184
0.141277
0.48289
0.757186
0.34688
0.63385
0.720695
0.196206
0.466319
0.155455
0.201143
0.694316
0.361441
0.964833
0.930632
0.603558
0.526778
0.685625
0.645132
0.501443
0.0227673
0.0343484
0.987421
0.0980894
0.33778
0.0730218
0.759563
0.715253
0.366773
0.109445
0.820624
0.304223
0.0162787
0.739611
0.299712
0.0711162
0.185302
0.645054
0.127592
0.0553716
0.568142
0.535399
0.567595
0.919113
0.63028
0.443699
0.965985
0.429336
0.630379
0.789029
0.767166
0.047978
0.264637
0.0355615
0.780146
0.302184
0.614901
0.187094
0.475879
0.522364
0.96608
0.0166148
0.883127
0.661765
0.754579
0.06656
0.481967
0.519711
0.607356
0.760297
0.824343
0.271615
0.97626
0.10122
0.801207
0.971326
0.266728
0.533432
0.293567
0.0631318
0.26165
0.697036
0.0639217
0.0681727
0.864972
0.599818
0.245151
0.858478
0.205876
0.682753
0.652379
0.385212
0.580257
0.385173
0.772084
0.68882
0.844808
0.0911163
0.970761
0.508999
0.159893
0.204821
0.91769
0.0720934
0.496092
0.972544
0.0442735
0.621598
0.327954
0.420771
0.0834711
0.151586
0.345144
0.267059
0.270956
0.499743
0.880411
0.197555
0.974812
0.571282
0.806209
0.781782
0.589188
0.831524
0.764457
0.266432
0.121957
0.375965
0.299884
0.280287
0.575845
0.633734
0.45629
0.285308
0.921875
0.0737338
0.0123733
0.586576
0.0545119
0.8714
0.281718
0.496929
0.867343
0.285663
0.438033
0.440429
0.670117
0.13683
0.966497
0.440678
0.162762
0.131966
0.0556203
0.612377
0.575791
0.438918
0.658405
0.46351
0.271933
0.666122
0.34997
0.495517
0.879729
0.784276
0.930659
0.703296
0.101232
0.268039
0.564661
0.0378817
0.814258
0.300141
0.856295
0.0831135
0.492307
0.944435
0.0575594
0.463044
0.716308
0.154837
0.135792
0.657699
0.481638
0.959226
0.929955
0.748153
0.847877
0.474978
0.465228
0.393573
0.380006
0.128818
0.711332
0.287549
0.837107
0.839397
0.849873
0.142036
0.133093
0.466824
0.305644
0.566608
0.0849712
0.748208
0.398192
0.179496
0.645193
0.649807
0.141306
0.00444139
0.859575
0.721215
0.273813
0.242302
0.781142
0.000291831
0.515903
0.39558
0.989501
0.373266
0.938079
0.473519
0.607354
0.345378
0.488011
0.589722
0.0695994
0.945026
0.583402
0.126776
0.0909978
0.208898
0.342272
0.195141
0.907047
0.335952
0.737697
0.237605
0.947083
0.332179
0.64027
0.17532
0.562498
0.692171
0.412771
0.775359
0.60641
0.493077
0.168531
0.229861
0.780559
0.0452758
0.874589
0.0290944
0.373048
0.0050518
0.70631
0.809708
0.8558
0.378941
0.13096
0.158496
0.748224
0.127673
0.459687
0.513204
0.0449498
0.818605
0.562224
0.95617
0.618164
0.907044
0.244759
0.443494
0.512901
0.39533
0.763126
0.920372
0.536696
0.689258
0.0516228
0.879245
0.489571
0.0283162
0.619124
0.727452
0.67906
0.712085
0.482091
0.319683
0.816642
0.00138389
0.907972
0.121066
0.201627
0.77972
0.727981
0.611386
0.377655
0.277135
0.297482
0.10039
0.712897
0.0625254
0.243091
0.448281
0.0318721
0.498321
0.502956
0.0923578
0.344372
0.538298
0.0608424
0.057777
0.611779
0.469341
0.572852
0.533144
0.505588
0.503722
0.820883
0.344941
0.296074
0.291627
0.788839
0.961858
0.815796
0.934259
0.991757
0.163112
0.234403
0.145045
0.496448
0.344651
0.925501
0.257852
0.51311
0.713336
0.677093
0.963305
0.325136
0.900173
0.974234
0.332405
0.129698
0.346492
0.0525615
0.94471
0.711633
0.187551
0.276692
0.0791519
0.0508034
0.250941
0.437049
0.970466
0.408033
0.645776
0.487516
0.323585
0.242499
0.655054
0.675763
0.571104
0.736159
0.138672
0.965741
0.932766
0.646519
0.257919
0.0414865
0.0874473
0.742332
0.362271
0.343124
0.312426
0.918326
0.623036
0.756152
0.115891
0.11171
0.211752
0.396246
0.739386
0.888298
0.228792
0.952825
0.208657
0.718991
0.382745
0.230543
0.854432
0.873768
0.765976
0.720016
0.118014
0.0223171
0.597095
0.505041
0.927878
0.206016
0.106594
0.747175
0.629315
0.149807
0.895897
0.959863
0.234683
0.885086
0.139733
0.779677
0.221096
0.483217
0.432835
0.854201
0.0380777
0.136683
0.379177
0.593579
0.421291
0.810828
0.128617
0.0807019
0.280277
0.819199
0.894012
0.514848
0.797016
0.701697
0.412511
0.692896
0.115948
0.115252
0.697378
0.634747
0.0212219
0.646034
0.0797251
0.365503
0.898742
0.740964
0.250085
0.812505
0.402861
0.711504
0.0336318
0.903155
0.143276
0.0175087
0.194715
0.308335
0.648099
0.982861
0.359531
0.321283
0.334577
0.573311
0.832391
0.454349
0.43844
0.882378
0.791917
0.243606
0.244111
0.181594
0.188316
0.147844
0.667506
0.611132
0.18993
0.393878
0.636123
0.286796
0.783712
0.140904
0.871553
0.406266
0.125907
0.805246
0.910119
0.134729
0.440756
0.102198
0.519703
0.076946
0.119699
0.0287605
0.324951
0.0951383
0.593594
0.241333
0.398182
0.361784
0.416623
0.0933189
0.987043
0.751703
0.662499
0.913052
0.328745
0.0431049
0.509695
0.252483
0.759946
0.633298
0.0697284
0.0580175
0.904826
0.458491
0.846974
0.649346
0.664467
0.0716874
0.434622
0.588911
0.809803
0.0676239
0.342636
0.938818
0.188289
0.594663
0.381948
0.89497
0.600125
0.0625312
0.425584
0.627387
0.211054
0.499931
0.23152
0.515109
0.591912
0.651898
0.412158
0.423652
0.975512
0.803907
0.608556
0.719149
0.683006
0.605216
0.979747
0.23858
0.697465
0.620915
0.723274
0.238715
0.573294
0.910086
0.445826
0.632691
0.0068108
0.202071
0.714657
0.703723
0.914496
0.976097
0.422176
0.478036
0.449126
0.349516
0.0373641
0.467428
0.426468
0.711267
0.216799
0.386058
0.751826
0.720446
0.392178
0.442362
0.960421
0.00210272
0.0962438
0.0481423
0.471052
0.64674
0.159428
0.321527
0.87033
0.645945
0.198824
0.0438191
0.985048
0.519809
0.691277
0.123606
0.87216
0.614296
0.50441
0.892342
0.586892
0.526605
0.15274
0.377928
0.826385
0.668453
0.819258
0.156524
0.654058
0.571582
0.872822
0.454385
0.572656
0.803815
0.224508
0.253442
0.534405
0.58071
0.376104
0.545428
0.0763212
0.766823
0.864795
0.28481
0.887779
0.0574651
0.41162
0.621746
0.714853
0.968567
0.318583
0.670531
0.75954
0.747079
0.379847
0.310178
0.538118
0.511683
0.0945968
0.652138
0.636933
0.564119
0.580095
0.0818437
0.779764
0.752219
0.0389812
0.828547
0.151314
0.549825
0.659604
0.390465
0.777868
0.835749
0.615498
0.794719
0.938886
0.549453
0.5421
0.465272
0.78135
0.977078
0.136359
0.67458
0.459669
0.536197
0.947576
0.339855
0.874507
0.895468
0.0739961
0.872695
0.29907
0.0570832
0.38654
0.387788
0.445395
0.772389
0.574311
0.714949
0.638506
0.137588
0.220946
0.137764
0.254634
0.366374
0.219693
0.80664
0.181166
0.155516
0.0305152
0.455495
0.229573
0.499641
0.955303
0.907138
0.856072
0.681045
0.107156
0.306516
0.614617
0.023726
0.894888
0.903437
0.098249
0.0786357
0.421642
0.253544
0.0518786
0.576429
0.462593
0.0606367
0.414896
0.777863
0.865716
0.593956
0.547157
0.959988
0.00500126
0.135604
0.297062
0.544037
0.969271
0.607421
0.0946342
0.800437
0.622836
0.160757
0.323459
0.815808
0.626234
0.760676
0.989519
0.290708
0.524528
0.738116
0.527623
0.225789
0.634264
0.905876
0.551232
0.275106
0.69405
0.529484
0.761781
0.781549
0.0623714
0.510916
0.110594
0.700364
0.0931913
0.286801
0.890346
0.858166
0.607034
0.774565
0.682821
0.538555
0.983639
0.237432
0.183122
0.139844
0.181387
0.106208
0.754004
0.679742
0.257005
0.922363
0.252862
0.946938
0.00352604
0.889457
0.0521143
0.997297
0.901153
0.68095
0.293972
0.99606
0.408976
0.700817
0.0544102
0.806402
0.908909
0.884101
0.228732
0.564755
0.50883
0.21908
0.301511
0.266347
0.0504868
0.738463
0.654533
0.268576
0.649081
0.938049
0.34424
0.919792
0.983689
0.0173761
0.210236
0.207208
0.398117
0.484655
0.342713
0.517244
0.166179
0.42009
0.141861
0.0976307
0.498371
0.846488
0.967997
0.542591
0.961844
0.418901
0.447427
0.186114
0.864575
0.127199
0.325032
0.43559
0.198528
0.424617
0.0178786
0.217197
0.295062
0.575217
0.121359
0.399818
0.237114
0.883912
0.665637
0.536607
0.0840468
0.570634
0.249569
0.88963
0.352198
0.51788
0.844424
0.516418
0.181789
0.00709599
0.332235
0.387286
0.90233
0.319273
0.213622
0.914569
0.946045
0.0699911
0.596455
0.911466
0.382994
0.146615
0.987537
0.517187
0.862186
0.789149
0.700989
0.840963
0.00829837
0.786597
0.234537
0.460997
0.880837
0.933757
0.832343
0.0924549
0.957514
0.201855
0.953167
0.994428
0.2309
0.819132
0.516993
0.458792
0.850386
0.339429
0.851921
0.109838
0.712287
0.409426
0.165329
0.994347
0.380348
0.34592
0.296488
0.465637
0.556684
0.72734
0.368721
0.726543
0.337508
0.318553
0.862887
0.315877
0.966144
0.0213205
0.414511
0.67774
0.493524
0.817061
0.347007
0.77625
0.398298
0.392712
0.364558
0.19926
0.998198
0.269504
0.930701
0.679223
0.56346
0.649754
0.361345
0.949401
0.0528751
0.125846
0.491662
0.507396
0.93287
0.0323046
0.581509
0.489852
0.678451
0.146323
0.768943
0.442975
0.328827
0.140579
0.450009
0.430029
0.386031
0.557311
0.258085
0.432604
0.876427
0.903191
0.359012
0.316407
0.486028
0.96564
0.309419
0.340606
0.243121
0.7342
0.203948
0.0440061
0.636705
0.892977
0.940227
0.75002
0.676279
0.155847
0.555015
0.45978
0.0359088
0.575125
0.346045
0.769655
0.870444
0.103101
0.225801
0.0327143
0.399983
0.266766
0.00852619
0.316699
0.154935
0.878092
0.381541
0.983029
0.551574
0.700394
0.64685
0.768263
0.888943
0.286964
0.147879
0.0929742
0.053277
0.568896
0.0468129
0.61154
0.28525
0.868641
0.936886
0.564244
0.876815
0.934408
0.0263223
0.771137
0.155198
0.314425
0.400401
0.742165
0.587658
0.311817
0.458131
0.653409
0.276481
0.179339
0.0516814
0.294348
0.952754
0.833451
0.370262
0.621491
0.231873
0.800543
0.164658
0.511595
0.244237
0.37223
0.681673
0.601041
0.650943
0.965127
0.56597
0.791428
0.814758
0.783724
0.105338
0.815531
0.808306
0.309036
0.378314
0.0696775
0.760281
0.523289
0.163006
0.261254
0.490962
0.680816
0.654508
0.983152
0.66394
0.80265
0.105535
0.456047
0.94373
0.768355
0.160003
0.876485
0.529775
0.171005
0.819785
0.232054
0.535791
0.16372
0.317471
0.408841
0.0679313
0.938912
0.527676
0.891675
0.562819
0.730648
0.520434
0.471231
0.483079
0.208951
0.245131
0.907197
0.308195
0.641222
0.653752
0.392762
0.845618
0.435328
0.568211
0.518393
0.133234
0.762685
0.727184
0.994253
0.990405
0.405313
0.390881
0.0687543
0.950393
0.202325
0.0340406
0.940186
0.690517
0.318594
0.633457
0.719799
0.95487
0.757804
0.190361
0.045058
0.593776
0.236343
0.972865
0.294259
0.949022
0.772255
0.790867
0.707804
0.0874963
0.579972
0.915481
0.422765
0.990478
0.457938
0.236325
0.477979
0.87217
0.580297
0.340431
0.904985
0.428845
0.129178
0.542805
0.900033
0.577508
0.610986
0.865803
0.244989
0.667363
0.974787
0.63667
0.237031
0.244523
0.185907
0.0523873
0.681936
0.194859
0.00209668
0.770018
0.442796
0.925042
0.0581812
0.55912
0.711045
0.579835
0.599204
0.259628
0.8315
0.0152962
0.329442
0.901548
0.0760818
0.202507
0.788983
0.758332
0.286322
0.242966
0.761017
0.439229
0.513469
0.522102
0.687843
0.711109
0.553854
0.46727
0.574445
0.630082
0.139437
0.635684
0.934214
0.529027
0.188546
0.62946
0.936949
0.439342
0.295452
0.781303
0.916143
0.332546
0.0415151
0.306281
0.0481802
0.0778388
0.903513
0.272207
0.504372
0.871537
0.830658
0.371718
0.277766
0.968976
0.931701
0.120352
0.686713
0.422739
0.284074
0.262567
0.148876
0.00585131
0.431729
0.316459
0.00147337
0.0962376
0.616366
0.271111
0.12125
0.759609
0.784038
0.380292
0.982168
0.0508907
0.677498
0.153416
0.0978104
0.337191
0.272334
0.37888
0.952679
0.62452
0.00643776
0.144495
0.362206
0.0612867
0.908284
0.131843
0.451488
0.328008
0.226899
0.211812
0.250311
0.0573742
0.5384
0.781991
0.315568
0.0333274
0.74009
0.0563601
0.266945
0.18237
0.689005
0.305836
0.0189595
0.503875
0.499426
0.98575
0.579729
0.516497
0.341458
0.872653
0.238016
0.671349
0.794772
0.336496
0.855263
0.86461
0.878678
0.232207
0.804764
0.756764
0.428835
0.612929
0.248444
0.375297
0.805329
0.520231
0.211756
0.464057
0.435919
0.937872
0.0139958
0.485735
0.51783
0.017258
0.646274
0.0430949
0.573318
0.775488
0.679974
0.937317
0.386725
0.480361
0.158673
0.0247722
0.208234
0.189406
0.00619231
0.581746
0.712734
0.688855
0.00911702
0.874207
0.928128
0.139489
0.046245
0.109366
0.729169
0.804008
0.488909
0.688952
0.220061
0.498334
0.539993
0.681094
0.7472
0.039262
0.577078
0.387452
0.894588
0.58383
0.58408
0.732473
0.776803
0.971496
0.669823
0.588876
0.572411
0.0568354
0.0612548
0.942936
0.50504
0.595292
0.309889
0.578778
0.507025
0.0232666
0.654979
0.525493
0.37465
0.931203
0.344881
0.38593
0.2842
0.107628
0.433996
0.591664
0.679766
0.645466
0.257988
0.0640061
0.519208
0.130246
0.962246
0.383592
0.0818856
0.722606
0.541542
0.777671
0.565274
0.823208
0.67272
0.639874
0.748076
0.753867
0.923286
0.23598
0.451842
0.76023
0.839527
0.273762
0.424685
0.863364
0.0071812
0.396856
0.788766
0.353427
0.890685
0.891985
0.183703
0.690373
0.455027
0.184773
0.202685
0.385188
0.0248195
0.469577
0.315209
0.180123
0.212144
0.219628
0.0143591
0.0960838
0.128173
0.720674
0.888181
0.206963
0.469788
0.248148
0.320851
0.339975
0.834024
0.367371
0.86329
0.262746
0.0589623
0.100043
0.41402
0.745239
0.224829
0.608341
0.315089
0.589777
0.784689
0.559454
0.546854
0.186239
0.148086
0.626019
0.307381
0.221626
0.836822
0.548136
0.451755
0.171914
0.400134
0.94576
0.264342
0.416622
0.852874
0.460145
0.719973
0.998594
0.127808
0.872516
0.291326
0.927804
0.460324
0.368687
0.168958
0.691885
0.706061
0.0801314
0.82309
0.44961
0.19032
0.144109
0.654476
0.877701
0.0703766
0.715544
0.213524
0.415551
0.531612
0.277913
0.426914
0.775242
0.0159957
0.104703
0.429781
0.0926127
0.583053
0.401001
0.0862874
0.494981
0.321684
0.309202
0.87504
0.627115
0.264926
0.115236
0.458017
0.752414
0.713969
0.382166
0.537962
0.343226
0.363808
0.825757
0.291652
0.97362
0.658488
0.209103
0.153226
0.179328
0.812653
0.767343
0.577266
0.571337
0.748269
0.293991
0.856365
0.668927
0.547219
0.361488
0.479352
0.910575
0.0544967
0.763007
0.927427
0.331736
0.0319136
0.421705
0.405603
0.160457
0.2135
0.207911
0.641861
0.737115
0.112589
0.542928
0.558055
0.844249
0.244412
0.778195
0.983308
0.835966
0.230779
0.266758
0.456651
0.452261
0.125141
0.155734
0.0218236
0.428721
0.223306
0.307637
0.380339
0.972542
2.01599e-05
0.707766
0.122402
0.846004
0.933156
0.255921
0.438425
0.622013
0.550675
0.213662
0.822475
0.0650696
0.671965
0.74214
0.0649666
0.425947
0.532377
0.0980289
0.203402
0.569067
0.201411
0.0526503
0.12156
0.596387
0.761346
0.0773176
0.879784
0.277693
0.340265
0.630185
0.498975
0.900393
0.934155
0.539208
0.341788
0.836773
0.555801
0.773707
0.125645
0.386686
0.568614
0.823661
0.309456
0.450773
0.962731
0.170319
0.621127
0.954516
0.076209
0.86162
0.994341
0.276278
0.0297619
0.647831
0.475191
0.301336
0.509353
0.35198
0.71261
0.165897
0.983344
0.729962
0.588305
0.776042
0.87244
0.819522
0.155107
0.261085
0.400132
0.207008
0.276838
0.592339
0.0438805
0.496148
0.793672
0.578835
0.794117
0.00315882
0.426402
0.721979
0.326994
0.00482904
0.389367
0.32119
0.131358
0.127517
0.369317
0.59037
0.430857
0.300334
0.367066
0.157992
0.144695
0.43922
0.267263
0.437297
0.277882
0.232861
0.932196
0.192283
0.0727538
0.337946
0.297769
0.88321
0.443132
0.450351
0.22927
0.714261
0.0120442
0.309412
0.773261
0.856787
0.251065
0.142338
0.578143
0.183661
0.447875
0.511363
0.463964
0.592206
0.588594
0.352829
0.872778
0.151931
0.719276
0.278898
0.85105
0.89479
0.339086
0.251786
0.588626
0.0445588
0.175072
0.558825
0.803977
0.301439
8.69801e-05
0.854412
0.518553
0.870362
0.592691
0.851123
0.256065
0.127474
0.51829
0.214557
0.343581
0.00858521
0.0582767
0.241426
0.844907
0.694282
0.658458
0.0931434
0.443521
0.246093
0.94608
0.551814
0.189335
0.272353
0.318711
0.514645
0.963938
0.195938
0.887099
0.518056
0.492174
0.452057
0.112799
0.474254
0.0796684
0.125096
0.681371
0.219798
0.488167
0.769741
0.260682
0.345478
0.631487
0.0531007
0.985278
0.746069
0.398975
0.46945
0.361937
0.262519
0.861313
0.754837
0.294666
0.271814
0.512262
0.270815
0.972228
0.913894
0.83269
0.00970294
0.246568
0.35204
0.269456
0.941396
0.0612515
0.783382
0.297104
0.0858537
0.576729
0.308514
0.326831
0.336984
0.401314
0.91146
0.253011
0.032227
0.197111
0.0898054
0.947163
0.376109
0.71886
0.725032
0.243317
0.872515
0.797011
0.92884
0.284269
0.155251
0.0369968
0.39535
0.548317
0.254256
0.123359
0.502971
0.640329
0.0889438
0.0452582
0.533621
0.855005
0.502679
0.66024
0.119957
0.605954
0.574252
0.553555
0.820949
0.719917
0.362947
0.804612
0.709073
0.13557
0.231783
0.120454
0.393804
0.191566
0.985902
0.82467
0.089945
0.0657244
0.265662
0.791653
0.468383
0.319803
0.921416
0.889236
0.122585
0.351543
0.912633
0.542679
0.786798
0.953299
0.0299233
0.27103
0.910412
0.37661
0.315652
0.490606
0.00514779
0.212656
0.306723
0.453612
0.233953
0.0841367
0.460121
0.222719
0.118142
0.325493
0.635076
0.311247
0.836247
0.382369
0.0510937
0.685806
0.427048
0.121167
0.443152
0.782898
0.0618475
0.294745
0.38757
0.987948
0.40735
0.406633
0.136345
0.526003
0.669674
0.655399
0.405184
0.185365
0.119608
0.681262
0.0104543
0.912645
0.395824
0.793203
0.111353
0.660108
0.53163
0.197272
0.122732
0.420182
0.0358122
0.602579
0.627192
0.040055
0.282155
0.233759
0.306764
0.970346
0.446574
0.666934
0.978202
0.770913
0.0158827
0.626126
0.163639
0.0852844
0.936913
0.680613
0.641012
0.420587
0.456769
0.0790539
0.445864
0.855971
0.0209537
0.307873
0.656169
0.579526
0.861142
0.589979
0.771934
0.65785
0.452485
0.822431
0.857198
0.816309
0.404269
0.42137
0.0684839
0.300556
0.838989
0.38874
0.443917
0.555989
0.403657
0.483928
0.533408
0.862976
0.952463
0.676212
0.743186
0.969371
0.0694349
0.729152
0.247332
0.841906
0.110025
0.6402
0.553041
0.994641
0.696806
0.198559
0.8323
0.431971
0.690647
0.758592
0.956378
0.458429
0.877656
0.738156
0.765531
0.75647
0.985227
0.780509
0.918087
0.921624
0.408017
0.0605983
0.102572
0.683222
0.145556
0.123616
0.344782
0.345949
0.105181
0.823805
0.448163
0.486467
0.00360524
0.449172
0.588984
0.9605
0.722897
0.693609
0.0346353
0.055331
0.975922
0.649008
0.619891
0.803171
0.565165
0.96937
0.726596
0.601296
0.148764
0.496201
0.260545
0.320076
0.248752
0.275294
0.667209
0.881586
0.957989
0.541302
0.00649389
0.126796
0.351705
0.0565337
0.11529
0.83233
0.633549
0.478524
0.993752
0.568469
0.409675
0.16797
0.793991
0.194821
0.771811
0.161418
0.674098
0.0614566
0.884042
0.704912
0.780764
0.220121
0.0297925
0.715105
0.683498
0.357504
0.325406
0.398769
0.614843
0.851747
0.00373665
0.772225
0.25466
0.842045
0.993118
0.387083
0.882414
0.913102
0.860338
0.752352
0.327473
0.761476
0.666147
0.966137
0.0611659
0.765785
0.23227
0.309674
0.251305
0.869941
0.292688
0.0456891
0.864872
0.65684
0.27053
0.591356
0.650887
0.394369
0.475508
0.449188
0.72516
0.537501
0.564489
0.779041
0.642723
0.437221
0.57716
0.939187
0.381587
0.5129
0.896363
0.528543
0.141718
0.96957
0.453786
0.896475
0.822649
0.271676
0.49022
0.37787
0.487939
0.412902
0.488353
0.942784
0.0293159
0.846391
0.546469
0.961279
0.051168
0.466154
0.693757
0.47075
0.119169
0.870081
0.421139
0.947147
0.836128
0.305281
0.19337
0.0311503
0.573227
0.121247
0.815138
0.0100194
0.414014
0.565796
0.361171
0.826254
0.248993
0.589035
0.782004
0.852294
0.746176
0.614442
0.315762
0.169445
0.842277
0.542311
0.243557
0.308533
0.643549
0.524384
0.312133
0.695129
0.356795
0.150782
0.0211968
0.895532
0.720666
0.888975
0.862179
0.339238
0.974574
0.0832822
0.146453
0.813793
0.75579
0.142374
0.139569
0.659489
0.491628
0.197774
0.407766
0.36118
0.358987
0.400997
0.386687
0.925879
0.1924
0.939594
0.721325
0.987074
0.77765
0.997975
0.640949
0.585724
0.682912
0.378906
0.982151
0.795446
0.534241
0.853508
0.134949
0.193878
0.786582
0.945277
0.557467
0.197833
0.393757
0.607201
0.199462
0.697601
0.128115
0.856773
0.527785
0.622285
0.898641
0.0341648
0.41045
0.0768636
0.489904
0.992874
0.161945
0.701929
0.386607
0.674881
0.0708415
0.764719
0.421815
0.525015
0.93076
0.196873
0.0220901
0.829526
0.90495
0.00867792
0.919247
0.995472
0.619738
0.0457461
0.924737
0.100656
0.0680012
0.382883
0.255833
0.724794
0.794734
0.398268
0.968628
0.513838
0.235368
0.0221702
0.266131
0.429908
0.0052247
0.247783
0.253615
0.904061
0.6357
0.822962
0.520124
0.749498
0.678286
0.362819
0.615428
0.726408
0.429265
0.842255
0.915374
0.000216261
0.662187
0.609269
0.843917
0.732722
0.807403
0.424786
0.234107
0.9267
0.821883
0.459886
0.519034
0.0516562
0.60113
0.199797
0.171527
0.460378
0.969548
0.505375
0.551901
0.117757
0.0365285
0.0126532
0.238134
0.566454
0.731665
0.111422
0.633535
0.615871
0.561645
0.0928768
0.772787
0.135431
0.710003
0.00857394
0.846545
0.140423
0.394283
0.309007
0.0747705
0.564993
0.487232
0.557005
0.685343
0.614769
0.602121
0.222017
0.372073
0.18001
0.658745
0.695716
0.658147
0.674085
0.126248
0.822841
0.989593
0.952877
0.14061
0.165855
0.509286
0.18589
0.196293
0.325912
0.664961
0.113375
0.509481
0.490386
0.903071
0.865567
0.0599297
0.189401
0.481168
0.176663
0.0735957
0.397418
0.150684
0.53991
0.861668
0.644238
0.34414
0.669993
0.7549
0.892103
0.239334
0.0199373
0.855439
0.437741
0.329926
0.403165
0.68066
0.0120649
0.0381079
0.764926
0.922589
0.234099
0.560112
0.50473
0.638808
0.443915
0.107709
0.552808
0.591509
0.162699
0.535594
0.635348
0.244607
0.633481
0.0315068
0.217781
0.417242
0.366675
0.0677898
0.791723
0.797102
0.789966
0.613041
0.174196
0.679016
0.077856
0.0928909
0.928938
0.372159
0.264303
0.650382
0.916475
0.890751
0.730627
0.738707
0.255993
0.704773
0.174593
0.300457
0.968016
0.594212
0.926037
0.0351677
0.498804
0.856675
0.856556
0.286708
0.847757
0.316583
0.668835
0.618509
0.676853
0.546129
0.734509
0.381168
0.531264
0.423842
0.223918
0.675674
0.00416314
0.335175
0.53848
0.707281
0.603918
0.888433
0.17502
0.209423
0.402188
0.625422
0.435638
0.462534
0.836961
0.714339
0.817304
0.476151
0.801695
0.606868
0.599271
0.650182
0.262894
0.924772
0.876815
0.157386
0.912655
0.935069
0.00617468
0.337101
0.984904
0.617285
0.723636
0.472423
0.4556
0.98036
0.833335
0.820044
0.925693
0.628265
0.731849
0.0235342
0.97488
0.998652
0.717413
0.885272
0.504309
0.82332
0.238296
0.686694
0.29369
0.516743
0.34559
0.0868145
0.825256
0.942229
0.663411
0.319717
0.422697
0.605884
0.363919
0.646321
0.372389
0.276701
0.781262
0.456216
0.298553
0.535742
0.419404
0.192689
0.420775
0.246324
0.862242
0.487748
0.105513
0.556737
0.294611
0.11243
0.412935
0.162672
0.460688
0.10803
0.122872
0.252108
0.548698
0.771918
0.391553
0.133665
0.981039
0.00205886
0.0428355
0.0319025
0.846297
0.300435
0.238972
0.159867
0.829962
0.90947
0.51794
0.909457
0.235816
0.988162
0.944468
0.0115464
0.948212
0.275466
0.324053
0.706794
0.0312479
0.655963
0.403538
0.449898
0.814812
0.724099
0.964462
0.278721
0.656693
0.594094
0.349088
0.767956
0.627473
0.547711
0.79251
0.226258
0.830359
0.844664
0.922661
0.476344
0.28701
0.302788
0.794672
0.88842
0.794894
0.717925
0.114515
0.246079
0.0498059
0.436492
0.052945
0.157191
0.943465
0.48521
0.834582
0.945315
0.261255
0.63961
0.594857
0.853928
0.146098
0.181547
0.722019
0.768965
0.444392
0.330643
0.841362
0.0362595
0.348367
0.378752
0.959309
0.0597778
0.191782
0.322239
0.17734
0.67293
0.594568
0.654982
0.327512
0.456562
0.795048
0.305174
0.296383
0.629884
0.520147
0.289531
0.522537
0.479834
0.345263
0.306546
0.910974
0.854244
0.563183
0.451821
0.347939
0.577292
0.148736
0.73785
0.171159
0.0237043
0.662314
0.83132
0.808019
0.0011405
0.726573
0.0450783
0.699228
0.747216
0.0386007
0.270339
0.345641
0.676357
0.402714
0.306983
0.524893
0.658695
0.801357
0.514383
0.502441
0.443658
0.533963
0.399102
0.394913
0.438857
0.573092
0.684983
0.124756
0.722973
0.796883
0.550156
0.933036
0.931123
0.0962642
0.507659
0.896858
0.742907
0.620223
0.263907
0.940621
0.085918
0.864632
0.692906
0.453714
0.0187062
0.837904
0.66353
0.755229
0.473534
0.214571
0.170824
0.608771
0.735935
0.93639
0.337058
0.0239297
0.549088
0.0167953
0.120245
0.327899
0.109107
0.881631
0.721449
0.500041
0.733965
0.126499
0.910955
0.988884
0.634169
0.434553
0.959267
0.536442
0.696507
0.0800265
0.192832
0.186528
0.440831
0.100438
0.996019
0.825578
0.970548
0.168741
0.418459
0.876627
0.675342
0.406337
0.457599
0.625722
0.243773
0.975844
0.076015
0.997824
0.00642361
0.0619961
0.55635
0.215006
0.278722
0.729479
0.836959
0.868488
0.94669
0.733614
0.920672
0.629188
0.49764
0.40554
0.688285
0.626532
0.718971
0.646058
0.827144
0.866082
0.768212
0.406158
0.921832
0.76323
0.871599
0.0280076
0.835562
0.679027
0.87059
0.844942
0.593394
0.397846
0.75879
0.525824
0.286329
0.833718
0.506987
0.98762
0.742083
0.348047
0.35189
0.135755
0.516079
0.267189
0.533459
0.226795
0.275656
0.271812
0.634356
0.940441
0.981413
0.964672
0.349362
0.112131
0.980238
0.189727
0.057935
0.984487
0.752125
0.559532
0.073325
0.41233
0.603106
0.542269
0.199652
0.985208
0.0442518
0.663409
0.265454
0.952877
0.384948
0.594885
0.85878
0.248493
0.609795
0.74817
0.523819
0.0535741
0.783219
0.474381
0.37012
0.146034
0.883919
0.0282078
0.289157
0.782486
0.43099
0.403318
0.884481
0.809024
0.811936
0.231097
0.635069
0.94798
0.615867
0.794841
0.779416
0.304731
0.237364
0.39656
0.701849
0.768144
0.741355
0.778559
0.21282
0.486206
0.628825
0.908137
0.750456
0.486917
0.348209
0.448787
0.119146
0.941689
0.757543
0.838941
0.568986
0.848864
0.32611
0.659685
0.672603
0.0191235
0.708676
0.382293
0.157358
0.299604
0.936191
0.537513
0.403768
0.762505
0.318716
0.640009
0.246806
0.0464664
0.192709
0.0384402
0.755723
0.77063
0.777651
0.35556
0.279099
0.694038
0.0173539
0.851028
0.902859
0.47512
0.718595
0.306282
0.976305
0.061844
0.382468
0.725742
0.130172
0.133455
0.63906
0.00824621
0.57525
0.996477
0.399633
0.909517
0.982925
0.944036
0.957024
0.139383
0.181678
0.508063
0.987862
0.771625
0.746198
0.114171
0.401453
0.650887
0.517511
0.391053
0.370832
0.927788
0.600944
0.448168
0.770896
0.913884
0.590422
0.63187
0.205351
0.202694
0.0277782
0.0715713
0.365274
0.437801
0.508333
0.361064
0.63347
0.616748
0.691831
0.268895
0.604968
0.698836
0.79228
0.875164
0.978412
0.241143
0.141623
0.0860361
0.497772
0.431354
0.109473
0.333518
0.169676
0.235978
0.192011
0.334879
0.698294
0.362036
0.354209
0.127995
0.285473
0.669405
0.835868
0.93644
0.925857
0.805994
0.447682
0.628476
0.840824
0.811469
0.941286
0.150203
0.465927
0.796095
0.108577
0.0246583
0.627427
0.504492
0.840664
0.161165
0.376595
0.481118
0.1647
0.314782
0.0266063
0.932589
0.205192
0.732399
0.855617
0.405373
0.731755
0.134436
0.769422
0.646089
0.322836
0.179787
0.995008
0.971837
0.778745
0.0737163
0.108211
0.0423214
0.0600163
0.786927
0.859153
0.892832
0.230308
0.398557
0.29161
0.662471
0.386821
0.951986
0.468897
0.746696
0.824701
0.672151
0.10031
0.634867
0.382682
0.84467
0.858069
0.885893
0.451962
0.66494
0.00354349
0.378297
0.114041
0.150256
0.890344
0.881417
0.640166
0.146762
0.236539
0.274647
0.687675
0.588993
0.983381
0.440332
0.238542
0.672267
0.776905
0.428341
0.132926
0.322973
0.283609
0.297723
0.164573
0.300866
0.81315
0.850787
0.553207
0.0989539
0.169055
0.961294
0.338067
0.334969
0.851264
0.441236
0.211765
0.024375
0.229084
0.376307
0.618552
0.61544
0.095539
0.98113
0.878791
0.235204
0.0788803
0.580488
0.693181
0.680675
0.167535
0.0172813
0.866563
0.388028
0.51302
0.233014
0.430733
0.17589
0.592317
0.979853
0.716439
0.895157
0.586452
0.528614
0.223117
0.291687
0.783847
0.164382
0.476111
0.120338
0.232678
0.447287
0.279171
0.716127
0.501633
0.302743
0.917643
0.36398
0.987935
0.542099
0.716388
0.602049
0.928481
0.356176
0.896436
0.390662
0.286631
0.53195
0.614585
0.381514
0.634416
0.884198
0.338346
0.487973
0.62731
0.843191
0.951365
0.901768
0.744594
0.876421
0.0668349
0.5946
0.679871
0.933383
0.532591
0.312255
0.619241
0.280011
0.844083
0.8969
0.113773
0.732484
0.661966
0.399749
0.281397
0.613699
0.599671
0.467002
0.573432
0.851163
0.36213
0.648769
0.693491
0.0300059
0.857478
0.00183334
0.810997
0.332932
0.465613
0.197014
0.786477
0.970492
0.846119
0.521286
0.508202
0.666213
0.837258
0.0606355
0.885521
0.154584
0.690289
0.995067
0.777923
0.524411
0.370665
0.521751
0.853963
0.0507171
0.430056
0.291599
0.732622
0.266546
0.21951
0.400653
0.892488
0.199243
0.402188
0.578677
0.840779
0.6079
0.980496
0.0777822
0.483206
0.789746
0.742276
0.354406
0.0639467
0.0596465
0.238005
0.585588
0.458556
0.741129
0.428457
0.648276
0.976014
0.738333
0.01143
0.857982
0.602676
0.191009
0.387218
0.606056
0.21277
0.960565
0.214489
0.30517
0.558153
0.771698
0.718798
0.658529
0.683832
0.6652
0.241692
0.274233
0.113748
0.333218
0.0743989
0.772891
0.000491277
0.144781
0.240504
0.660891
0.188968
0.869523
0.629434
0.897001
0.532012
0.819938
0.508587
0.955471
0.00907971
0.312288
0.946736
0.630465
0.39941
0.854894
0.77387
0.336185
0.0793747
0.577341
0.310696
0.392887
0.549704
0.289195
0.871078
0.0653811
0.620263
0.782012
0.837944
0.908432
0.825147
0.0502238
0.521658
0.399536
0.114977
0.897372
0.832282
0.687192
0.650892
0.713017
0.554963
0.491311
0.549426
0.257548
0.451197
0.357659
0.611069
0.188352
0.976859
0.342086
0.788952
0.318993
0.788372
0.19093
0.767201
0.647023
0.797823
0.755963
0.339495
0.845797
0.951249
0.956142
0.0944028
0.927694
0.475921
0.451301
0.480892
0.292829
0.624789
0.357887
0.86975
0.427637
0.210949
0.00342808
0.437781
0.566711
0.962183
0.730272
0.243742
0.0401573
0.144351
0.122261
0.868813
0.565303
0.430394
0.398534
0.55972
0.0794285
0.775414
0.911119
0.507594
0.929615
0.462996
0.168022
0.257612
0.322931
0.597565
0.208132
0.279045
0.287737
0.434905
0.76163
0.407349
0.303632
0.0894958
0.879175
0.642566
0.928594
0.573197
0.700618
0.0637986
0.7985
0.764169
0.0113885
0.27866
0.314043
0.955318
0.110096
0.719014
0.0869078
0.984624
0.348887
0.538371
0.121006
0.720604
0.229246
0.14912
0.991917
0.698878
0.0173411
0.315157
0.601076
0.0331294
0.0177085
0.912109
0.969401
0.12705
0.601723
0.176532
0.953191
0.183532
0.173377
0.649328
0.574415
0.752229
0.97154
0.70806
0.125714
0.504538
0.113181
0.177398
0.511168
0.722417
0.890502
0.0749976
0.997436
0.499562
0.0172507
0.12883
0.162413
0.964306
0.402613
0.797146
0.232724
0.745823
0.898201
0.608527
0.996026
0.940427
0.25428
0.66018
0.264256
0.733069
0.831096
0.97992
0.560978
0.0496469
0.192094
0.551968
0.827468
0.836073
0.965972
0.478392
0.911896
0.176786
0.868521
0.81514
0.254051
0.0937044
0.743645
0.8712
0.24081
0.840524
0.292824
0.447371
0.327535
0.379467
0.846837
0.842039
0.246694
0.769618
0.282108
0.158609
0.912213
0.89802
0.842501
0.174888
0.337808
0.555787
0.197461
0.90969
0.787333
0.729289
0.207536
0.145796
0.138841
0.287533
0.39275
0.10953
0.15173
0.366415
0.478929
0.802688
0.964285
0.762454
0.258682
0.13831
0.109725
0.855855
0.630667
0.0223159
0.92144
0.0065405
0.512365
0.291811
0.107366
0.247602
0.453623
0.379926
0.120884
0.397241
0.462628
0.607283
0.75876
0.600563
0.700905
0.951214
0.0992088
0.692988
0.373984
0.333976
0.78546
0.762774
0.0600252
0.187622
0.998276
0.715212
0.757163
0.0516833
0.887568
0.558222
0.624551
0.965005
0.297195
0.309724
0.431749
0.618397
0.273429
0.861656
0.461739
0.802202
0.957676
0.532745
0.536504
0.243393
0.295477
0.329881
0.108966
0.0800036
0.720372
0.76266
0.305566
0.0348075
0.173018
0.282643
0.380625
0.862519
0.97927
0.631995
0.383778
0.361005
0.128415
0.388314
0.728454
0.631898
0.163151
0.30493
0.721966
0.292763
0.421368
0.409194
0.572117
0.893892
0.867585
0.694042
0.67309
0.258528
0.736661
0.298375
0.503162
0.195668
0.107887
0.715828
0.802754
0.847761
0.163969
0.414685
0.0643402
0.618832
0.00289649
0.627914
0.132638
0.437581
0.604011
0.534392
0.917554
0.269544
0.951436
0.871714
0.0529955
0.995691
0.84355
0.687895
0.637582
0.684151
0.9277
0.662673
0.970455
0.0277723
0.762414
0.636797
0.105014
0.402689
0.898827
0.826073
0.899901
0.190302
0.168975
0.0313235
0.520679
0.234143
0.557343
0.0697483
0.664339
0.579937
0.606142
0.950177
0.425167
0.946298
0.563107
0.0159207
0.134184
0.138392
0.128211
0.624525
0.780892
0.25952
0.30386
0.882708
0.0175222
0.976935
0.519562
0.684931
0.160444
0.107791
0.81043
0.711739
0.105445
0.727381
0.709417
0.244637
0.383822
0.151789
0.902075
0.481652
0.581659
0.266687
0.232573
0.544727
0.558483
0.487805
0.889445
0.328122
0.0231406
0.339983
0.494234
0.736307
0.399927
0.39277
0.227041
0.409418
0.0486757
0.722138
0.317755
0.66194
0.946917
0.779647
0.384051
0.712342
0.214717
0.610637
0.787326
0.223193
0.334219
0.808923
0.891872
0.286789
0.713065
0.932842
0.743319
0.0832591
0.147108
0.810926
0.0285744
0.0279892
0.692449
0.178405
0.446238
0.0532238
0.0556841
0.320188
0.915039
0.193881
0.606172
0.232843
0.895891
0.547657
0.913398
0.607021
0.924438
0.35091
0.880561
0.491023
0.0756344
0.969821
0.302997
0.613017
0.246177
0.384911
0.404036
0.269553
0.987218
0.798901
0.624431
0.656098
0.197385
0.594599
0.854191
0.214772
0.749981
0.501253
0.243097
0.667292
0.439483
0.703525
0.710367
0.0183083
0.258842
0.174803
0.953116
0.0553459
0.63431
0.882259
0.941757
0.304885
0.928731
0.0603188
0.0591762
0.566803
0.263756
0.565871
0.816192
0.0472893
0.898815
0.715386
0.74179
0.71813
0.338774
0.982688
0.0422854
0.291161
0.728077
0.746548
0.0446566
0.522994
0.538145
0.878613
0.537758
0.337495
0.0845028
0.532156
0.809141
0.321742
0.944254
0.927212
0.509272
0.833469
0.213335
0.343099
0.179704
0.541646
0.98267
0.75907
0.234242
0.462461
0.0655642
0.680682
0.91546
0.175442
0.424196
0.424829
0.952632
0.101847
0.876021
0.500551
0.666853
0.662193
0.372573
0.424659
0.606833
0.432402
0.701141
0.278644
0.612778
0.688471
0.0379319
0.192754
0.810307
0.0358665
0.959679
0.599772
0.402299
0.19936
0.785565
