0.448867
0.522569
0.497749
0.490746
0.48742
0.515998
0.450742
0.484572
0.456986
0.504267
0.466941
0.497014
0.544629
0.547634
0.483184
0.500018
0.423551
0.490535
0.450726
0.472094
0.493398
0.510852
0.518898
0.49118
0.476491
0.483078
0.538129
0.459825
0.486862
0.492251
0.489221
0.529597
0.51897
0.485542
0.535718
0.501559
0.542966
0.49835
0.476287
0.509718
0.493389
0.511812
0.473948
0.494299
0.478159
0.528569
0.489054
0.52173
0.524756
0.483685
0.472881
0.438215
0.470448
0.477588
0.488711
0.52376
0.473442
0.527907
0.467277
0.533536
0.511843
0.517081
0.503455
0.483452
0.487295
0.482607
0.471061
0.506809
0.450162
0.516824
0.502649
0.518917
0.513149
0.48308
0.551167
0.456542
0.48022
0.475178
0.460354
0.449064
0.457692
0.446967
0.530755
0.538219
0.524389
0.47895
0.498228
0.5133
0.507716
0.548797
0.561806
0.498691
0.492539
0.552622
0.507814
0.490609
0.509743
0.523909
0.477086
0.519935
0.521343
0.466962
0.492189
0.517999
0.539022
0.531747
0.491492
0.512199
0.452969
0.497007
0.536998
0.478335
0.547903
0.49853
0.502769
0.496517
0.523138
0.539424
0.460858
0.47754
0.493588
0.459302
0.461599
0.486592
0.528563
0.519236
0.465138
0.461169
0.505253
0.459349
0.501077
0.510071
0.553758
0.50594
0.543115
0.500364
0.490548
0.514996
0.505545
0.539173
0.507227
0.488982
0.508503
0.48718
0.461472
0.503777
0.478816
0.560713
0.507025
0.502623
0.51336
0.469288
0.509617
0.513983
0.501764
0.445489
0.455691
0.510164
0.445368
0.484052
0.490801
0.523583
0.51929
0.517043
0.474567
0.497562
0.474486
0.47198
0.489058
0.448516
0.486671
0.489805
0.527476
0.48641
0.488984
0.559552
0.470017
0.460367
0.485269
0.466607
0.513789
0.486294
0.480844
0.431422
0.503652
0.503408
0.497633
0.465569
0.480862
0.496529
0.540544
0.521996
0.5264
0.501023
0.511959
0.476371
0.515842
0.477266
0.511212
0.476384
0.512667
0.491503
0.515938
0.505883
0.496859
0.509978
0.462155
0.500723
0.495697
0.493214
0.459971
0.553189
0.463586
0.477313
0.531767
0.521887
0.537826
0.469148
0.489762
0.443969
0.497175
0.482333
0.529805
0.556558
0.520099
0.490837
0.518289
0.514269
0.539568
0.527119
0.49905
0.499679
0.521277
0.481657
0.457141
0.453638
0.512183
0.490755
0.486332
0.542284
0.476204
0.529491
0.46724
0.517644
0.453981
0.486689
0.522938
0.508697
0.483561
0.468783
0.528934
0.469763
0.478893
0.489461
0.514391
0.523111
0.472987
0.501949
0.561462
0.472643
0.512641
0.480818
0.509609
0.485539
0.56158
0.480184
0.481798
0.538743
0.568917
0.505191
0.489428
0.517143
0.51977
0.523624
0.512871
0.520352
0.52495
0.504559
0.504514
0.514934
0.486567
0.440896
0.451154
0.478973
0.48644
0.482678
0.492641
0.545849
0.484188
0.538039
0.493634
0.534092
0.48187
0.528692
0.495345
0.520206
0.512053
0.526798
0.464154
0.471315
0.53619
0.470115
0.563956
0.544529
0.500162
0.502295
0.499132
0.469883
0.503885
0.485192
0.545003
0.493749
0.511839
0.490079
0.472653
0.519563
0.481403
0.504629
0.494993
0.492783
0.505863
0.542542
0.540935
0.516912
0.468975
0.512701
0.474566
0.507489
0.457961
0.504715
0.496176
0.490915
0.421796
0.44774
0.502031
0.504985
0.481685
0.489443
0.489766
0.518003
0.510586
0.51199
0.506261
0.53336
0.49866
0.521928
0.494886
0.47644
0.451531
0.510841
0.528984
0.480744
0.47821
0.543649
0.568472
0.510088
0.575591
0.551436
0.496429
0.433766
0.506354
0.545661
0.482556
0.531547
0.477188
0.520657
0.490364
0.485377
0.524181
0.481263
0.444991
0.49467
0.522267
0.532483
0.498496
0.472054
0.505601
0.478045
0.489534
0.506454
0.515733
0.504722
0.484253
0.480378
0.514466
0.509309
0.515323
0.4983
0.478261
0.525118
0.51594
0.482983
0.531072
0.474866
0.485713
0.466657
0.442484
0.516839
0.505269
0.503886
0.48803
0.461204
0.476497
0.513036
0.478556
0.493333
0.495263
0.523189
0.515518
0.461037
0.5535
0.513398
0.529083
0.532559
0.527537
0.551153
0.535903
0.442224
0.499542
0.486921
0.493443
0.520599
0.578955
0.531656
0.46774
0.506065
0.490787
0.454136
0.501463
0.49464
0.517658
0.455014
0.479148
0.504973
0.502453
0.504446
0.506489
0.475333
0.478468
0.560186
0.540556
0.509518
0.493914
0.453012
0.557817
0.538523
0.477673
0.516354
0.496831
0.524852
0.53316
0.477019
0.492506
0.536364
0.51718
0.493867
0.448772
0.536499
0.520645
0.541319
0.506566
0.497795
0.498041
0.444578
0.523988
0.525531
0.4625
0.513438
0.495518
0.538406
0.523366
0.52154
0.507147
0.463109
0.47313
0.507973
0.51433
0.529663
0.500598
0.488082
0.529597
0.51441
0.55718
0.530354
0.506731
0.527524
0.513168
0.496268
0.508367
0.491918
0.560878
0.499982
0.443895
0.530419
0.491531
0.424718
0.534542
0.518096
0.482752
0.502744
0.542504
0.476606
0.523562
0.48581
0.501009
0.517434
0.483725
0.522908
0.512182
0.51091
0.494346
0.512261
0.489585
0.507867
0.506579
0.494379
0.512312
0.550827
0.515326
0.48308
0.497513
0.501573
0.534802
0.511345
0.528217
0.472008
0.522838
0.478887
0.513336
0.505143
0.460802
0.57829
0.486722
0.48312
0.506011
0.506625
0.512148
0.449126
0.503503
0.529383
0.501095
0.490076
0.504055
0.54363
0.480217
0.526951
0.495311
0.487241
0.525355
0.549646
0.512908
0.471089
0.538983
0.543225
0.518457
0.501074
0.527957
0.52244
0.591273
0.536861
0.538435
0.4914
0.410714
0.504194
0.504859
0.485263
0.436017
0.477683
0.509856
0.47082
0.500492
0.500908
0.481952
0.512854
0.486959
0.550747
0.51795
0.533144
0.481304
0.512781
0.546876
0.49899
0.521018
0.544653
0.49234
0.518139
0.535608
0.544275
0.500207
0.496972
0.505745
0.529731
0.498442
0.458853
0.508028
0.517768
0.486013
0.499482
0.532234
0.53775
0.467714
0.516161
0.457943
0.517938
0.501798
0.497817
0.487394
0.480989
0.507281
0.462683
0.471458
0.535531
0.477806
0.450495
0.505608
0.490697
0.478931
0.496085
0.512744
0.590499
0.495716
0.461245
0.519766
0.534909
0.497495
0.461743
0.504758
0.474517
0.466695
0.526356
0.501665
0.475659
0.528589
0.504797
0.489334
0.53287
0.45884
0.501419
0.561793
0.485551
0.515741
0.471564
0.456652
0.505719
0.483988
0.50743
0.488483
0.513713
0.506893
0.50034
0.54408
0.45874
0.5039
0.516276
0.506443
0.511124
0.540271
0.501568
0.494393
0.45314
0.475829
0.475593
0.534663
0.475314
0.479634
0.477383
0.493365
0.465045
0.50745
0.492996
0.503692
0.484446
0.478901
0.460536
0.486735
0.534265
0.501173
0.509694
0.452295
0.490765
0.536148
0.532688
0.466554
0.522435
0.517834
0.453468
0.473487
0.553422
0.476982
0.532079
0.526897
0.480529
0.519749
0.481032
0.459931
0.470685
0.507291
0.50058
0.478963
0.475747
0.523157
0.499764
0.498723
0.501506
0.495367
0.470105
0.515535
0.537783
0.49003
0.538817
0.535547
0.48648
0.543405
0.488416
0.484829
0.494466
0.459255
0.499602
0.488205
0.508171
0.518379
0.464287
0.483708
0.506769
0.497202
0.535644
0.50952
0.520811
0.522288
0.442054
0.500278
0.493203
0.477658
0.541819
0.47962
0.519381
0.541783
0.465533
0.455851
0.48358
0.521135
0.51296
0.467591
0.51806
0.487162
0.491319
0.476293
0.532156
0.453564
0.471839
0.492506
0.548054
0.45075
0.501455
0.512739
0.500139
0.534348
0.486531
0.503833
0.5048
0.524641
0.475477
0.461685
0.517584
0.483806
0.507141
0.521217
0.514539
0.50783
0.491838
0.414459
0.504657
0.43998
0.461914
0.503627
0.490268
0.462703
0.488699
0.57606
0.452272
0.584822
0.482724
0.517897
0.507074
0.550918
0.494105
0.473377
0.49211
0.529758
0.499925
0.516622
0.516828
0.528653
0.485529
0.472785
0.466004
0.490621
0.506586
0.565445
0.532267
0.481226
0.548792
0.507108
0.464706
0.521967
0.492103
0.529708
0.440442
0.507098
0.466359
0.491965
0.486027
0.440755
0.495181
0.440486
0.505552
0.521247
0.485012
0.511485
0.47235
0.469415
0.486188
0.509987
0.581139
0.487913
0.522893
0.543402
0.497521
0.478283
0.468895
0.476337
0.48167
0.502727
0.515926
0.503523
0.503115
0.507409
0.48158
0.517735
0.523485
0.474207
0.503614
0.519571
0.494073
0.507747
0.537513
0.50598
0.495127
0.444633
0.564209
0.514398
0.463715
0.481716
0.524815
0.519378
0.497046
0.510297
0.509258
0.488584
0.508136
0.493135
0.515688
0.505025
0.450672
0.541124
0.467524
0.562403
0.459966
0.516535
0.515029
0.490457
0.506867
0.519674
0.47828
0.537164
0.551508
0.475849
0.528408
0.444685
0.463757
0.459514
0.533984
0.565928
0.527259
0.522467
0.48943
0.508597
0.51393
0.49297
0.462322
0.513606
0.515793
0.562679
0.556467
0.51474
0.511014
0.538248
0.477628
0.576421
0.52103
0.524483
0.528765
0.506475
0.49563
0.485932
0.441682
0.530754
0.472874
0.48377
0.531932
0.516508
0.470718
0.534863
0.493882
0.501361
0.487226
0.529889
0.47279
0.464792
0.50624
0.547383
0.510785
0.518966
0.525379
0.540585
0.533613
0.495813
0.433257
0.493964
0.475034
0.537226
0.472776
0.516303
0.495735
0.465239
0.517382
0.5272
0.553649
0.499079
0.477154
0.493882
0.502532
0.485954
0.541604
0.495188
0.5357
0.482458
0.496057
0.499614
0.54178
0.483464
0.538494
0.514274
0.449355
0.455386
0.543726
0.501679
0.45739
0.540675
0.48178
0.531176
0.518295
0.510439
0.447364
0.511958
0.530516
0.542047
0.5273
0.474486
0.517516
0.518597
0.532776
0.487221
0.480037
0.50713
0.513328
0.505539
0.488497
0.522454
0.529382
0.519685
0.542418
0.513462
0.520277
0.548668
0.493745
0.538814
0.454608
0.516953
0.460941
0.508856
0.519778
0.480826
0.42072
0.48066
0.507649
0.481325
0.514314
0.483049
0.513128
0.530582
0.505125
0.548494
0.482612
0.528484
0.494656
0.498739
0.489121
0.476498
0.473582
0.501057
0.491028
0.485559
0.524852
0.451984
0.501246
0.464878
0.485676
0.535422
0.503742
0.508559
0.515291
0.521985
0.504269
0.476891
0.465373
0.476458
0.492177
0.519189
0.469969
0.520244
0.480182
0.54507
0.531823
0.485678
0.578975
0.461029
0.521979
0.539087
0.483532
0.469188
0.459524
0.519453
0.498013
0.475104
0.478361
0.539578
0.496121
0.451502
0.437871
0.526607
0.503789
0.484814
0.544345
0.478793
0.561084
0.551386
0.500075
0.485382
0.460188
0.52025
0.526951
0.506478
0.516343
0.549318
0.471464
0.499785
0.528624
0.521878
0.517977
0.511078
0.47743
0.490266
0.477146
0.455301
0.45555
0.5136
0.516356
0.535143
0.519695
0.476428
0.529061
0.48399
0.459354
0.475193
0.509891
0.480109
0.489877
0.479362
0.492402
0.488952
0.556618
0.49412
0.546359
0.510451
0.47706
0.511481
0.431405
0.478171
0.547759
0.496713
0.524002
0.487216
0.433
0.516929
0.424526
0.487733
0.512045
0.50874
0.511377
0.510926
0.471826
0.51183
0.468985
0.454417
0.531986
0.475337
0.506594
0.48386
0.499117
0.51391
0.524685
0.447664
0.487093
0.550322
0.545926
0.501709
0.540353
0.521501
0.507512
0.510922
0.467024
0.46488
0.541787
0.504604
0.558748
0.521909
0.492
0.502359
0.504096
0.505628
0.530095
0.517524
0.522444
0.499167
0.523384
0.514959
0.545173
0.502046
0.487004
0.530076
0.481093
0.481156
0.489014
0.515989
0.542934
0.463291
0.455012
0.525649
0.52181
0.496108
0.529155
0.475844
0.546509
0.494387
0.508445
0.489945
0.504495
0.488477
0.477159
0.44626
0.511496
0.511781
0.478313
0.498884
0.486543
0.454188
0.499007
0.52791
0.489353
0.498283
0.496549
0.545884
0.486913
0.465262
0.482231
0.537372
0.526155
0.457376
0.439612
0.528518
0.529584
0.533817
0.444212
0.47347
0.510743
0.536903
0.54147
0.464542
0.516384
0.475438
0.45985
0.552994
0.482231
0.482129
0.455965
0.477302
0.539189
0.481927
0.458608
0.495791
0.486901
0.528176
0.50854
0.490512
0.491501
0.46343
0.460936
0.499232
0.484463
0.511837
0.507348
0.492412
0.469401
0.459933
0.524064
0.492057
0.463701
0.43276
0.463739
0.519298
0.491874
0.542138
0.527174
0.467593
0.537479
0.444011
0.512115
0.498424
0.520515
0.491708
0.495948
0.476345
0.457139
0.48201
0.469166
0.500286
0.528602
0.490898
0.466484
0.477963
0.51626
0.495844
0.502475
0.500277
0.549551
0.511547
0.458599
0.502587
0.483801
0.46595
0.498506
0.509714
0.534742
0.463457
0.528491
0.451564
0.496614
0.462181
0.489958
0.466246
0.480721
0.482139
0.530792
0.507542
0.451332
0.451237
0.462499
0.503635
0.525778
0.475939
0.569988
0.493934
0.48564
0.493483
0.51088
0.500908
0.485897
0.492535
0.541211
0.453766
0.508905
0.479132
0.54441
0.460891
0.480086
0.554813
0.520414
0.487888
0.4922
0.493804
0.471819
0.508113
0.495079
0.526116
0.483914
0.482576
0.527688
0.503468
0.485493
0.496083
0.549409
0.494866
0.527314
0.47649
0.527389
0.50875
0.505078
0.51395
0.506866
0.498563
0.523802
0.537024
0.461317
0.478621
0.540467
0.502532
0.49932
0.517163
0.461814
0.45602
0.514998
0.483457
0.514156
0.449719
0.428924
0.515823
0.54209
0.524864
0.536359
0.437476
0.482979
0.465257
0.459694
0.477027
0.464086
0.498947
0.481989
0.520552
0.499217
0.504898
0.478456
0.462083
0.511775
0.491518
0.472784
0.539398
0.521077
0.503936
0.525176
0.531999
0.548817
0.476892
0.53896
0.438129
0.482556
0.49011
0.482665
0.457731
0.483104
0.553049
0.454437
0.518199
0.502673
0.535882
0.445651
0.519809
0.550681
0.483599
0.500614
0.547711
0.454074
0.530096
0.519232
0.497333
0.489043
0.509127
0.509499
0.520106
0.551019
0.509005
0.436707
0.496349
0.469805
0.497907
0.476231
0.532222
0.446739
0.506679
0.496776
0.477597
0.520746
0.525998
0.590963
0.501734
0.470169
0.484784
0.490114
0.493636
0.447236
0.466713
0.500132
0.463958
0.502059
0.461737
0.495328
0.515341
0.503024
0.499456
0.527096
0.428049
0.490453
0.491237
0.504283
0.507782
0.480415
0.487946
0.472151
0.46255
0.485552
0.480169
0.516799
0.465466
0.519812
0.487805
0.511916
0.540341
0.453943
0.505887
0.464739
0.496966
0.52864
0.483531
0.518103
0.492939
0.472212
0.542866
0.515447
0.54892
0.519641
0.464834
0.485653
0.524192
0.489922
0.518733
0.51459
0.4794
0.498541
0.542362
0.490252
0.523339
0.491977
0.549675
0.478347
0.470669
0.461102
0.512785
0.465222
0.477443
0.530352
0.555216
0.464996
0.551298
0.479541
0.513269
0.517782
0.46321
0.475202
0.562374
0.48586
0.507669
0.538322
0.505316
0.494691
0.498165
0.525346
0.509191
0.515636
0.504846
0.489332
0.507985
0.507261
0.481225
0.538124
0.517638
0.4721
0.436827
0.506425
0.500479
0.505749
0.562626
0.498633
0.495895
0.495178
0.526167
0.51934
0.544118
0.443116
0.533239
0.518333
0.490006
0.485404
0.512976
0.467004
0.53368
0.468175
0.483259
0.51303
0.504912
0.491746
0.523296
0.460194
0.528118
0.498097
0.530259
0.470237
0.504852
0.498804
0.466844
0.543592
0.480654
0.520308
0.516634
0.545905
0.443147
0.483392
0.514143
0.527196
0.458245
0.483747
0.496409
0.490535
0.511353
0.520489
0.473017
0.507126
0.470429
0.539513
0.501425
0.564656
0.467792
0.488563
0.524466
0.475788
0.517539
0.500873
0.526903
0.453686
0.545458
0.504278
0.577914
0.501422
0.448299
0.542654
0.506378
0.492168
0.539295
0.536567
0.465836
0.537023
0.526789
0.510009
0.406011
0.517373
0.502856
0.520088
0.517752
0.478637
0.49879
0.546557
0.528279
0.49229
0.49433
0.508048
0.493608
0.523031
0.487501
0.571894
0.535031
0.517977
0.511947
0.484405
0.486518
0.484741
0.52863
0.528485
0.469927
0.5053
0.488763
0.575448
0.484891
0.512491
0.454866
0.46793
0.510252
0.476041
0.526808
0.490748
0.483932
0.514988
0.529717
0.476601
0.518098
0.513377
0.530624
0.503481
0.536512
0.506096
0.520731
0.51066
0.490929
0.491743
0.520163
0.53014
0.473422
0.449379
0.502087
0.500442
0.471516
0.506064
0.503073
0.4696
0.502991
0.482025
0.466565
0.49423
0.527248
0.520362
0.49635
0.431579
0.55009
0.488138
0.506885
0.481384
0.468821
0.505743
0.52737
0.484462
0.514505
0.501411
0.46643
0.524863
0.458296
0.48775
0.494294
0.502503
0.468682
0.507173
0.499333
0.483112
0.506538
0.523101
0.545846
0.482403
0.524857
0.573808
0.52995
0.511325
0.490028
0.495795
0.490472
0.509262
0.521552
0.463551
0.471698
0.472087
0.477048
0.472597
0.474866
0.501905
0.529449
0.512661
0.525276
0.465391
0.523241
0.507894
0.481882
0.497585
0.496638
0.490965
0.516258
0.508021
0.466552
0.467934
0.507805
0.456061
0.503245
0.510777
0.57206
0.482321
0.531535
0.514424
0.449014
0.503048
0.455427
0.515198
0.48828
0.504336
0.493044
0.507525
0.428009
0.493047
0.468745
0.505787
0.494419
0.461322
0.479288
0.448203
0.458816
0.481544
0.490921
0.509602
0.478976
0.498641
0.554277
0.449966
0.49177
0.496591
0.48395
0.425624
0.493908
0.536021
0.499622
0.489968
0.487666
0.509753
0.495611
0.520555
0.488482
0.503197
0.465733
0.509498
0.451293
0.496441
0.470332
0.523985
0.512486
0.46493
0.502372
0.473835
0.514337
0.505608
0.489445
0.512939
0.508823
0.485387
0.488593
0.511482
0.487663
0.498832
0.450804
0.465801
0.505483
0.501918
0.492054
0.502775
0.502969
0.528764
0.457791
0.445604
0.526881
0.438184
0.467703
0.497864
0.503815
0.476958
0.527685
0.472707
0.474575
0.516679
0.495838
0.534077
0.456034
0.49107
0.469413
0.516837
0.517364
0.450619
0.559545
0.482647
0.487504
0.521438
0.500674
0.478511
0.470747
0.475201
0.48151
0.544824
0.48731
0.527034
0.534436
0.489832
0.525776
0.498251
0.510204
0.467356
0.484271
0.520788
0.484815
0.554661
0.447264
0.550231
0.505446
0.457351
0.484846
0.474294
0.502316
0.45816
0.511384
0.453636
0.483339
0.516508
0.480413
0.471885
0.458466
0.505715
0.422637
0.481751
0.500579
0.464725
0.523929
0.514086
0.489807
0.491233
0.510191
0.516795
0.468148
0.543083
0.515954
0.490441
0.481271
0.474811
0.553599
0.537438
0.504367
0.496206
0.54006
0.491713
0.478931
0.49978
0.527897
0.485684
0.477341
0.503991
0.54761
0.511465
0.522123
0.479131
0.458066
0.503142
0.506764
0.51272
0.471915
0.537012
0.524948
0.531307
0.492876
0.48666
0.495107
0.46554
0.46176
0.499742
0.50714
0.485376
0.488107
0.493346
0.478184
0.522324
0.484316
0.514826
0.514322
0.515575
0.469139
0.514952
0.445082
0.478905
0.527414
0.49029
0.477626
0.545231
0.542919
0.511642
0.547477
0.46568
0.481204
0.45547
0.482692
0.47006
0.559305
0.52513
0.498319
0.465598
0.509183
0.478837
0.528045
0.490833
0.481786
0.491195
0.529892
0.471518
0.538602
0.505201
0.52284
0.515428
0.507571
0.531572
0.481255
0.522937
0.530244
0.542287
0.49399
0.470243
0.547057
0.495214
0.555047
0.532108
0.477585
0.546688
0.48266
0.491001
0.512676
0.528934
0.483681
0.519513
0.495316
0.50919
0.510147
0.462913
0.487109
0.487418
0.494899
0.478729
0.497253
0.449477
0.483125
0.490228
0.480878
0.532618
0.516712
0.450659
0.503619
0.520206
0.52827
0.555153
0.479317
0.492511
0.511711
0.467138
0.507695
0.530462
0.486258
0.496149
0.508913
0.479242
0.530753
0.483919
0.481852
0.478582
0.495143
0.495603
0.493024
0.506642
0.536023
0.553033
0.522958
0.494357
0.483101
0.49687
0.556971
0.557109
0.50347
0.454519
0.537156
0.520612
0.470556
0.5207
0.512508
0.467881
0.494619
0.467533
0.49402
0.504157
0.441681
0.501027
0.491662
0.516672
0.497758
0.500832
0.540085
0.476113
0.505268
0.480146
0.499953
0.516685
0.528497
0.512635
0.471754
0.521615
0.514981
0.473256
0.508985
0.481006
0.509708
0.48985
0.537574
0.54889
0.528978
0.49238
0.468415
0.516366
0.480835
0.56669
0.459898
0.477706
0.48891
0.509663
0.577297
0.48628
0.556579
0.52265
0.505908
0.537203
0.498294
0.480042
0.444794
0.453562
0.514963
0.469869
0.508025
0.533094
0.480266
0.483291
0.51028
0.462216
0.524766
0.529864
0.49369
0.514242
0.464701
0.515445
0.492799
0.528701
0.452332
0.499634
0.544513
0.478609
0.564713
0.449592
0.489913
0.542568
0.467764
0.517148
0.504811
0.478588
0.49253
0.516045
0.525919
0.566478
0.500479
0.516203
0.539509
0.445704
0.484742
0.53189
0.499439
0.545586
0.534146
0.520653
0.49142
0.474689
0.486927
0.489904
0.540392
0.456314
0.480998
0.518022
0.477902
0.496936
0.487646
0.536854
0.466333
0.564483
0.515521
0.472487
0.516888
0.513324
0.491821
0.491166
0.488174
0.522833
0.527511
0.517234
0.45229
0.536424
0.543483
0.469969
0.485272
0.447908
0.504513
0.496192
0.488781
0.522072
0.487895
0.51552
0.529904
0.456326
0.503632
0.515143
0.515949
0.530324
0.513051
0.490997
0.471103
0.530413
0.492721
0.492205
0.521829
0.495783
0.510551
0.535672
0.557879
0.463221
0.49094
0.51769
0.505804
0.517299
0.475851
0.509453
0.511812
0.532918
0.508694
0.493335
0.50089
0.487047
0.457883
0.496812
0.499018
0.496552
0.536945
0.560915
0.485391
0.508981
0.518058
0.470072
0.501494
0.553188
0.495896
0.480223
0.483925
0.516659
0.498641
0.512085
0.487832
0.486428
0.523057
0.50643
0.527834
0.500447
0.470493
0.498274
0.483317
0.536295
0.540678
0.496818
0.504962
0.504092
0.440204
0.488056
0.539392
0.5005
0.532559
0.526887
0.48881
0.560681
0.516585
0.475637
0.4425
0.495086
0.470242
0.515842
0.587067
0.517962
0.496547
0.460183
0.492301
0.474434
0.558568
0.481445
0.429516
0.51305
0.520345
0.465366
0.46927
0.440659
0.520615
0.484258
0.495313
0.5065
0.476209
0.478283
0.491659
0.522373
0.49201
0.471241
0.439642
0.525766
0.504334
0.547757
0.571841
0.492824
0.474615
0.478742
0.569746
0.47802
0.470263
0.542001
0.522032
0.497412
0.479587
0.524856
0.500334
0.52236
0.49763
0.465671
0.469378
0.480577
0.539819
0.561151
0.508357
0.521385
0.490286
0.50628
0.500425
0.542064
0.541746
0.533786
0.457169
0.492148
0.523798
0.46
0.484963
0.422565
0.506534
0.473989
0.51005
0.496481
0.526323
0.526829
0.499244
0.458729
0.430644
0.517913
0.52312
0.510699
0.498857
0.475138
0.488572
0.497557
0.565765
0.505877
0.51761
0.494678
0.46486
0.505591
0.479272
0.480162
0.508125
0.490967
0.501525
0.530306
0.479253
0.504444
0.500035
0.514913
0.497182
0.497024
0.51067
0.479309
0.496793
0.436213
0.472631
0.459945
0.47368
0.496
0.559058
0.480455
0.509823
0.50572
0.542009
0.495051
0.47709
0.504693
0.448685
0.506129
0.485394
0.519514
0.525757
0.52295
0.51242
0.510855
0.498693
0.568289
0.481766
0.53667
0.522949
0.529918
0.5064
0.518672
0.523895
0.503789
0.464281
0.458954
0.562363
0.465813
0.483046
0.51363
0.50268
0.499084
0.490612
0.480376
0.550071
0.513455
0.548594
0.436741
0.564297
0.574305
0.525387
0.526104
0.516411
0.4974
0.465814
0.488154
0.485506
0.506713
0.474189
0.510764
0.482325
0.482072
0.487695
0.49014
0.536612
0.483524
0.496929
0.536111
0.475081
0.489279
0.510507
0.509448
0.456869
0.484114
0.490594
0.528072
0.483363
0.535108
0.526238
0.50904
0.479258
0.481593
0.481375
0.523171
0.471739
0.496183
0.484403
0.449199
0.494645
0.443762
0.516161
0.504321
0.514505
0.505309
0.543234
0.538012
0.495311
0.503433
0.503416
0.535996
0.498904
0.516485
0.500241
0.541228
0.477857
0.538137
0.483429
0.488779
0.517714
0.509291
0.482145
0.531493
0.505482
0.519199
0.497932
0.483282
0.491221
0.48266
0.514194
0.526956
0.479642
0.49019
0.509109
0.473438
0.488558
0.46801
0.478847
0.509256
0.471079
0.514755
0.507961
0.549179
0.468425
0.471762
0.483836
0.430877
0.550224
0.493815
0.51206
0.498475
0.499181
0.48723
0.469602
0.521881
0.526981
0.502144
0.472669
0.438759
0.518313
0.485886
0.456109
0.526022
0.509879
0.494318
0.511247
0.467723
0.481275
0.527996
0.469026
0.506221
0.524604
0.510049
0.485317
0.493485
0.429711
0.492639
0.515293
0.499431
0.481904
0.498881
0.52372
0.504141
0.479043
0.527095
0.478056
0.510869
0.494868
0.48427
0.531233
0.526681
0.495443
0.505609
0.470978
0.487622
0.425586
0.517036
0.522575
0.555284
0.492173
0.487532
0.491924
0.521634
0.501172
0.528188
0.475776
0.428996
0.515302
0.494834
0.506026
0.512059
0.489175
0.471131
0.524928
0.508768
0.498803
0.498996
0.438118
0.487
0.462355
0.503237
0.482309
0.49388
0.489016
0.477271
0.494546
0.484617
0.472844
0.436801
0.509882
0.53774
0.498493
0.538328
0.484358
0.483605
0.455671
0.469369
0.550166
0.473048
0.469217
0.447263
0.46986
0.473058
0.491668
0.453434
0.506492
0.426349
0.495191
0.48999
0.556559
0.4817
0.489753
0.435524
0.51262
0.481948
0.46441
0.537008
0.49247
0.506494
0.518584
0.514642
0.501741
0.455212
0.470202
0.446535
0.496805
0.470625
0.567586
0.520101
0.514853
0.505234
0.531945
0.51703
0.488032
0.510859
0.497364
0.538726
0.538504
0.536885
0.46516
0.519076
0.491313
0.524275
0.499473
0.501426
0.551924
0.52223
0.520979
0.466647
0.475318
0.484375
0.505584
0.479151
0.513517
0.521329
0.464991
0.49775
0.538406
0.516566
0.476004
0.498218
0.496739
0.542403
0.505452
0.514437
0.444191
0.503022
0.507591
0.51501
0.495346
0.511382
0.480887
0.522195
0.476478
0.50691
0.511026
0.500059
0.508018
0.540828
0.49705
0.518711
0.50357
0.506008
0.487474
0.541494
0.472357
0.518226
0.523273
0.492012
0.541963
0.555679
0.454611
0.527867
0.508264
0.523659
0.528179
0.517978
0.4594
0.561237
0.48203
0.490359
0.550685
0.466854
0.524776
0.527235
0.45731
0.489675
0.486023
0.494357
0.521734
0.503598
0.474927
0.471415
0.51262
0.440776
0.483734
0.4804
0.462199
0.491542
0.54319
0.488802
0.498942
0.517598
0.54669
0.504516
0.522405
0.505363
0.460039
0.459338
0.497132
0.426327
0.523708
0.477914
0.502475
0.531316
0.504453
0.459022
0.475231
0.485517
0.493172
0.48607
0.511944
0.511155
0.545885
0.473668
0.487771
0.524692
0.514691
0.507171
0.528765
0.535423
0.455606
0.492046
0.464467
0.462336
0.510128
0.499951
0.497677
0.53613
0.527423
0.518399
0.498273
0.503246
0.504005
0.550884
0.52796
0.508795
0.52777
0.514331
0.522823
0.545266
0.503284
0.500768
0.540556
0.503867
0.525176
0.510071
0.509241
0.465399
0.546524
0.550675
0.504566
0.487522
0.489109
0.485114
0.482328
0.535289
0.472407
0.477275
0.503129
0.491834
0.548194
0.528234
0.51612
0.486075
0.527647
0.567546
0.498668
0.524319
0.567804
0.436876
0.478831
0.532632
0.514268
0.48284
0.467512
0.446859
0.497028
0.49592
0.507159
0.517171
0.516261
0.492347
0.4939
0.513996
0.475015
0.525817
0.489976
0.552231
0.485613
0.495913
0.493351
0.520601
0.506692
0.51011
0.481385
0.503031
0.507713
0.496246
0.505415
0.478925
0.507855
0.522318
0.453162
0.469206
0.446133
0.490493
0.475796
0.525013
0.53964
0.512203
0.496566
0.485913
0.466779
0.481194
0.537852
0.514509
0.49236
0.471412
0.523523
0.48432
0.471429
0.496603
0.483468
0.517816
0.488728
0.468487
0.487188
0.511459
0.480631
0.550398
0.493306
0.524653
0.49645
0.483257
0.471885
0.52946
0.495986
0.530752
0.546427
0.557965
0.490188
0.510603
0.492415
0.454161
0.491806
0.498788
0.459294
0.49723
0.512907
0.543598
0.532744
0.473093
0.506138
0.486406
0.474142
0.501119
0.516592
0.506019
0.524065
0.492835
0.561176
0.503485
0.496729
0.519551
0.502338
0.47424
0.502231
0.515747
0.503037
0.49446
0.50346
0.485108
0.519823
0.518495
0.524572
0.516082
0.510917
0.434272
0.537884
0.483834
0.506145
0.523517
0.496078
0.505469
0.505622
0.5137
0.496573
0.495404
0.504045
0.558554
0.494961
0.527766
0.507475
0.484059
0.504364
0.482672
0.469495
0.476757
0.577592
0.5333
0.503592
0.521278
0.528988
0.57059
0.458669
0.563948
0.462813
0.522474
0.484539
0.539355
0.52507
0.484503
0.524285
0.446755
0.545622
0.518745
0.460365
0.463179
0.477497
0.567824
0.511324
0.50013
0.490235
0.50099
0.496005
0.500737
0.504173
0.519076
0.502119
0.474239
0.492525
0.485235
0.506058
0.484688
0.498142
0.508315
0.550825
0.510723
0.521829
0.545764
0.528948
0.493316
0.429083
0.452924
0.437265
0.498341
0.532138
0.515602
0.480448
0.500859
0.534188
0.522786
0.530142
0.447984
0.522658
0.566377
0.49659
0.457208
0.488411
0.564828
0.509634
0.547063
0.467746
0.507546
0.495943
0.486987
0.484089
0.476944
0.449366
0.503277
0.476221
0.525012
0.511269
0.528002
0.479944
0.491289
0.497745
0.507748
0.50005
0.509102
0.460553
0.499072
0.409457
0.486952
0.528683
0.53754
0.502413
0.471925
0.497407
0.477228
0.548614
0.491998
0.47169
0.507547
0.465136
0.47411
0.490853
0.474292
0.473033
0.544893
0.51134
0.491757
0.465502
0.510909
0.524478
0.492827
0.524462
0.465298
0.496111
0.523891
0.482443
0.497685
0.50496
0.471469
0.506653
0.454242
0.51661
0.477421
0.502094
0.484767
0.50998
0.509621
0.54061
0.473662
0.49316
0.474955
0.502734
0.471684
0.535495
0.511539
0.519216
0.505333
0.522769
0.517007
0.4091
0.490776
0.522399
0.489777
0.47123
0.509155
0.485474
0.490131
0.506064
0.490175
0.512552
0.528019
0.534659
0.50083
0.460058
0.51444
0.521708
0.546162
0.524183
0.49328
0.489511
0.458905
0.479141
0.460493
0.499747
0.524905
0.496672
0.51748
0.549917
0.491193
0.513653
0.525562
0.501351
0.463564
0.544706
0.478401
0.49563
0.500571
0.52667
0.499269
0.486325
0.530774
0.501807
0.540011
0.492899
0.460147
0.476636
0.508603
0.513674
0.466504
0.543241
0.522166
0.494718
0.467813
0.579956
0.472309
0.501538
0.431294
0.518291
0.499689
0.440451
0.530155
0.462963
0.49465
0.446505
0.494856
0.471923
0.530822
0.514831
0.475761
0.483257
0.508552
0.542295
0.494066
0.535807
0.49505
0.526331
0.497881
0.50043
0.458113
0.467823
0.560316
0.478727
0.540308
0.474918
0.496481
0.486153
0.470496
0.544637
0.466248
0.506357
0.499555
0.489172
0.559661
0.553646
0.577195
0.493726
0.521867
0.500425
0.456726
0.472789
0.484448
0.49652
0.494669
0.45171
0.470018
0.497231
0.502061
0.530453
0.546972
0.506998
0.484362
0.496399
0.541251
0.565564
0.476805
0.493085
0.44201
0.493501
0.482091
0.541733
0.508049
0.463975
0.537287
0.462468
0.511903
0.527623
0.556811
0.532087
0.488439
0.447433
0.468372
0.445246
0.51486
0.500469
0.508752
0.505965
0.498975
0.503358
0.476287
0.486297
0.49262
0.508375
0.476938
0.479057
0.487096
0.507026
0.530822
0.471481
0.487505
0.487999
0.496073
0.566677
0.472859
0.516347
0.506912
0.489768
0.488835
0.430792
0.512808
0.525574
0.50005
0.46602
0.555585
0.444734
0.508731
0.516837
0.471378
0.525119
0.496664
0.521067
0.524288
0.485434
0.487279
0.468069
0.498621
0.527865
0.504765
0.449736
0.456594
0.526655
0.457078
0.440867
0.508364
0.519486
0.499719
0.475778
0.541276
0.508536
0.517163
0.488023
0.525187
0.458087
0.478804
0.49011
0.420757
0.525568
0.496301
0.500082
0.487567
0.462892
0.519192
0.481837
0.478945
0.514972
0.465657
0.476063
0.490387
0.492301
0.525305
0.528664
0.478424
0.514442
0.520847
0.51355
0.486831
0.501334
0.495553
0.416671
0.487041
0.469272
0.54335
0.458161
0.489646
0.498436
0.45844
0.509473
0.523853
0.458855
0.511315
0.502387
0.48178
0.471666
0.498048
0.486745
0.494455
0.532557
0.469723
0.533815
0.516401
0.514258
0.538894
0.532133
0.515683
0.484966
0.539935
0.452719
0.496283
0.469561
0.530164
0.49053
0.49969
0.510515
0.498615
0.509026
0.472572
0.465343
0.509325
0.514732
0.477401
0.477484
0.526026
0.538659
0.462924
0.507486
0.495101
0.49147
0.491334
0.531369
0.483696
0.489258
0.489025
0.53304
0.51984
0.496815
0.52781
0.427636
0.521472
0.435269
0.513473
0.482666
0.481238
0.470956
0.498524
0.493841
0.553932
0.562413
0.506048
0.522444
0.523458
0.482357
0.5115
0.481134
0.506189
0.461531
0.48935
0.525058
0.517603
0.491288
0.481418
0.535128
0.499055
0.511798
0.503813
0.480362
0.481582
0.51273
0.489314
0.526149
0.453593
0.483317
0.472097
0.475313
0.47934
0.458651
0.501662
0.548863
0.495032
0.549091
0.50285
0.493285
0.479468
0.50967
0.468819
0.481272
0.506069
0.476358
0.473848
0.492751
0.493183
0.456077
0.562859
0.48309
0.429534
0.497316
0.494512
0.485353
0.451691
0.488248
0.534771
0.51349
0.520439
0.45921
0.497795
0.503327
0.502917
0.486418
0.511039
0.50823
0.487402
0.543804
0.541447
0.516325
0.477616
0.48984
0.559591
0.45615
0.483434
0.456224
0.498657
0.477597
0.524854
0.455313
0.525128
0.575048
0.48612
0.533169
0.498064
0.559551
0.476867
0.485091
0.463826
0.49693
0.517158
0.460515
0.543149
0.518694
0.493296
0.474158
0.507413
0.482628
0.481282
0.540271
0.491002
0.509936
0.524794
0.516888
0.536622
0.475807
0.48456
0.486932
0.550454
0.490288
0.436009
0.473072
0.524016
0.486334
0.54206
0.493189
0.549601
0.521911
0.477943
0.463327
0.516191
0.503027
0.404902
0.515025
0.512687
0.524563
0.499686
0.433871
0.495357
0.465783
0.496673
0.566185
0.49637
0.507402
0.499523
0.480683
0.490283
0.487072
0.539227
0.582014
0.495365
0.520179
0.505421
0.513031
0.506629
0.552814
0.517855
0.492679
0.507453
0.513796
0.53488
0.516377
0.496649
0.532628
0.515829
0.495758
0.517877
0.520245
0.494175
0.504659
0.478263
0.519454
0.488326
0.478212
0.493101
0.491916
0.526958
0.561945
0.533515
0.498557
0.475722
0.497725
0.473953
0.490287
0.532245
0.523463
0.446396
0.515892
0.486261
0.50342
0.518139
0.533983
0.481773
0.516008
0.490048
0.505863
0.568105
0.485957
0.492132
0.526214
0.476733
0.497721
0.503342
0.508441
0.520754
0.506997
0.502437
0.481587
0.523881
0.467242
0.556826
0.525664
0.485837
0.548044
0.53623
0.502291
0.511016
0.492245
0.49806
0.527512
0.467291
0.508667
0.521375
0.503659
0.431845
0.567341
0.556307
0.487155
0.4809
0.474089
0.47581
0.499105
0.510212
0.511357
0.536622
0.465579
0.563219
0.542155
0.496314
0.474435
0.473707
0.553992
0.473295
0.495582
0.499871
0.469676
0.446649
0.501534
0.526651
0.511851
0.492684
0.485151
0.473214
0.538149
0.465067
0.451427
0.522453
0.453842
0.495413
0.490209
0.44939
0.458844
0.501209
0.546716
0.515343
0.535966
0.527951
0.496739
0.504746
0.437277
0.512362
0.513391
0.541483
0.505465
0.493567
0.502285
0.521628
0.48705
0.449105
0.432018
0.499447
0.484354
0.44265
0.526825
0.483554
0.53307
0.470317
0.528298
0.500082
0.492331
0.502419
0.483018
0.529757
0.434141
0.487572
0.463005
0.485739
0.479048
0.495995
0.495832
0.53911
0.524931
0.488903
0.521299
0.528885
0.465776
0.480855
0.491537
0.533418
0.50732
0.501938
0.501409
0.460082
0.46643
0.536659
0.496088
0.550091
0.451108
0.516419
0.532697
0.505349
0.537973
0.472451
0.572866
0.494189
0.504118
0.476087
0.513095
0.552893
0.560201
0.503238
0.509803
0.519845
0.551657
0.439953
0.505915
0.54922
0.504895
0.515943
0.465887
0.511057
0.495362
0.452932
0.456035
0.504614
0.504351
0.594727
0.53703
0.541862
0.511416
0.46586
0.485462
0.488002
0.449287
0.505698
0.441318
0.505881
0.488142
0.494883
0.50827
0.511179
0.516124
0.510982
0.483638
0.54524
0.47297
0.480222
0.524907
0.492426
0.553637
0.54218
0.439672
0.518867
0.538781
0.494313
0.515885
0.559484
0.53899
0.503192
0.509278
0.560158
0.519622
0.519322
0.564842
0.461919
0.523139
0.492421
0.449232
0.474032
0.495803
0.474032
0.510975
0.542853
0.525613
0.454348
0.535356
0.503341
0.508361
0.500112
0.540855
0.500073
0.558669
0.470487
0.514016
0.484675
0.502903
0.537751
0.479612
0.496512
0.51082
0.519709
0.502996
0.493528
0.482828
0.480679
0.491497
0.500111
0.489746
0.537948
0.571749
0.568847
0.511915
0.510553
0.499818
0.543051
0.544567
0.507275
0.491015
0.456947
0.536293
0.450719
0.516252
0.50036
0.527507
0.51435
0.451829
0.494815
0.535781
0.469359
0.48953
0.557899
0.484913
0.478251
0.503887
0.482776
0.564612
0.512
0.513502
0.489718
0.507672
0.537676
0.493298
0.446537
0.511518
0.453403
0.48457
0.474789
0.500983
0.48752
0.479712
0.538616
0.459205
0.478833
0.428501
0.533119
0.523516
0.564825
0.46281
0.439127
0.483191
0.524694
0.506615
0.501228
0.485941
0.474109
0.468188
0.51596
0.510023
0.498544
0.531341
0.46701
0.518834
0.55207
0.472598
0.494322
0.494876
0.498487
0.501162
0.493966
0.539957
0.49166
0.508577
0.48566
0.478513
0.531937
0.49492
0.434811
0.520913
0.505536
0.528444
0.475955
0.523634
0.533755
0.505504
0.494462
0.493176
0.518894
0.477675
0.513396
0.49059
0.493767
0.532913
0.50239
0.503497
0.481663
0.52765
0.525422
0.512476
0.523652
0.48669
0.504359
0.478686
0.490088
0.46778
0.495147
0.549604
0.543207
0.517737
0.453529
0.479761
0.507677
0.497003
0.487151
0.513336
0.545986
0.489499
0.510945
0.495488
0.475534
0.474661
0.532656
0.539311
0.444316
0.468526
0.455392
0.465276
0.442057
0.510746
0.524068
0.520033
0.513686
0.474409
0.502628
0.531464
0.482017
0.505527
0.498902
0.496841
0.466512
0.469093
0.493996
0.510976
0.545007
0.478547
0.473072
0.491248
0.525273
0.455562
0.534402
0.466348
0.503276
0.516996
0.523567
0.455663
0.495033
0.525903
0.479678
0.526134
0.488922
0.473465
0.530495
0.453484
0.495324
0.488738
0.523314
0.464689
0.510478
0.513063
0.478505
0.518561
0.511415
0.50604
0.452566
0.471322
0.528857
0.469922
0.50758
0.524044
0.504947
0.499318
0.483938
0.498826
0.492684
0.483068
0.483211
0.450596
0.503952
0.475177
0.488044
0.511386
0.562996
0.51167
0.465942
0.493991
0.462242
0.490257
0.483838
0.561855
0.52732
0.489667
0.520291
0.532077
0.498172
0.515543
0.492224
0.478412
0.453123
0.479762
0.473044
0.521124
0.48278
0.470052
0.46904
0.490593
0.520643
0.436799
0.500928
0.471533
0.527301
0.513894
0.477415
0.464695
0.515087
0.490515
0.457658
0.522941
0.450061
0.51071
0.459501
0.478556
0.508211
0.517657
0.570353
0.488677
0.502734
0.49948
0.507587
0.43571
0.529272
0.473487
0.555339
0.499612
0.55599
0.505715
0.534576
0.468918
0.465354
0.512653
0.483313
0.537375
0.424502
0.472014
0.543847
0.463075
0.491069
0.439439
0.473893
0.436946
0.551342
0.448001
0.498487
0.497487
0.507637
0.537389
0.509539
0.50862
0.491743
0.50964
0.469901
0.457528
0.491338
0.488306
0.528845
0.449358
0.506236
0.527917
0.475794
0.52567
0.511337
0.500626
0.479215
0.513495
0.453169
0.506904
0.497528
0.461888
0.496885
0.457167
0.478907
0.522841
0.520595
0.541197
0.50686
0.503442
0.513902
0.502253
0.518451
0.546144
0.527535
0.502723
0.512045
0.524029
0.450924
0.488213
0.501448
0.557934
0.464622
0.51693
0.493323
0.462317
0.47443
0.571254
0.534743
0.446741
0.514109
0.568349
0.517776
0.509846
0.543548
0.466714
0.487964
0.502688
0.469267
0.525528
0.503563
0.548314
0.504129
0.503679
0.512449
0.444459
0.51314
0.535344
0.503526
0.496226
0.5022
0.50899
0.529541
0.485639
0.526694
0.496691
0.508173
0.524928
0.476792
0.470611
0.528257
0.520436
0.536326
0.523543
0.508041
0.544012
0.482139
0.48038
0.502333
0.458772
0.440753
0.517384
0.555423
0.556097
0.489259
0.486134
0.476649
0.560749
0.447282
0.499027
0.535484
0.51098
0.496907
0.483207
0.513022
0.470495
0.487444
0.529797
0.526735
0.539171
0.501896
0.505305
0.465376
0.519378
0.492012
0.562091
0.450901
0.464797
0.488804
0.494753
0.484291
0.548603
0.54539
0.519319
0.522146
0.467883
0.459052
0.49212
0.510922
0.521176
0.539376
0.505211
0.555689
0.486002
0.559352
0.46522
0.490293
0.51325
0.496304
0.512506
0.565781
0.525313
0.509536
0.487484
0.493974
0.484839
0.561557
0.491013
0.513067
0.490963
0.499762
0.495707
0.502119
0.539915
0.495458
0.535048
0.541319
0.476864
0.547084
0.487178
0.504894
0.545874
0.514532
0.520245
0.483543
0.424854
0.48141
0.466173
0.473266
0.462375
0.492151
0.57974
0.537463
0.463223
0.480826
0.519831
0.519181
0.489566
0.518541
0.51974
0.510382
0.49462
0.516298
0.513406
0.495106
0.545668
0.50018
0.514449
0.52341
0.513333
0.495753
0.514886
0.502948
0.503951
0.468554
0.43039
0.515077
0.511946
0.517527
0.528995
0.492355
0.489068
0.498305
0.520084
0.504315
0.477365
0.463193
0.570568
0.528383
0.49278
0.46474
0.485113
0.522817
0.526228
0.479765
0.477297
0.488544
0.529046
0.530723
0.508562
0.536768
0.499681
0.511273
0.461857
0.439224
0.458491
0.492938
0.496821
0.507955
0.517538
0.479716
0.493404
0.531482
0.452248
0.537531
0.460781
0.514252
0.471807
0.515389
0.508452
0.496222
0.525177
0.485122
0.516389
0.549476
0.459597
0.536586
0.491117
0.518732
0.488456
0.485198
0.504588
0.492622
0.475399
0.518676
0.512744
0.552615
0.461553
0.549873
0.560624
0.546469
0.472741
0.482557
0.560906
0.513075
0.503562
0.527034
0.482742
0.475568
0.525215
0.502479
0.517779
0.479594
0.553928
0.482848
0.460235
0.483593
0.496888
0.483251
0.497889
0.527977
0.462533
0.513657
0.49089
0.510084
0.552079
0.436815
0.515235
0.471772
0.48917
0.517244
0.497797
0.546546
0.454513
0.4882
0.479792
0.523066
0.522381
0.543465
0.505534
0.501939
0.485854
0.500849
0.483382
0.452654
0.507678
0.464273
0.465728
0.517533
0.533609
0.481318
0.494923
0.499589
0.515133
0.483099
0.511996
0.491144
0.49841
0.483358
0.505056
0.490102
0.486348
0.553626
0.53425
0.510739
0.490664
0.561363
0.48014
0.525894
0.530798
0.507918
0.522391
0.457422
0.53659
0.543202
0.485629
0.53181
0.481546
0.473945
0.549362
0.517792
0.48362
0.482414
0.518818
0.462885
0.460339
0.502464
0.463593
0.485676
0.495182
0.479793
0.480971
0.460766
0.472071
0.503289
0.510806
0.523236
0.504852
0.484333
0.518818
0.519504
0.548635
0.54093
0.525206
0.531456
0.489886
0.513561
0.515427
0.500727
0.532129
0.489606
0.500039
0.449997
0.524128
0.513236
0.540458
0.528188
0.457457
0.497634
0.497531
0.506432
0.470285
0.496427
0.54978
0.431683
0.534296
0.501198
0.438199
0.474854
0.451585
0.491964
0.514478
0.520347
0.488434
0.477482
0.489535
0.523859
0.502809
0.512267
0.479221
0.505327
0.532493
0.527191
0.474074
0.473905
0.530693
0.510547
0.410013
0.481827
0.51602
0.466438
0.476822
0.484046
0.473709
0.467384
0.531319
0.530526
0.504952
0.468007
0.492074
0.50804
0.511223
0.526678
0.53256
0.51838
0.500464
0.531996
0.489598
0.449829
0.422021
0.460977
0.47399
0.478786
0.497183
0.535829
0.490196
0.488405
0.45222
0.496179
0.481944
0.531135
0.460782
0.483645
0.480642
0.552034
0.462541
0.465608
0.483463
0.499725
0.504947
0.505068
0.507993
0.501873
0.524971
0.543468
0.480292
0.492064
0.48772
0.47334
0.493274
0.494949
0.488787
0.58767
0.502253
0.496537
0.527218
0.44284
0.554544
0.496515
0.495969
0.522033
0.459997
0.519453
0.446726
0.52597
0.439326
0.481791
0.515972
0.477859
0.527124
0.471466
0.50916
0.499424
0.516424
0.527064
0.449887
0.474893
0.481688
0.503369
0.530918
0.449825
0.497107
0.460178
0.49397
0.521641
0.467065
0.501269
0.53509
0.46874
0.45567
0.500387
0.512545
0.485077
0.462203
0.501129
0.554055
0.437069
0.459373
0.537594
0.520288
0.499719
0.52125
0.49269
0.581448
0.468812
0.537751
0.530953
0.463878
0.516081
0.462551
0.522768
0.523502
0.494204
0.5313
0.556859
0.513032
0.508504
0.507017
0.497925
0.459767
0.512238
0.499538
0.506301
0.500905
0.532349
0.525884
0.526512
0.503201
0.512543
0.498444
0.4616
0.523877
0.550583
0.437827
0.490094
0.44964
0.526661
0.517269
0.462511
0.5307
0.469729
0.535467
0.464242
0.466639
0.508675
0.52472
0.501715
0.431035
0.45519
0.47124
0.448706
0.471691
0.475234
0.524523
0.43967
0.523356
0.495954
0.492646
0.476963
0.529818
0.514936
0.490362
0.478847
0.442226
0.48867
0.496878
0.545132
0.47054
0.487094
0.500185
0.517341
0.494959
0.481102
0.524815
0.510275
0.53422
0.479878
0.499897
0.521849
0.487643
0.564952
0.514399
0.478068
0.517778
0.467825
0.496415
0.490035
0.500553
0.478067
0.523385
0.509843
0.519784
0.528735
0.500111
0.512255
0.462923
0.486014
0.501462
0.489012
0.514928
0.51993
0.526618
0.472675
0.50711
0.533031
0.481755
0.486861
0.517863
0.483896
0.448021
0.509747
0.492117
0.462357
0.461698
0.477724
0.51642
0.523299
0.513413
0.50607
0.496501
0.525929
0.523281
0.503524
0.514203
0.505371
0.518839
0.467624
0.550654
0.493468
0.462676
0.5377
0.542556
0.525678
0.5466
0.502378
0.548459
0.47092
0.509239
0.528496
0.501907
0.471258
0.443946
0.468273
0.478317
0.498293
0.483877
0.52164
0.482482
0.543137
0.511131
0.46058
0.543555
0.496853
0.526803
0.52238
0.584404
0.518217
0.518855
0.508635
0.502205
0.485703
0.524656
0.476915
0.467154
0.440541
0.465074
0.511946
0.526161
0.457738
0.487004
0.473184
0.458419
0.511934
0.451186
0.485675
0.559706
0.494966
0.522215
0.55104
0.472306
0.512015
0.527591
0.505501
0.537421
0.503215
0.472706
0.501793
0.50694
0.467591
0.49863
0.54185
0.471462
0.44621
0.529571
0.507136
0.501424
0.521416
0.516896
0.503502
0.478219
0.499023
0.496573
0.497435
0.492188
0.490337
0.526919
0.480579
0.494343
0.460899
0.463525
0.489404
0.528707
0.532801
0.498231
0.526898
0.482151
0.487465
0.459035
0.513151
0.488588
0.465753
0.497797
0.521711
0.48441
0.472297
0.50263
0.478594
0.472043
0.600895
0.541833
0.500805
0.478488
0.547881
0.466259
0.471263
0.485731
0.480325
0.506985
0.516993
0.539888
0.495936
0.52516
0.457468
0.495973
0.491558
0.5209
0.489969
0.50515
0.497117
0.518118
0.458845
0.48135
0.531908
0.542153
0.525541
0.464133
0.51009
0.527079
0.526277
0.524664
0.502259
0.539564
0.464241
0.501672
0.519989
0.476159
0.523189
0.544285
0.550199
0.530885
0.519307
0.448602
0.526237
0.470009
0.538222
0.484871
0.50254
0.480858
0.484041
0.572172
0.519756
0.461572
0.467276
0.497454
0.507203
0.508654
0.498546
0.445818
0.509534
0.4792
0.474929
0.448913
0.494486
0.464683
0.495829
0.538322
0.508588
0.503159
0.495241
0.490816
0.487703
0.466783
0.517289
0.502343
0.509282
0.471498
0.521914
0.547638
0.453196
0.535779
0.487573
0.472318
0.498034
0.465302
0.497847
0.53435
0.469728
0.49042
0.49881
0.431746
0.479394
0.463314
0.534052
0.463391
0.497247
0.551693
0.494219
0.559843
0.519491
0.475933
0.477951
0.551012
0.495024
0.556504
0.471092
0.427571
0.518867
0.47859
0.461047
0.472988
0.549168
0.490747
0.503156
0.453043
0.544672
0.484499
0.50597
0.519714
0.469518
0.521734
0.5023
0.476304
0.512249
0.496776
0.5329
0.490676
0.465905
0.53001
0.479689
0.533487
0.516078
0.529939
0.525357
0.468286
0.433793
0.550537
0.476246
0.460344
0.480108
0.530786
0.485379
0.501109
0.479292
0.48326
0.482508
0.455147
0.50746
0.488642
0.528062
0.446448
0.49355
0.513039
0.527862
0.480973
0.509501
0.52498
0.445485
0.482316
0.496518
0.468962
0.529152
0.527356
0.504297
0.522424
0.490005
0.518777
0.490084
0.513031
0.548664
0.50132
0.514441
0.493123
0.456925
0.508665
0.480596
0.538227
0.521482
0.497783
0.534255
0.486495
0.516544
0.507676
0.500745
0.485941
0.472224
0.539336
0.526368
0.496358
0.465575
0.503837
0.470834
0.452789
0.511148
0.465401
0.467665
0.517424
0.477944
0.546345
0.509415
0.546799
0.499638
0.510758
0.464617
0.491175
0.484956
0.493792
0.463302
0.462969
0.45506
0.503453
0.517983
0.501111
0.474845
0.541748
0.526967
0.538208
0.464995
0.542078
0.476886
0.457378
0.471694
0.489739
0.5013
0.455644
0.520852
0.502423
0.562266
0.500758
0.493731
0.52758
0.511746
0.558314
0.430844
0.503514
0.539707
0.496054
0.500997
0.531103
0.475826
0.50222
0.512355
0.483007
0.571638
0.474831
0.522399
0.517239
0.560024
0.478771
0.493665
0.481978
0.528911
0.577544
0.50212
0.458495
0.50605
0.536592
0.465065
0.489074
0.471756
0.515035
0.475427
0.486793
0.486481
0.512713
0.509336
0.504045
0.510101
0.489409
0.533833
0.486684
0.519776
0.503125
0.51161
0.500646
0.433282
0.46428
0.519645
0.487947
0.514666
0.472721
0.538603
0.45892
0.499117
0.5344
0.489889
0.507557
0.493917
0.48461
0.507222
0.506854
0.482354
0.504651
0.469601
0.531019
0.557469
0.458794
0.532549
0.521408
0.442506
0.468426
0.514499
0.493096
0.494956
0.500242
0.505201
0.49892
0.501048
0.495374
0.493031
0.537897
0.497588
0.536315
0.558062
0.464884
0.497994
0.508524
0.487792
0.488345
0.479423
0.483585
0.522389
0.483113
0.517852
0.540787
0.486326
0.46502
0.438
0.494019
0.483301
0.47426
0.524949
0.490827
0.481291
0.484376
0.514359
0.500541
0.464634
0.493729
0.468134
0.488311
0.480006
0.476336
0.532427
0.481967
0.543172
0.498953
0.494854
0.518534
0.523376
0.491259
0.497786
0.547319
0.472262
0.516051
0.484608
0.486414
0.484183
0.516281
0.495808
0.499509
0.44479
0.545856
0.551773
0.499874
0.534758
0.471034
0.509175
0.528403
0.415544
0.469322
0.467807
0.512582
0.47403
0.522738
0.524765
0.503257
0.502948
0.492305
0.502824
0.496082
0.493944
0.540672
0.479916
0.504524
0.530167
0.489716
0.526549
0.521288
0.545256
0.490013
0.528071
0.515049
0.485592
0.509051
0.498642
0.529363
0.502706
0.515054
0.473786
0.500624
0.472699
0.5033
0.508405
0.461961
0.509566
0.5118
0.527124
0.549925
0.569283
0.523223
0.523853
0.50086
0.461553
0.489931
0.477418
0.553827
0.476063
0.499008
0.51017
0.476953
0.480136
0.50415
0.456411
0.494087
0.484668
0.481301
0.537537
0.498627
0.525197
0.544897
0.480769
0.531408
0.494998
0.511609
0.518331
0.49951
0.517081
0.498443
0.473975
0.492875
0.511951
0.482084
0.473704
0.525595
0.48802
0.526358
0.537589
0.498763
0.451537
0.474675
0.499535
0.43174
0.502922
0.534352
0.50189
0.478731
0.496358
0.49966
0.561757
0.45754
0.479547
0.460497
0.515891
0.517375
0.480469
0.51355
0.501058
0.47258
0.518053
0.542815
0.506726
0.529171
0.543609
0.46637
0.516962
0.531053
0.529913
0.476249
0.478419
0.482783
0.44481
0.528316
0.491276
0.495767
0.496215
0.539003
0.520018
0.494752
0.525383
0.495782
0.480919
0.471509
0.505331
0.528263
0.463115
0.462554
0.511273
0.526769
0.500128
0.487805
0.519961
0.485287
0.508733
0.517041
0.424792
0.465659
0.482029
0.481036
0.51356
0.509876
0.463592
0.474248
0.495732
0.437378
0.489593
0.435938
0.496126
0.484211
0.495745
0.526584
0.511845
0.510922
0.495961
0.52648
0.469376
0.486078
0.519597
0.483389
0.508699
0.532263
0.48415
0.516111
0.531293
0.411455
0.510294
0.460874
0.578918
0.506629
0.546125
0.497382
0.440042
0.516484
0.517485
0.451431
0.500785
0.520158
0.501254
0.470947
0.487268
0.53881
0.518465
0.502321
0.516226
0.470933
0.494136
0.513936
0.490769
0.4783
0.490686
0.483733
0.498171
0.499382
0.491801
0.517708
0.486541
0.50714
0.463649
0.476221
0.487285
0.498059
0.510288
0.504968
0.530197
0.509294
0.51017
0.467518
0.458079
0.460804
0.520598
0.536272
0.497762
0.529357
0.507017
0.458722
0.524389
0.491268
0.514018
0.535897
0.485851
0.540763
0.514924
0.489853
0.49424
0.50082
0.486829
0.527094
0.551204
0.503386
0.547984
0.504795
0.534072
0.505827
0.514377
0.476708
0.469619
0.490501
0.472411
0.485607
0.492359
0.464312
0.494529
0.46918
0.524236
0.455134
0.474681
0.526205
0.52258
0.481979
0.500498
0.479919
0.473216
0.505773
0.539047
0.475428
0.475589
0.457624
0.473047
0.478053
0.536787
0.491463
0.524425
0.519473
0.571339
0.557911
0.452066
0.498551
0.493657
0.416275
0.460664
0.513707
0.449997
0.521528
0.507521
0.523724
0.46682
0.53315
0.544183
0.533853
0.472424
0.51272
0.489785
0.494097
0.55872
0.487112
0.512983
0.53655
0.460033
0.494191
0.489339
0.478658
0.525799
0.487865
0.451044
0.489292
0.484026
0.489387
0.505849
0.514487
0.552418
0.48176
0.482081
0.469741
0.503999
0.524148
0.506616
0.525746
0.474154
0.473135
0.522689
0.504408
0.495926
0.507741
0.514408
0.542061
0.490469
0.465037
0.464857
0.54672
0.509518
0.513266
0.464656
0.496269
0.516756
0.529313
0.517856
0.494452
0.454956
0.537432
0.502038
0.521538
0.535762
0.546074
0.509505
0.506543
0.489001
0.469717
0.506425
0.507872
0.548381
0.512546
0.506811
0.529278
0.490474
0.510895
0.498212
0.497981
0.503828
0.48128
0.515982
0.471854
0.525118
0.520943
0.513018
0.482531
0.519181
0.517748
0.501818
0.511314
0.50983
0.466322
0.465764
0.484768
0.568307
0.477312
0.496475
0.466858
0.516267
0.47663
0.494127
0.474519
0.530152
0.471564
0.527605
0.47353
0.493835
0.530632
0.501363
0.501561
0.446417
0.484045
0.525869
0.47528
0.572041
0.481669
0.478512
0.488378
0.488602
0.47534
0.541832
0.497403
0.472232
0.522434
0.475976
0.522275
0.464426
0.517541
0.502221
0.558345
0.448697
0.479132
0.454468
0.486887
0.513622
0.498094
0.535567
0.490893
0.489159
0.485003
0.495343
0.523045
0.553113
0.523014
0.477221
0.542737
0.514625
0.513236
0.530295
0.47903
0.541552
0.519481
0.453743
0.516405
0.508625
0.479243
0.510441
0.540196
0.453247
0.557804
0.496667
0.558575
0.515818
0.512317
0.494765
0.497966
0.531453
0.472766
0.505638
0.448761
0.459974
0.476659
0.497954
0.548211
0.481047
0.504341
0.530932
0.507376
0.481338
0.51179
0.457592
0.458996
0.490571
0.547788
0.515338
0.503168
0.493356
0.512325
0.540744
0.507702
0.513656
0.503118
0.545431
0.480029
0.448788
0.507128
0.449901
0.507532
0.529812
0.463935
0.462205
0.433187
0.485192
0.48785
0.488316
0.503377
0.484606
0.475656
0.471092
0.544761
0.519779
0.496824
0.504696
0.507069
0.519205
0.493104
0.541349
0.458702
0.503649
0.524353
0.507289
0.472006
0.479292
0.557475
0.524824
0.525103
0.515398
0.505361
0.537329
0.497149
0.503373
0.49268
0.544094
0.523888
0.554103
0.495425
0.481866
0.500396
0.550435
0.461063
0.499984
0.507867
0.501679
0.506181
0.495969
0.531332
0.497003
0.498495
0.50845
0.50518
0.524611
0.510102
0.5243
0.533354
0.503554
0.538842
0.48685
0.511104
0.495068
0.494656
0.51207
0.515166
0.530314
0.527805
0.479578
0.499242
0.49138
0.475833
0.505363
0.501659
0.532433
0.476141
0.513084
0.462082
0.527898
0.491054
0.49084
0.474154
0.424525
0.462253
0.49026
0.500936
0.474231
0.461447
0.484816
0.51003
0.444592
0.49416
0.564206
0.45525
0.513851
0.453507
0.471711
0.451722
0.447322
0.570839
0.50137
0.50129
0.462075
0.540123
0.471879
0.505094
0.546755
0.512943
0.504061
0.440206
0.443429
0.490985
0.478807
0.53719
0.488332
0.562892
0.48234
0.475467
0.468377
0.532361
0.475696
0.453357
0.480316
0.504344
0.545285
0.489671
0.479427
0.456257
0.511411
0.553741
0.514587
0.461035
0.50163
0.540735
0.516623
0.488944
0.505808
0.529167
0.516812
0.514998
0.519778
0.487452
0.472395
0.488866
0.514437
0.456385
0.435994
0.504155
0.527195
0.494432
0.545797
0.513916
0.462619
0.572692
0.473389
0.519286
0.50917
0.476412
0.476111
0.528096
0.468896
0.519934
0.490805
0.480371
0.466957
0.511941
0.525838
0.497544
0.477863
0.45788
0.518272
0.482307
0.475291
0.556443
0.523049
0.54594
0.512365
0.486968
0.471085
0.500004
0.569272
0.514652
0.503122
0.489287
0.485079
0.530433
0.496232
0.512849
0.490638
0.482427
0.499847
0.500067
0.499459
0.505802
0.49818
0.498548
0.463398
0.487936
0.495917
0.48077
0.490072
0.465772
0.464056
0.496349
0.498849
0.512215
0.492776
0.516797
0.522295
0.488457
0.498187
0.499632
0.509964
0.48911
0.509862
0.498745
0.50139
0.527011
0.556019
0.507873
0.525162
0.494584
0.50321
0.514061
0.510963
0.508629
0.53742
0.467994
0.381441
0.455408
0.503434
0.458069
0.480785
0.49292
0.539345
0.525076
0.506895
0.527217
0.533091
0.464378
0.503997
0.549656
0.537884
0.502451
0.472606
0.49195
0.503411
0.534663
0.463686
0.485897
0.459683
0.521173
0.473905
0.554662
0.490405
0.517818
0.518839
0.472488
0.542739
0.458861
0.571016
0.449709
0.520348
0.498488
0.469668
0.499937
0.496572
0.517912
0.469065
0.506309
0.494641
0.484974
0.512312
0.473657
0.531771
0.4831
0.537474
0.50348
0.50404
0.426511
0.482917
0.478598
0.498912
0.478538
0.518726
0.484352
0.492269
0.569928
0.501086
0.543241
0.566858
0.474025
0.476499
0.479852
0.488996
0.485674
0.592705
0.482974
0.480428
0.550761
0.563189
0.521764
0.492202
0.433224
0.502148
0.482839
0.527444
0.526443
0.486792
0.48517
0.499904
0.515862
0.503853
0.509658
0.485148
0.47973
0.507175
0.550259
0.521269
0.474832
0.493271
0.523534
0.526002
0.464086
0.461709
0.463512
0.507099
0.542873
0.447201
0.468718
0.51286
0.470997
0.54029
0.518266
0.469683
0.46712
0.453482
0.523867
0.483508
0.512569
0.479724
0.554651
0.492036
0.501386
0.50008
0.49166
0.494591
0.423488
0.557497
0.478897
0.506505
0.507819
0.503531
0.507801
0.554904
0.502369
0.494906
0.522027
0.462755
0.48793
0.506776
0.499396
0.498069
0.512471
0.429583
0.527913
0.495122
0.492999
0.536359
0.462695
0.514573
0.501789
0.477379
0.500715
0.499352
0.473854
0.569005
0.53022
0.483196
0.472525
0.533629
0.461695
0.468706
0.520029
0.46757
0.477265
0.481802
0.559926
0.483796
0.485396
0.519445
0.508291
0.486372
0.537769
0.537513
0.480508
0.503479
0.495212
0.525689
0.540551
0.485893
0.479562
0.516254
0.529642
0.497807
0.46832
0.543648
0.491135
0.486851
0.498995
0.461674
0.508527
0.540204
0.489992
0.465231
0.513449
0.483659
0.524934
0.503438
0.53053
0.490527
0.527281
0.551032
0.436001
0.587246
0.552135
0.484907
0.486906
0.49258
0.542086
0.532685
0.537814
0.507265
0.493996
0.490174
0.471888
0.491004
0.523583
0.514601
0.5032
0.563663
0.524678
0.520491
0.527156
0.527546
0.470041
0.485071
0.515918
0.517641
0.500603
0.550064
0.555681
0.456691
0.490007
0.486757
0.482704
0.451976
0.521332
0.46122
0.474941
0.540682
0.482867
0.486541
0.486177
0.520725
0.559811
0.488959
0.519515
0.483909
0.438783
0.504769
0.477117
0.4783
0.511997
0.504872
0.54305
0.526672
0.478005
0.493849
0.486124
0.487924
0.505855
0.490433
0.479603
0.498322
0.469558
0.506243
0.494644
0.519456
0.459732
0.439678
0.494362
0.519776
0.4893
0.50182
0.535377
0.516591
0.440109
0.501244
0.533734
0.515403
0.467363
0.494591
0.512056
0.503442
0.458722
0.459793
0.474818
0.554295
0.494962
0.468817
0.518605
0.510487
0.479061
0.526808
0.474243
0.480901
0.520583
0.484496
0.487665
0.4599
0.512247
0.470762
0.51639
0.505044
0.485543
0.482214
0.458501
0.530252
0.512278
0.466666
0.52098
0.531311
0.488926
0.477386
0.514286
0.550587
0.490654
0.494989
0.530047
0.527818
0.501899
0.513859
0.488748
0.543875
0.480377
0.469955
0.514276
0.444347
0.521392
0.496899
0.52221
0.50984
0.469323
0.497209
0.458725
0.499862
0.523164
0.495548
0.496988
0.497161
0.502993
0.470872
0.507914
0.559402
0.49424
0.484355
0.492173
0.52505
0.506636
0.499952
0.490297
0.45034
0.544717
0.494489
0.48779
0.514202
0.446748
0.494147
0.502099
0.508026
0.488957
0.50422
0.538322
0.537126
0.501946
0.539014
0.470539
0.510801
0.476147
0.498776
0.525622
0.477843
0.503218
0.490511
0.536421
0.474388
0.490231
0.489579
0.531187
0.470967
0.553546
0.448926
0.476102
0.475652
0.519228
0.442852
0.477817
0.450152
0.576904
0.512164
0.502833
0.495747
0.493913
0.497604
0.510645
0.525927
0.486637
0.488424
0.467479
0.522623
0.515884
0.482984
0.467541
0.45289
0.463202
0.538242
0.518611
0.492923
0.494991
0.52502
0.498893
0.496289
0.481298
0.485914
0.471973
0.483239
0.486157
0.522725
0.446764
0.547976
0.516365
0.48029
0.489327
0.440761
0.515557
0.463579
0.513418
0.51173
0.490455
0.504945
0.496667
0.453286
0.49618
0.458389
0.50923
0.527961
0.487482
0.517726
0.501817
0.458606
0.472773
0.465522
0.499961
0.487789
0.527847
0.519674
0.501393
0.523279
0.506142
0.494514
0.463419
0.486493
0.452436
0.493315
0.447151
0.490765
0.516845
0.509054
0.505486
0.496339
0.515996
0.480337
0.5217
0.508937
0.498255
0.489338
0.485524
0.508786
0.459882
0.498632
0.563598
0.49698
0.45899
0.523808
0.481155
0.496055
0.50418
0.508718
0.491821
0.481644
0.49473
0.460258
0.552415
0.53209
0.509209
0.469536
0.459601
0.492895
0.489401
0.486318
0.455289
0.49288
0.486394
0.513617
0.507647
0.498922
0.505738
0.489309
0.504609
0.536161
0.478514
0.511635
0.536739
0.530528
0.51522
0.525483
0.486342
0.490496
0.489325
0.476318
0.549691
0.494899
0.487383
0.468625
0.499238
0.553725
0.512565
0.505755
0.522699
0.488735
0.478505
0.508041
0.505867
0.490793
0.500319
0.486059
0.516056
0.540776
0.54967
0.515912
0.493019
0.500952
0.530775
0.493413
0.514246
0.523681
0.524201
0.544033
0.461488
0.484337
0.515346
0.485498
0.485409
0.5553
0.494474
0.529915
0.495223
0.517921
0.505169
0.512281
0.520189
0.48931
0.478104
0.512274
0.469863
0.450839
0.486977
0.556189
0.479946
0.495229
0.503507
0.545887
0.510639
0.489092
0.478351
0.501655
0.524352
0.50781
0.484834
0.515824
0.439658
0.509624
0.442344
0.57404
0.49836
0.485801
0.496288
0.511058
0.482552
0.463772
0.451476
0.497927
0.508542
0.480088
0.505804
0.53745
0.524515
0.510098
0.511114
0.504792
0.538812
0.541205
0.478114
0.530104
0.515703
0.476585
0.532215
0.480051
0.465516
0.536231
0.537183
0.475103
0.466017
0.492219
0.513456
0.51948
0.501899
0.525047
0.478023
0.470616
0.50926
0.527939
0.562727
0.515013
0.491952
0.495981
0.497874
0.547381
0.516663
0.486965
0.538011
0.549908
0.463624
0.52082
0.516769
0.518566
0.529793
0.494499
0.497626
0.493299
0.551418
0.539201
0.527473
0.478999
0.512831
0.476803
0.479858
0.504112
0.51836
0.482374
0.524788
0.46378
0.484231
0.499651
0.501951
0.494365
0.537338
0.486344
0.494245
0.50626
0.487748
0.516157
0.578486
0.501834
0.431825
0.494384
0.490164
0.495404
0.472842
0.533974
0.519132
0.522103
0.535965
0.508923
0.50309
0.512521
0.514462
0.481876
0.485762
0.499985
0.524047
0.502816
0.456604
0.517373
0.502197
0.485707
0.538961
0.500314
0.509344
0.479977
0.453512
0.523662
0.488808
0.503707
0.503897
0.41812
0.492334
0.4554
0.421402
0.533882
0.548135
0.491218
0.515564
0.528173
0.518288
0.574543
0.517585
0.513558
0.542375
0.514757
0.473417
0.513903
0.494242
0.522097
0.563406
0.484851
0.55874
0.515473
0.505362
0.525698
0.515339
0.530122
0.537928
0.489543
0.525481
0.501968
0.471134
0.508575
0.510545
0.475565
0.520995
0.521395
0.507302
0.552505
0.525046
0.519223
0.477743
0.457149
0.475669
0.497882
0.480134
0.466581
0.51811
0.512427
0.498201
0.451635
0.500039
0.441297
0.505292
0.545883
0.549542
0.496861
0.540415
0.499463
0.518413
0.529238
0.513006
0.50461
0.507629
0.500262
0.483325
0.48977
0.501873
0.494468
0.485326
0.48918
0.519984
0.493976
0.50891
0.474774
0.468215
0.494144
0.478401
0.487304
0.483165
0.506873
0.484154
0.453542
0.451261
0.458426
0.424136
0.456441
0.541678
0.478651
0.50239
0.49513
0.499545
0.508465
0.531221
0.531622
0.476349
0.482501
0.534017
0.481097
0.514373
0.493757
0.495538
0.512654
0.542074
0.507157
0.526593
0.487392
0.527259
0.498876
0.449939
0.530698
0.474941
0.468313
0.544305
0.515623
0.496742
0.499586
0.523403
0.514218
0.488733
0.469423
0.506806
0.503695
0.484567
0.518322
0.519564
0.454311
0.500797
0.461866
0.487438
0.545823
0.501246
0.519048
0.48462
0.569409
0.527298
0.554501
0.470824
0.511923
0.511
0.561493
0.444611
0.489355
0.457838
0.482577
0.459834
0.496378
0.526065
0.484754
0.522073
0.518854
0.559459
0.516038
0.501929
0.496174
0.520381
0.520287
0.482071
0.490304
0.450016
0.507189
0.534879
0.508419
0.462656
0.51426
0.537602
0.465994
0.500925
0.507745
0.521855
0.467229
0.538796
0.499287
0.544378
0.459684
0.499289
0.485247
0.505896
0.529996
0.493722
0.515538
0.534977
0.507557
0.519393
0.458863
0.423753
0.473024
0.482556
0.441221
0.492378
0.498543
0.453583
0.484557
0.459108
0.526547
0.501178
0.512441
0.522864
0.484025
0.452513
0.489635
0.545165
0.539116
0.51617
0.492435
0.518301
0.536915
0.414767
0.556663
0.526617
0.451364
0.474121
0.500176
0.537795
0.480103
0.51586
0.506771
0.530992
0.45915
0.520317
0.518363
0.468723
0.544292
0.486615
0.532312
0.489365
0.496065
0.5068
0.520771
0.457137
0.505189
0.540904
0.50892
0.496458
0.485332
0.469807
0.438992
0.507542
0.490092
0.47278
0.516923
0.510103
0.491061
0.526581
0.54854
0.492058
0.503838
0.492973
0.502139
0.530086
0.518895
0.531556
0.564334
0.488942
0.51413
0.504763
0.526054
0.486365
0.486023
0.52192
0.495559
0.490499
0.476239
0.499229
0.565358
0.516662
0.520569
0.462552
0.539895
0.460362
0.477082
0.509876
0.490875
0.453431
0.500357
0.460331
0.547129
0.510143
0.538675
0.526631
0.475853
0.470202
0.50105
0.497825
0.472138
0.535469
0.500958
0.519218
0.513636
0.507299
0.563665
0.506351
0.517247
0.491381
0.553998
0.509907
0.484711
0.516928
0.521464
0.528414
0.573961
0.50712
0.529568
0.485638
0.45313
0.487653
0.476218
0.499515
0.534075
0.580281
0.512095
0.45952
0.532302
0.49823
0.493845
0.539338
0.510157
0.530339
0.478992
0.501707
0.550169
0.530831
0.479427
0.482317
0.515407
0.56156
0.480357
0.459641
0.523746
0.513635
0.501596
0.437564
0.43289
0.485278
0.478051
0.507685
0.503049
0.522796
0.516304
0.508186
0.474141
0.47155
0.504148
0.516114
0.524383
0.443783
0.509959
0.509972
0.527156
0.550189
0.508769
0.509493
0.533019
0.462101
0.471939
0.439452
0.493743
0.461166
0.567275
0.504425
0.515238
0.463385
0.486486
0.531333
0.50626
0.524393
0.50685
0.526676
0.499752
0.512862
0.543965
0.445313
0.49372
0.508878
0.492453
0.487673
0.448497
0.5642
0.511508
0.502266
0.467278
0.491251
0.552142
0.510377
0.556809
0.517723
0.533026
0.479805
0.475087
0.453676
0.491779
0.484536
0.462967
0.528002
0.488601
0.527217
0.466531
0.501127
0.529106
0.501305
0.527113
0.460827
0.503247
0.519774
0.485836
0.508042
0.467196
0.467244
0.499552
0.499546
0.475056
0.492421
0.50505
0.49436
0.507284
0.517699
0.488416
0.480785
0.512704
0.512837
0.526405
0.500918
0.550965
0.469543
0.516717
0.479539
0.442349
0.433873
0.504046
0.494236
0.561773
0.493304
0.478765
0.543642
0.503889
0.475359
0.475145
0.510671
0.526133
0.454664
0.515961
0.577609
0.506608
0.515298
0.500378
0.48995
0.473687
0.505333
0.501974
0.495851
0.464184
0.510419
0.473791
0.528069
0.516998
0.493297
0.507282
0.485271
0.489083
0.516119
0.532025
0.50958
0.490628
0.502441
0.513093
0.477233
0.516323
0.475774
0.472931
0.469242
0.539586
0.511553
0.544645
0.538901
0.486614
0.459424
0.48355
0.473053
0.557158
0.522692
0.513873
0.463957
0.508869
0.531835
0.477473
0.498656
0.52211
0.548939
0.521457
0.572699
0.462099
0.489936
0.471572
0.505116
0.455263
0.541524
0.43824
0.5015
0.526674
0.499632
0.472113
0.50208
0.495447
0.516321
0.466028
0.50166
0.424965
0.501985
0.500234
0.518303
0.504826
0.529724
0.527759
0.527618
0.521356
0.468782
0.536807
0.429555
0.453601
0.513897
0.527046
0.464546
0.441636
0.497469
0.53667
0.505903
0.454091
0.461394
0.527105
0.495317
0.481762
0.505461
0.492237
0.548362
0.474177
0.489164
0.499042
0.456849
0.475999
0.50383
0.486478
0.504931
0.510136
0.511918
0.499532
0.48582
0.504437
0.490368
0.535281
0.485992
0.508842
0.494885
0.507859
0.483763
0.439876
0.492021
0.509184
0.469096
0.529341
0.465933
0.522341
0.511534
0.514097
0.4467
0.494482
0.493114
0.463803
0.497064
0.486123
0.513153
0.473493
0.454471
0.483714
0.50177
0.417854
0.515296
0.54235
0.509024
0.524094
0.498115
0.535515
0.496544
0.47027
0.492906
0.54871
0.498524
0.505946
0.53306
0.483859
0.488954
0.472062
0.497057
0.52136
0.521975
0.476885
0.496702
0.436658
0.512212
0.474924
0.488793
0.498215
0.451985
0.455671
0.517082
0.513751
0.482251
0.499061
0.48142
0.461626
0.524166
0.424504
0.460954
0.534259
0.468135
0.47039
0.478249
0.520421
0.517226
0.510915
0.521217
0.493322
0.501833
0.447121
0.50972
0.501327
0.462438
0.519026
0.47373
0.508205
0.48738
0.495704
0.499908
0.549767
0.59248
0.520199
0.583498
0.453781
0.459406
0.466159
0.542387
0.52003
0.539659
0.543039
0.55023
0.537392
0.46104
0.496778
0.465488
0.484817
0.503495
0.512794
0.473281
0.523079
0.491188
0.498203
0.476916
0.494164
0.477696
0.480112
0.48596
0.485193
0.531194
0.466876
0.497753
0.493732
0.516499
0.499185
0.459216
0.461377
0.510866
0.527866
0.505833
0.482485
0.570386
0.455263
0.494701
0.474926
0.523883
0.477076
0.528488
0.539732
0.491176
0.541541
0.517208
0.506518
0.522575
0.492812
0.504671
0.501548
0.456498
0.505428
0.45648
0.525324
0.492076
0.516742
0.456461
0.486571
0.523627
0.524183
0.478396
0.479493
0.50386
0.494222
0.48993
0.441173
0.512708
0.489931
0.495535
0.526004
0.518639
0.513994
0.515398
0.494004
0.499343
0.504054
0.437113
0.539909
0.488649
0.467269
0.527052
0.499914
0.476565
0.480953
0.488289
0.522933
0.479303
0.506174
0.561949
0.523252
0.526174
0.541188
0.48886
0.491462
0.480219
0.571582
0.488387
0.52053
0.49946
0.513996
0.481314
0.503899
0.495632
0.470313
0.483656
0.512476
0.517294
0.539176
0.498273
0.537401
0.544166
0.501715
0.491162
0.485451
0.509595
0.478359
0.539301
0.443981
0.527996
0.493608
0.456924
0.492245
0.534174
0.49564
0.487092
0.465999
0.491373
0.477619
0.47545
0.472249
0.504951
0.4676
0.463031
0.461015
0.478534
0.533881
0.474987
0.531
0.489548
0.472694
0.46213
0.486024
0.50098
0.505108
0.462141
0.529104
0.486258
0.530012
0.52734
0.511064
0.494129
0.510053
0.475879
0.500529
0.530386
0.497421
0.503239
0.522202
0.483351
0.456328
0.470904
0.510277
0.529965
0.479082
0.509091
0.533887
0.449369
0.492613
0.510402
0.481431
0.480854
0.512336
0.531284
0.43069
0.493044
0.510226
0.478165
0.541575
0.491203
0.51397
0.485141
0.498407
0.489524
0.514084
0.550094
0.508588
0.555293
0.555858
0.526108
0.474545
0.501781
0.50302
0.485068
0.49582
0.49676
0.539972
0.500311
0.498181
0.513509
0.519494
0.515199
0.526632
0.501181
0.512776
0.4945
0.539191
0.491413
0.518664
0.505449
0.45832
0.498048
0.518988
0.545354
0.486866
0.536855
0.516844
0.482636
0.465412
0.472105
0.52472
0.528169
0.527888
0.516892
0.509323
0.563801
0.522336
0.48407
0.489993
0.504922
0.473693
0.504677
0.477576
0.493965
0.515468
0.470726
0.480629
0.461705
0.487201
0.499239
0.535836
0.503245
0.494552
0.49439
0.469509
0.495539
0.528929
0.524643
0.517045
0.433359
0.463496
0.511753
0.497219
0.490555
0.522469
0.498513
0.548186
0.503497
0.490543
0.572102
0.502064
0.523565
0.489351
0.499943
0.524982
0.515572
0.487816
0.414909
0.529455
0.468988
0.463273
0.496777
0.485973
0.47884
0.410241
0.516799
0.520673
0.523168
0.503712
0.532259
0.455968
0.483905
0.473842
0.557896
0.521013
0.538062
0.498907
0.54107
0.528875
0.436089
0.48341
0.497539
0.487295
0.504293
0.488213
0.44473
0.419901
0.49818
0.469553
0.529373
0.504756
0.533597
0.523842
0.526377
0.527126
0.502561
0.555111
0.465819
0.473312
0.490628
0.501966
0.464925
0.492462
0.492703
0.460957
0.521915
0.4932
0.484144
0.523202
0.518592
0.441975
0.484044
0.491167
0.478538
0.529991
0.477573
0.452469
0.567808
0.49559
0.484237
0.537565
0.534989
0.47898
0.438947
0.498224
0.437492
0.506164
0.462769
0.513641
0.500969
0.508953
0.500214
0.50107
0.498711
0.467944
0.449968
0.487854
0.477917
0.515323
0.525921
0.511735
0.489705
0.534389
0.485371
0.486297
0.549729
0.542647
0.491283
0.468438
0.526298
0.545376
0.495476
0.494743
0.49285
0.496515
0.539613
0.493616
0.401675
0.493774
0.480865
0.52007
0.515744
0.464814
0.579135
0.510033
0.525538
0.471399
0.462703
0.531053
0.517734
0.498369
0.449174
0.526269
0.482636
0.534338
0.488611
0.498538
0.44722
0.540957
0.505712
0.511572
0.46067
0.497654
0.517919
0.514984
0.499276
0.528695
0.46633
0.460094
0.517576
0.549462
0.506285
0.493388
0.492612
0.468808
0.514514
0.484499
0.468176
0.524381
0.499697
0.455578
0.47592
0.467767
0.463346
0.488947
0.48021
0.486361
0.467846
0.559886
0.483591
0.508803
0.458564
0.481453
0.509744
0.450886
0.526875
0.498191
0.490809
0.508795
0.500998
0.455617
0.525946
0.506551
0.501504
0.482344
0.468016
0.504541
0.518382
0.521738
0.485244
0.476012
0.506529
0.509961
0.504757
0.47839
0.556541
0.467291
0.514854
0.516317
0.477693
0.539592
0.492898
0.513263
0.509952
0.466792
0.525689
0.518605
0.531939
0.505273
0.499217
0.527036
0.511678
0.551025
0.524636
0.487184
0.467033
0.490443
0.487373
0.446312
0.502687
0.475654
0.546211
0.487983
0.500561
0.491237
0.499249
0.529555
0.540528
0.569208
0.503593
0.506382
0.528305
0.509163
0.485669
0.539608
0.507402
0.510434
0.539025
0.504409
0.491993
0.503145
0.526492
0.51558
0.527594
0.515036
0.533596
0.547321
0.466419
0.480942
0.510076
0.494113
0.484284
0.521781
0.496398
0.499554
0.525945
0.529949
0.502127
0.440021
0.455735
0.497981
0.493052
0.460051
0.510377
0.517361
0.453911
0.496302
0.510854
0.504353
0.543619
0.536968
0.580208
0.509726
0.519851
0.523534
0.474131
0.549253
0.449876
0.501741
0.511248
0.531859
0.524492
0.488631
0.539944
0.472284
0.54197
0.52255
0.45862
0.495146
0.538845
0.49299
0.476253
0.477277
0.454455
0.487138
0.490135
0.485206
0.536103
0.570004
0.477658
0.524654
0.551691
0.515016
0.49904
0.488943
0.466737
0.521947
0.517835
0.513157
0.432624
0.489042
0.516142
0.510965
0.522963
0.476244
0.501348
0.520958
0.524948
0.536368
0.531311
0.419382
0.502581
0.531111
0.494837
0.466145
0.518628
0.518773
0.504346
0.480971
0.522197
0.500563
0.497577
0.466574
0.468807
0.492361
0.485233
0.515728
0.499815
0.518812
0.481418
0.51911
0.508091
0.506639
0.503762
0.510788
0.496804
0.474026
0.480091
0.468231
0.518198
0.522972
0.52853
0.483717
0.529239
0.471471
0.577902
0.53401
0.460992
0.502406
0.455313
0.495187
0.488623
0.486025
0.517786
0.549479
0.458886
0.492873
0.524818
0.49102
0.561976
0.524067
0.448749
0.537356
0.514625
0.535766
0.489803
0.523609
0.541306
0.484743
0.442678
0.526158
0.510438
0.521894
0.431577
0.532716
0.492448
0.480605
0.510525
0.485683
0.476572
0.536806
0.525877
0.485639
0.513284
0.487626
0.527871
0.501867
0.499195
0.475496
0.468114
0.496761
0.501336
0.47459
0.529864
0.511019
0.477673
0.496476
0.467999
0.51647
0.480735
0.501853
0.535527
0.50343
0.481235
0.525236
0.533539
0.459453
0.478559
0.549489
0.501446
0.556353
0.484992
0.46706
0.524414
0.532371
0.530556
0.494799
0.514833
0.526367
0.535349
0.479238
0.504726
0.530903
0.576235
0.459205
0.495958
0.491104
0.444785
0.47264
0.515121
0.486163
0.52333
0.51451
0.489969
0.500364
0.526004
0.512665
0.544289
0.500504
0.521651
0.508542
0.508068
0.496591
0.525472
0.559571
0.509839
0.45268
0.486294
0.450167
0.478081
0.494738
0.466316
0.508179
0.488546
0.442399
0.510236
0.563678
0.51439
0.491498
0.490606
0.546946
0.505977
0.534241
0.506307
0.472559
0.517245
0.49391
0.461013
0.466419
0.515489
0.490953
0.538525
0.492628
0.521454
0.497347
0.571837
0.537064
0.446603
0.516119
0.492822
0.504548
0.454439
0.472871
0.509411
0.496465
0.482754
0.496213
0.50713
0.525719
0.523678
0.503966
0.491885
0.455902
0.438412
0.51201
0.510853
0.501541
0.533511
0.512651
0.528377
0.496305
0.555587
0.489389
0.523709
0.486054
0.491331
0.484956
0.497507
0.50358
0.519696
0.519499
0.473944
0.491954
0.543144
0.475787
0.5053
0.46331
0.454816
0.488311
0.505931
0.429982
0.458506
0.543158
0.512467
0.534834
0.468309
0.505532
0.497134
0.487687
0.524832
0.471796
0.501061
0.514697
0.504818
0.492907
0.514452
0.517569
0.471086
0.516128
0.520504
0.46948
0.499642
0.471884
0.519934
0.504589
0.450842
0.492639
0.512998
0.537999
0.441487
0.490666
0.505876
0.513063
0.534717
0.431601
0.4883
0.492886
0.544586
0.510627
0.519287
0.542925
0.452187
0.53819
0.477879
0.471537
0.500204
0.452109
0.495731
0.515366
0.482771
0.53296
0.548449
0.496441
0.547505
0.479597
0.472544
0.56785
0.546593
0.511708
0.494869
0.464883
0.463806
0.496258
0.50143
0.528501
0.464318
0.494705
0.452428
0.50802
0.4742
0.527867
0.500426
0.499873
0.456467
0.525304
0.498498
0.539335
0.440554
0.516102
0.465246
0.512083
0.472097
0.487925
0.513563
0.49246
0.519884
0.461213
0.479999
0.485329
0.516868
0.445409
0.511629
0.488381
0.482103
0.524071
0.467279
0.531781
0.510479
0.46576
0.489998
0.512018
0.507145
0.527584
0.457638
0.526845
0.523475
0.508244
0.46843
0.488172
0.501466
0.477498
0.478423
0.499798
0.443439
0.558879
0.487666
0.506852
0.533917
0.472567
0.501999
0.52381
0.490553
0.505288
0.49734
0.507984
0.500991
0.544095
0.443337
0.485329
0.482528
0.490938
0.503255
0.485479
0.54145
0.534862
0.466985
0.472846
0.468925
0.498745
0.494039
0.490694
0.530323
0.477417
0.493411
0.525036
0.464835
0.514058
0.487178
0.475251
0.482278
0.511747
0.454718
0.528273
0.453942
0.547018
0.494417
0.503246
0.504374
0.432329
0.439739
0.473515
0.50096
0.53429
0.486542
0.51282
0.488184
0.474545
0.478504
0.502577
0.443445
0.540173
0.567539
0.467118
0.541295
0.470482
0.466084
0.523764
0.502982
0.507082
0.518118
0.504609
0.458177
0.544098
0.515806
0.496886
0.465743
0.515407
0.478622
0.488793
0.49044
0.515774
0.511848
0.487652
0.562429
0.462749
0.501306
0.517278
0.496452
0.51623
0.491207
0.541431
0.517575
0.472524
0.501993
0.530228
0.49034
0.499823
0.465041
0.456391
0.488242
0.481946
0.471106
0.488196
0.530364
0.50722
0.459386
0.456016
0.562078
0.509393
0.474068
0.50932
0.466667
0.497438
0.475249
0.510997
0.464751
0.48113
0.541088
0.505906
0.528396
0.499269
0.488079
0.540493
0.506764
0.527426
0.496313
0.520377
0.490204
0.502079
0.456605
0.54277
0.479638
0.538032
0.54636
0.520599
0.528124
0.54597
0.531056
0.475221
0.471478
0.487042
0.508218
0.484587
0.504817
0.451335
0.470754
0.493751
0.501907
0.487126
0.516534
0.484578
0.504194
0.457774
0.491082
0.471543
0.476376
0.493138
0.470262
0.490486
0.565418
0.522389
0.479825
0.497199
0.479855
0.455098
0.508698
0.482727
0.52628
0.507461
0.51289
0.472251
0.489888
0.470554
0.486884
0.484425
0.515941
0.567486
0.449398
0.458056
0.489037
0.486313
0.490386
0.462984
0.497062
0.535608
0.46615
0.492055
0.466688
0.509549
0.489451
0.501044
0.537302
0.499403
0.521473
0.583417
0.510239
0.518286
0.53254
0.516805
0.48019
0.506059
0.508436
0.488052
0.545664
0.51126
0.519227
0.503733
0.555376
0.486917
0.43744
0.482999
0.497445
0.487148
0.482486
0.489634
0.508255
0.531393
0.488194
0.500195
0.537886
0.483179
0.470341
0.495108
0.498962
0.530275
0.471047
0.569609
0.515802
0.543117
0.486901
0.491375
0.500753
0.488391
0.507714
0.491761
0.494575
0.464619
0.522758
0.527477
0.477749
0.556659
0.551366
0.509611
0.529595
0.525967
0.484778
0.556856
0.472061
0.533506
0.516097
0.529822
0.44507
0.552181
0.535245
0.483306
0.470291
0.515663
0.495768
0.5434
0.570213
0.470495
0.520399
0.456301
0.469402
0.518335
0.482223
0.51571
0.484801
0.535224
0.488339
0.485693
0.50197
0.504751
0.512885
0.485865
0.464116
0.541989
0.516302
0.535796
0.53081
0.46508
0.54772
0.50549
0.513253
0.571334
0.537321
0.518832
0.50297
0.484733
0.445583
0.506862
0.530807
0.511702
0.516251
0.477761
0.473107
0.512027
0.529933
0.500424
0.511936
0.511796
0.425179
0.508485
0.526239
0.495234
0.483929
0.511678
0.510797
0.492313
0.488202
0.481418
0.549865
0.479004
0.504895
0.517445
0.462357
0.537054
0.475581
0.542448
0.505466
0.480158
0.528163
0.541507
0.473579
0.473403
0.527274
0.483256
0.529378
0.492859
0.470291
0.519621
0.513985
0.442189
0.475839
0.461023
0.523042
0.523159
0.491659
0.473911
0.565591
0.506918
0.528717
0.527505
0.542628
0.532922
0.508431
0.486628
0.50222
0.472383
0.509884
0.567485
0.508034
0.493113
0.453903
0.473293
0.518187
0.452643
0.470882
0.506602
0.521259
0.466478
0.479217
0.495213
0.436364
0.498387
0.491228
0.51855
0.514152
0.459582
0.523456
0.551366
0.455609
0.463665
0.508189
0.481659
0.515538
0.544234
0.503111
0.44967
0.517588
0.501995
0.49594
0.524844
0.497716
0.508283
0.490925
0.50762
0.452951
0.481848
0.444093
0.502934
0.552332
0.495788
0.504106
0.502304
0.516902
0.541506
0.485606
0.471374
0.505629
0.546562
0.461929
0.509792
0.55413
0.493296
0.504058
0.540299
0.483071
0.455097
0.512693
0.4739
0.553123
0.507197
0.480307
0.557992
0.473342
0.498856
0.520072
0.514332
0.489854
0.493825
0.488521
0.533707
0.511718
0.505948
0.438829
0.554193
0.510842
0.486791
0.501581
0.489871
0.502822
0.512167
0.479909
0.506877
0.455591
0.514432
0.525864
0.533663
0.50274
0.517423
0.464908
0.522336
0.488396
0.540924
0.515395
0.487965
0.480526
0.521528
0.489915
0.462715
0.499538
0.476762
0.555381
0.551692
0.489073
0.479372
0.518729
0.507371
0.495836
0.478618
0.485112
0.489487
0.435364
0.51547
0.515454
0.497257
0.480591
0.468577
0.410247
0.420807
0.500095
0.51788
0.536464
0.488692
0.472893
0.452744
0.534462
0.478369
0.506672
0.511498
0.501748
0.486501
0.466311
0.479227
0.500487
0.475979
0.50959
0.490733
0.495626
0.476523
0.56695
0.475496
0.540507
0.485736
0.492178
0.48155
0.486845
0.467507
0.490894
0.495116
0.505945
0.484606
0.523723
0.462891
0.478041
0.502375
0.52101
0.483855
0.466615
0.510375
0.535971
0.507473
0.474589
0.478862
0.50314
0.455171
0.519253
0.496978
0.479001
0.461956
0.482814
0.479527
0.491662
0.465063
0.485424
0.539201
0.486471
0.49649
0.497588
0.501149
0.484423
0.456312
0.438799
0.486753
0.510248
0.513637
0.499296
0.513485
0.527055
0.462086
0.511813
0.497726
0.494399
0.506666
0.470182
0.507416
0.486657
0.488922
0.531694
0.531417
0.508572
0.487224
0.51006
0.432456
0.494861
0.439088
0.515869
0.530531
0.530741
0.492382
0.451413
0.503646
0.410266
0.572312
0.536745
0.512759
0.539333
0.501053
0.50386
0.447815
0.520249
0.516896
0.535861
0.451731
0.474722
0.499796
0.477994
0.499223
0.482153
0.490193
0.547421
0.507339
0.51011
0.507977
0.488607
0.514574
0.553849
0.518471
0.501201
0.485445
0.51177
0.512321
0.487277
0.507405
0.48367
0.556143
0.544823
0.546955
0.488675
0.520831
0.504337
0.551851
0.479725
0.494376
0.495417
0.476268
0.471491
0.526086
0.490219
0.525787
0.548584
0.529076
0.530649
0.50911
0.450956
0.487907
0.496174
0.52334
0.553341
0.518244
0.549124
0.559732
0.505629
0.475409
0.494358
0.486777
0.531047
0.458711
0.490169
0.507487
0.52901
0.518417
0.507307
0.507775
0.509529
0.502247
0.492988
0.502783
0.466044
0.448266
0.446774
0.468056
0.523566
0.541043
0.565189
0.522412
0.50899
0.487966
0.541952
0.459405
0.460461
0.482568
0.500696
0.494246
0.542674
0.521755
0.537062
0.523055
0.52497
0.403806
0.497022
0.531323
0.519112
0.494016
0.458325
0.508458
0.543616
0.484863
0.521928
0.545293
0.501507
0.477572
0.5003
0.51142
0.468378
0.481948
0.499454
0.509244
0.497627
0.461359
0.501608
0.531614
0.569749
0.509736
0.505322
0.479912
0.52255
0.537472
0.470017
0.519478
0.489173
0.483096
0.451718
0.499248
0.50079
0.517585
0.486919
0.452469
0.470858
0.468205
0.561445
0.475378
0.517795
0.448746
0.521164
0.530712
0.472962
0.493026
0.521456
0.552927
0.510823
0.488549
0.462283
0.502007
0.528154
0.487171
0.525758
0.522721
0.539189
0.499681
0.473078
0.526225
0.483553
0.481132
0.537693
0.510864
0.52389
0.51384
0.601594
0.499067
0.540033
0.484888
0.531591
0.497192
0.486605
0.485035
0.462457
0.46521
0.500919
0.465893
0.533805
0.473098
0.508065
0.512253
0.537593
0.480814
0.51004
0.486429
0.473108
0.488735
0.515808
0.491505
0.486322
0.49542
0.49917
0.470344
0.530484
0.509594
0.471298
0.587252
0.514827
0.443206
0.444838
0.509157
0.548274
0.512454
0.516426
0.473193
0.514994
0.543634
0.544516
0.467544
0.518712
0.520712
0.449384
0.492444
0.532628
0.471462
0.48218
0.518194
0.521827
0.529082
0.479915
0.447078
0.545053
0.516131
0.523244
0.486045
0.542726
0.457676
0.483934
0.557046
0.538072
0.480533
0.468876
0.471888
0.518246
0.465452
0.487531
0.50848
0.462316
0.54915
0.51968
0.455358
0.462988
0.493043
0.520343
0.541353
0.448955
0.515568
0.478761
0.397283
0.454719
0.464961
0.548301
0.466535
0.494798
0.509368
0.46416
0.451426
0.479155
0.54117
0.515757
0.492207
0.516756
0.492387
0.500665
0.535587
0.444112
0.508043
0.496983
0.49966
0.515687
0.484363
0.621
0.512091
0.523044
0.458684
0.447044
0.558465
0.459612
0.527945
0.486382
0.477643
0.517938
0.452636
0.512046
0.521021
0.486309
0.483085
0.516463
0.492562
0.491605
0.544952
0.498762
0.476471
0.515281
0.470803
0.488636
0.499392
0.489326
0.504651
0.53363
0.474004
0.509097
0.486324
0.456728
0.500884
0.479888
0.492546
0.521127
0.515521
0.504114
0.531597
0.489054
0.537351
0.455988
0.498442
0.511518
0.487683
0.480563
0.46718
0.47586
0.483407
0.494012
0.497716
0.467982
0.463333
0.532023
0.483507
0.43613
0.504071
0.48319
0.577271
0.503106
0.47229
0.444261
0.511528
0.503777
0.510255
0.504131
0.500857
0.474767
0.491518
0.47345
0.492724
0.493199
0.523616
0.526721
0.443781
0.511371
0.504678
0.523761
0.498493
0.454221
0.530795
0.477408
0.486977
0.546486
0.501044
0.464334
0.48892
0.496401
0.487024
0.545858
0.470463
0.542836
0.553799
0.495617
0.520913
0.482724
0.509106
0.450981
0.496166
0.515677
0.477709
0.525084
0.515717
0.472653
0.477779
0.526339
0.500124
0.525545
0.486165
0.49233
0.525809
0.474578
0.499444
0.544929
0.474066
0.470381
0.507608
0.50354
0.481156
0.517616
0.527279
0.483331
0.506358
0.517028
0.481321
0.495327
0.494858
0.452805
0.491718
0.525246
0.492338
0.512109
0.492603
0.487953
0.488162
0.543663
0.450308
0.564396
0.504011
0.51227
0.547312
0.46792
0.554855
0.466125
0.45695
0.506807
0.549133
0.523811
0.565788
0.529942
0.485021
0.517852
0.500499
0.472463
0.479654
0.50168
0.50615
0.528281
0.458187
0.546922
0.482753
0.516336
0.529557
0.487849
0.476964
0.46747
0.525838
0.419888
0.515807
0.478793
0.502049
0.469061
0.519289
0.532406
0.463301
0.449217
0.528791
0.465375
0.526146
0.513958
0.518102
0.497813
0.481015
0.440099
0.493976
0.475953
0.522619
0.489576
0.483087
0.48709
0.485169
0.546636
0.462255
0.483257
0.479326
0.487222
0.448814
0.500524
0.537716
0.5074
0.448007
0.490781
0.505914
0.52772
0.524277
0.512888
0.495762
0.440374
0.493326
0.490067
0.537892
0.486038
0.521822
0.490405
0.500334
0.547261
0.48163
0.547355
0.490086
0.475286
0.525437
0.467092
0.504515
0.497171
0.520647
0.529617
0.529467
0.550089
0.528427
0.540476
0.500962
0.509681
0.514771
0.489962
0.49735
0.449337
0.480458
0.536691
0.478796
0.547275
0.516793
0.482413
0.500976
0.508308
0.503978
0.544941
0.539863
0.577152
0.529017
0.496068
0.50446
0.52017
0.450013
0.481348
0.514377
0.462414
0.543736
0.488623
0.489117
0.49685
0.513338
0.482162
0.485935
0.492628
0.513092
0.469285
0.51317
0.499288
0.487024
0.436363
0.485903
0.473763
0.508314
0.481047
0.500823
0.54706
0.506356
0.527621
0.487183
0.457498
0.488321
0.492343
0.510712
0.447371
0.462132
0.485645
0.497355
0.469913
0.527705
0.568082
0.513735
0.53344
0.543334
0.526894
0.461187
0.539549
0.464097
0.510052
0.460255
0.492239
0.499168
0.504678
0.522527
0.534842
0.50489
0.506698
0.526673
0.521622
0.520496
0.518618
0.525569
0.450938
0.523356
0.51228
0.451382
0.496824
0.530619
0.513493
0.505489
0.525879
0.514123
0.4754
0.520097
0.496333
0.545458
0.487458
0.588463
0.516162
0.51804
0.486912
0.520554
0.527139
0.493095
0.529634
0.501056
0.541678
0.506403
0.507199
0.496586
0.529363
0.462695
0.51708
0.488986
0.530023
0.494569
0.482828
0.49158
0.490247
0.492802
0.481129
0.475262
0.520184
0.444937
0.462583
0.551298
0.497537
0.479011
0.503114
0.547703
0.4856
0.529308
0.492865
0.526085
0.482227
0.50101
0.509455
0.515822
0.526601
0.480615
0.47248
0.462442
0.500684
0.499006
0.476129
0.537096
0.502217
0.474037
0.446788
0.503981
0.476147
0.509518
0.512512
0.492604
0.461363
0.497475
0.501235
0.47175
0.499602
0.530548
0.464597
0.512038
0.473408
0.511418
0.52426
0.493934
0.530029
0.506127
0.477588
0.558098
0.508102
0.518171
0.459571
0.484938
0.494028
0.420238
0.497864
0.490253
0.494893
0.520467
0.497808
0.493832
0.484818
0.470107
0.514327
0.457884
0.541614
0.529446
0.517563
0.502183
0.50061
0.478881
0.519117
0.472794
0.552541
0.512019
0.495795
0.471256
0.482355
0.497666
0.527704
0.431102
0.525832
0.517596
0.537603
0.468588
0.520872
0.456955
0.498356
0.544504
0.46034
0.494198
0.445386
0.513946
0.543341
0.497418
0.540984
0.520918
0.531794
0.503941
0.567371
0.484649
0.469183
0.530077
0.525359
0.51449
0.498367
0.517889
0.495518
0.480273
0.545307
0.485852
0.468701
0.474995
0.525608
0.510294
0.502804
0.556726
0.52073
0.534477
0.482652
0.52659
0.520756
0.5122
0.51987
0.519704
0.480583
0.522802
0.509617
0.485962
0.486425
0.52443
0.551063
0.547514
0.559481
0.54246
0.49848
0.469839
0.523667
0.459939
0.479829
0.473276
0.48427
0.506915
0.479699
0.481881
0.474406
0.515553
0.483503
0.466505
0.496156
0.457881
0.469773
0.518944
0.463253
0.473074
0.517459
0.504058
0.532201
0.491119
0.495084
0.466718
0.51869
0.519765
0.488642
0.570464
0.496197
0.491609
0.445115
0.494746
0.453633
0.528209
0.508473
0.487625
0.558918
0.528093
0.495046
0.510809
0.475365
0.485539
0.53513
0.473894
0.497738
0.436999
0.487715
0.444694
0.514855
0.472049
0.475199
0.502526
0.575635
0.495734
0.524968
0.471331
0.475435
0.47918
0.474714
0.499505
0.509567
0.475358
0.498372
0.55331
0.51087
0.536871
0.499549
0.480748
0.398212
0.472628
0.49931
0.472769
0.422788
0.4803
0.485212
0.478682
0.529102
0.531418
0.498448
0.45266
0.527497
0.495989
0.495988
0.558194
0.515116
0.533517
0.484577
0.507388
0.512167
0.507286
0.543479
0.501959
0.480358
0.498799
0.562834
0.502823
0.520394
0.499227
0.454503
0.485142
0.5254
0.544769
0.532288
0.485696
0.507137
0.452767
0.478377
0.479477
0.511912
0.515483
0.562918
0.512358
0.523027
0.478386
0.473572
0.476719
0.46666
0.549845
0.481945
0.46692
0.468055
0.54908
0.473742
0.511467
0.474878
0.509278
0.489557
0.488772
0.484635
0.502712
0.533132
0.50337
0.463016
0.47477
0.503999
0.519468
0.460038
0.483747
0.461354
0.528704
0.510869
0.493292
0.536043
0.488993
0.538204
0.494365
0.527547
0.471324
0.493071
0.4936
0.532826
0.561402
0.560931
0.454936
0.493905
0.532989
0.489971
0.521398
0.551074
0.479835
0.508433
0.503888
0.508581
0.473066
0.467884
0.513891
0.489688
0.510905
0.489279
0.466933
0.537969
0.487607
0.48871
0.523702
0.471719
0.488467
0.509702
0.495679
0.518359
0.527801
0.488938
0.47217
0.445704
0.516752
0.512289
0.465611
0.456969
0.487803
0.578019
0.522017
0.536391
0.502884
0.504042
0.493452
0.502345
0.52193
0.506111
0.519399
0.464823
0.508773
0.473809
0.493896
0.484148
0.501247
0.50121
0.515324
0.517813
0.522374
0.529103
0.535714
0.492304
0.529511
0.505641
0.516449
0.516785
0.54833
0.522285
0.487241
0.495536
0.488505
0.511939
0.495249
0.46599
0.507986
0.526125
0.491229
0.469271
0.492734
0.478095
0.489566
0.450098
0.508779
0.46874
0.539088
0.502919
0.553506
0.49218
0.551526
0.491171
0.483002
0.527904
0.484488
0.526525
0.522383
0.486343
0.495838
0.475
0.505943
0.554737
0.496344
0.506807
0.44401
0.520188
0.447466
0.516826
0.493401
0.496762
0.451176
0.462553
0.488314
0.493519
0.508669
0.466431
0.458575
0.500347
0.564842
0.469406
0.492081
0.46847
0.525429
0.482609
0.498331
0.462514
0.483646
0.524019
0.459914
0.570997
0.523242
0.467003
0.478836
0.522124
0.474818
0.467583
0.454552
0.541757
0.482291
0.457329
0.490579
0.53044
0.456381
0.468735
0.486577
0.526354
0.491992
0.529965
0.492755
0.461066
0.536373
0.475837
0.493492
0.474966
0.474913
0.46192
0.447036
0.469252
0.511467
0.528629
0.518169
0.431342
0.520073
0.502175
0.460703
0.520589
0.514945
0.479265
0.51668
0.511176
0.475609
0.482406
0.509167
0.519062
0.464061
0.532712
0.525498
0.549856
0.520825
0.487068
0.527858
0.544494
0.506776
0.476535
0.508072
0.509591
0.417614
0.502872
0.523484
0.449351
0.48786
0.470049
0.500783
0.495904
0.481248
0.537622
0.524677
0.534936
0.534383
0.502851
0.478266
0.503512
0.460555
0.548434
0.502005
0.496941
0.490568
0.512726
0.55812
0.521572
0.467464
0.529331
0.497363
0.520392
0.472026
0.512925
0.484977
0.468305
0.52592
0.478206
0.492735
0.493957
0.509365
0.508822
0.503957
0.494996
0.51019
0.493171
0.428336
0.513631
0.481174
0.443942
0.533498
0.539369
0.552525
0.478269
0.490126
0.535802
0.41638
0.545372
0.547555
0.528332
0.520208
0.45857
0.526698
0.519683
0.53598
0.448533
0.537177
0.500105
0.52198
0.524639
0.485546
0.489124
0.474153
0.471341
0.481462
0.545719
0.43383
0.476377
0.548703
0.553804
0.508741
0.517738
0.487881
0.489887
0.504166
0.536239
0.487754
0.539784
0.521109
0.550591
0.491982
0.521256
0.488367
0.521828
0.568228
0.479451
0.415375
0.503981
0.546465
0.502027
0.422696
0.497863
0.473362
0.510824
0.487024
0.55485
0.519638
0.536961
0.457601
0.507519
0.467241
0.496244
0.530886
0.484036
0.473241
0.461746
0.540385
0.463148
0.507309
0.510436
0.478497
0.476678
0.499649
0.510749
0.507252
0.456371
0.486266
0.567942
0.484831
0.481994
0.498449
0.474142
0.474725
0.457543
0.523326
0.509935
0.464412
0.46244
0.432392
0.484395
0.470445
0.4746
0.444859
0.500405
0.496793
0.512235
0.482721
0.472159
0.503343
0.461274
0.494405
0.491721
0.531416
0.515272
0.463874
0.521506
0.533182
0.444687
0.532067
0.409566
0.501847
0.492395
0.527556
0.494558
0.469481
0.462318
0.553271
0.517252
0.47938
0.548052
0.526199
0.505485
0.499809
0.488347
0.506908
0.519401
0.506027
0.486333
0.515783
0.48388
0.467457
0.489369
0.522847
0.535012
0.466871
0.476367
0.53804
0.537506
0.478483
0.499493
0.478829
0.479894
0.541802
0.557106
0.482032
0.504421
0.498136
0.444805
0.496725
0.508479
0.526622
0.50148
0.535104
0.474478
0.526645
0.487212
0.458183
0.505009
0.533534
0.519929
0.513206
0.530197
0.474399
0.497661
0.439635
0.504096
0.500997
0.533303
0.500602
0.487016
0.566485
0.508729
0.486693
0.540658
0.462957
0.50515
0.498942
0.482914
0.486614
0.546593
0.50791
0.529235
0.527462
0.523363
0.475718
0.507411
0.440412
0.492374
0.447922
0.462669
0.55464
0.501218
0.532088
0.469938
0.488099
0.492851
0.469961
0.51017
0.524057
0.497772
0.48008
0.517592
0.506524
0.460557
0.497744
0.514754
0.501455
0.487649
0.499168
0.472259
0.490597
0.443246
0.486739
0.510047
0.484857
0.520193
0.492224
0.527106
0.464075
0.512733
0.514807
0.50648
0.520052
0.507998
0.480848
0.482465
0.46974
0.423117
0.502211
0.496847
0.435449
0.474813
0.510066
0.521075
0.518943
0.458369
0.50101
0.431238
0.526319
0.422825
0.51241
0.47271
0.540522
0.449302
0.523821
0.461358
0.478394
0.459309
0.471369
0.578174
0.479103
0.449915
0.501963
0.474208
0.530858
0.522665
0.524218
0.45268
0.522764
0.453108
0.472965
0.495147
0.4687
0.547818
0.494216
0.458594
0.50009
0.515776
0.477463
0.46033
0.484451
0.540998
0.502188
0.457563
0.486584
0.493276
0.525457
0.498522
0.539289
0.513902
0.497472
0.522013
0.510472
0.443272
0.431958
0.502276
0.523527
0.537216
0.488253
0.53602
0.547867
0.508952
0.501997
0.498505
0.486468
0.503525
0.481259
0.525564
0.467318
0.491617
0.505018
0.508412
0.475636
0.459591
0.500839
0.508149
0.473731
0.542655
0.498641
0.436803
0.475392
0.498011
0.447419
0.471806
0.451665
0.534879
0.481803
0.510773
0.45491
0.508246
0.455325
0.45346
0.488
0.523247
0.497271
0.40777
0.495541
0.497024
0.499988
0.546689
0.463988
0.464954
0.423533
0.543028
0.48754
0.528123
0.514519
0.468838
0.506669
0.488901
0.496061
0.48638
0.506181
0.441526
0.495663
0.477525
0.469669
0.494535
0.537954
0.508448
0.527237
0.46195
0.489124
