-6.65842
-6.6592
-6.65839
-6.66121
-6.66019
-6.6604
-6.66077
-6.66169
-6.66075
-6.66116
-6.66101
-6.66154
-6.66214
-6.66239
-6.66253
-6.66262
-6.66288
-6.66294
-6.66273
-6.66246
-6.66196
-6.66218
-6.66126
-6.66157
-6.66117
-6.6614
-6.66123
-6.6611
-6.66127
-6.66079
-6.66135
-6.66137
-6.66111
-6.66134
-6.66119
-6.66074
-6.66078
-6.66089
-6.66089
-6.66107
-6.6611
-6.661
-6.66129
-6.66136
-6.66135
-6.66129
-6.66105
-6.66098
-6.66095
-6.66098
-6.66084
-6.66085
-6.6609
-6.6609
-6.66072
-6.66083
-6.66066
-6.66053
-6.66076
-6.6606
-6.66053
-6.66049
-6.66054
-6.66068
-6.66062
-6.66054
-6.66069
-6.66061
-6.66061
-6.66063
-6.6606
-6.66047
-6.66057
-6.66066
-6.66065
-6.6606
-6.66048
-6.66046
-6.66037
-6.66045
-6.66046
-6.66046
-6.66052
-6.66054
-6.66068
-6.66068
-6.6605
-6.6605
-6.66044
-6.66052
-6.66035
-6.66038
-6.6604
-6.66032
-6.66035
-6.66038
-6.66034
-6.66041
-6.66025
-6.6603
-6.66028
-6.66035
-6.6603
-6.66035
-6.66037
-6.66037
-6.66037
-6.66037
-6.66044
-6.66039
-6.66033
-6.66038
-6.66034
-6.66033
-6.66043
-6.6604
-6.66038
-6.66047
-6.66037
-6.66039
-6.66037
-6.66031
-6.66035
-6.6604
-6.66042
-6.66035
-6.66039
-6.66033
-6.66034
-6.6604
-6.66045
-6.66039
-6.66035
-6.66034
-6.66032
-6.6602
-6.66033
-6.66037
-6.66034
-6.66042
-6.66034
-6.66037
-6.66039
-6.66043
-6.66042
-6.66051
-6.66052
-6.66048
-6.66044
-6.66043
-6.66045
-6.66045
-6.6605
-6.66056
-6.66054
-6.66044
-6.6605
-6.66052
-6.66047
-6.6605
-6.66048
-6.66047
-6.6605
-6.66057
-6.66061
-6.66059
-6.66061
-6.6606
-6.66067
-6.66065
-6.66059
-6.66064
-6.6606
-6.66058
-6.6606
-6.66063
-6.66061
-6.66056
-6.6606
-6.66062
-6.66059
-6.66064
-6.66065
-6.66065
-6.66068
-6.66066
-6.66068
-6.66069
-6.66057
-6.66066
-6.66063
-6.66063
-6.66056
-6.66055
-6.66059
-6.66054
-6.66057
-6.66056
-6.66058
-6.66059
-6.66056
-6.66059
-6.6606
-6.66054
-6.66061
-6.66062
-6.66058
-6.66055
-6.6606
-6.66056
-6.66058
-6.66047
-6.6605
-6.66049
-6.6605
-6.66047
-6.66047
-6.66044
-6.66051
-6.66052
-6.66049
-6.66048
-6.66045
-6.66043
-6.66041
-6.66041
-6.66042
-6.66047
-6.66046
-6.66045
-6.66046
-6.66046
-6.6605
-6.66053
-6.66048
-6.66055
-6.66051
-6.66052
-6.66053
-6.66053
-6.6605
-6.66048
-6.66048
-6.66047
-6.6605
-6.6605
-6.66051
-6.66054
-6.66055
-6.66049
-6.66049
-6.66049
-6.66052
-6.6605
-6.66055
-6.66053
-6.66049
-6.66056
-6.66053
-6.66054
-6.66053
-6.66051
-6.66053
-6.6605
-6.6605
-6.66052
-6.66047
-6.6605
-6.6605
-6.66052
-6.66052
-6.66051
-6.66049
-6.66052
-6.66051
-6.66051
-6.66055
-6.66054
-6.66051
-6.66051
-6.66055
-6.66055
-6.6605
-6.66047
-6.6605
-6.66049
-6.66049
-6.66049
-6.66046
-6.66047
-6.66048
-6.6605
-6.66048
-6.66048
-6.66048
-6.66045
-6.66048
-6.66044
-6.66047
-6.66049
-6.66048
-6.66049
-6.66049
-6.66053
-6.6605
-6.66052
-6.66054
-6.66051
-6.66052
-6.66053
-6.66054
-6.66055
-6.66055
-6.66053
-6.66057
-6.66055
-6.6606
-6.6606
-6.66062
-6.6606
-6.66062
-6.6606
-6.66059
-6.66059
-6.66058
-6.66056
-6.66055
-6.66057
-6.66055
-6.66057
-6.66057
-6.66056
-6.66056
-6.66055
-6.66055
-6.66058
-6.66054
-6.66052
-6.66052
-6.66051
-6.66052
-6.66054
-6.66054
-6.66054
-6.66055
-6.66052
-6.66052
-6.66054
-6.66055
-6.66055
-6.66057
-6.66058
-6.66056
-6.66056
-6.66057
-6.66056
-6.66056
-6.66056
-6.66054
-6.66052
-6.66054
-6.66051
-6.66053
-6.66049
-6.66054
-6.66052
-6.66054
-6.66055
-6.66054
-6.66054
-6.66054
-6.66053
-6.66054
-6.66053
-6.66051
-6.66051
-6.6605
-6.6605
-6.66052
-6.66055
-6.66055
-6.66055
-6.66055
-6.66055
-6.66057
-6.66056
-6.66057
-6.66057
-6.66058
-6.66057
-6.66056
-6.66054
-6.66053
-6.66055
-6.66053
-6.66054
-6.66055
-6.66053
-6.66053
-6.66055
-6.66055
-6.66054
-6.66056
-6.66056
-6.66055
-6.66055
-6.66054
-6.66055
-6.66055
-6.66058
-6.66055
-6.66056
-6.66058
-6.66054
-6.66055
-6.66053
-6.66053
-6.66055
-6.66055
-6.66056
-6.66055
-6.66057
-6.66052
-6.66051
-6.66053
-6.66052
-6.66054
-6.66055
-6.66055
-6.66056
-6.66055
-6.66057
-6.66054
-6.66052
-6.66054
-6.66054
-6.66052
-6.66056
-6.66056
-6.66056
-6.66051
-6.66054
-6.66051
-6.66054
-6.66054
-6.66053
-6.66053
-6.66058
-6.66053
-6.66054
-6.66051
-6.66052
-6.66052
-6.66055
-6.66055
-6.66058
-6.66055
-6.66056
-6.66054
-6.66056
-6.66056
-6.66054
-6.66053
-6.66055
-6.66055
-6.66055
-6.66054
-6.66055
-6.66053
-6.66054
-6.66055
-6.66053
-6.66055
-6.66054
-6.66051
-6.66049
-6.66048
-6.6605
-6.66048
-6.66047
-6.66049
-6.6605
-6.66049
-6.66049
-6.66048
-6.66049
-6.66051
-6.66051
-6.66049
-6.66049
-6.6605
-6.66048
-6.66048
-6.66047
-6.66046
-6.66046
-6.66047
-6.66046
-6.66047
-6.66047
-6.66047
-6.66048
-6.6605
-6.66048
-6.66049
-6.6605
-6.66049
-6.6605
-6.66049
-6.66051
-6.66049
-6.6605
-6.66051
-6.66051
-6.66053
-6.66053
-6.66053
-6.66052
-6.66052
-6.6605
-6.66051
-6.6605
-6.66051
-6.66049
-6.66053
-6.66051
-6.6605
-6.6605
-6.66049
-6.66049
-6.66046
-6.66049
-6.66049
-6.6605
-6.66051
-6.66051
-6.66053
-6.6605
-6.6605
-6.6605
-6.66051
-6.66049
-6.6605
-6.66052
-6.6605
-6.66052
-6.66053
-6.66051
-6.66051
-6.66054
-6.66053
-6.66054
-6.66054
-6.66052
-6.66053
-6.66053
-6.66052
-6.66052
-6.66051
-6.66051
-6.66054
-6.66053
-6.66052
-6.66053
-6.66052
-6.66052
-6.66052
-6.66052
-6.66055
-6.66055
-6.66055
-6.66055
-6.66055
-6.66054
-6.66054
-6.66055
-6.66055
-6.66056
-6.66055
-6.66056
-6.66055
-6.66051
-6.66053
-6.66054
-6.66054
-6.66054
-6.66054
-6.66053
-6.66052
-6.66051
-6.66052
-6.66052
-6.66053
-6.66052
-6.66051
-6.66053
-6.66053
-6.66053
-6.66052
-6.66053
-6.6605
-6.6605
-6.66049
-6.6605
-6.66051
-6.66052
-6.66051
-6.6605
-6.66051
-6.66052
-6.66052
-6.66053
-6.66053
-6.66052
-6.66054
-6.66053
-6.66052
-6.66052
-6.66053
-6.66053
-6.66053
-6.66054
-6.66054
-6.66053
-6.66053
-6.66053
-6.66052
-6.66053
-6.66049
-6.66052
-6.66052
-6.66051
-6.66051
-6.6605
-6.66051
-6.6605
-6.66051
-6.66052
-6.6605
-6.66052
-6.66052
-6.66052
-6.66051
-6.66052
-6.66051
-6.6605
-6.66053
-6.66052
-6.66052
-6.66053
-6.66055
-6.66054
-6.66054
-6.66051
-6.66052
-6.66052
-6.66053
-6.66053
-6.66051
-6.66053
-6.66053
-6.66051
-6.66053
-6.66052
-6.66055
-6.66055
-6.66056
-6.66055
-6.66056
-6.66055
-6.66055
-6.66055
-6.66056
-6.66057
-6.66056
-6.66055
-6.66057
-6.66055
-6.66054
-6.66056
-6.66054
-6.66057
-6.66056
-6.66058
-6.66057
-6.66056
-6.66057
-6.66055
-6.66058
-6.66056
-6.66056
-6.66053
-6.66055
-6.66054
-6.66053
-6.66053
-6.66053
-6.66052
-6.66054
-6.66053
-6.66054
-6.66053
-6.66052
-6.66053
-6.66053
-6.66053
-6.66054
-6.66055
-6.66056
-6.66056
-6.66055
-6.66055
-6.66056
-6.66055
-6.66055
-6.66056
-6.66054
-6.66057
-6.66056
-6.66056
-6.66056
-6.66056
-6.66056
-6.66055
-6.66056
-6.66056
-6.66057
-6.66058
-6.66057
-6.66058
-6.66058
-6.66059
-6.66059
-6.66061
-6.66061
-6.6606
-6.6606
-6.66062
-6.6606
-6.66061
-6.66061
-6.66059
-6.66059
-6.66058
-6.66059
-6.66059
-6.66059
-6.66058
-6.66059
-6.66057
-6.66057
-6.66056
-6.66056
-6.66056
-6.66056
-6.66056
-6.66057
-6.66056
-6.66054
-6.66054
-6.66054
-6.66054
-6.66056
-6.66054
-6.66055
-6.66055
-6.66056
-6.66055
-6.66056
-6.66056
-6.66055
-6.66054
-6.66055
-6.66055
-6.66055
-6.66056
-6.66054
-6.66056
-6.66056
-6.66056
-6.66055
-6.66054
-6.66056
-6.66057
-6.66056
-6.66055
-6.66055
-6.66055
-6.66055
-6.66055
-6.66056
-6.66056
-6.66056
-6.66056
-6.66055
-6.66055
-6.66056
-6.66057
-6.66057
-6.66058
-6.66058
-6.66056
-6.66057
-6.66058
-6.66056
-6.66056
-6.66056
-6.66055
-6.66056
-6.66054
-6.66054
-6.66055
-6.66055
-6.66055
-6.66055
-6.66056
-6.66055
-6.66053
-6.66054
-6.66055
-6.66055
-6.66053
-6.66052
-6.66053
-6.66052
-6.66051
-6.6605
-6.66051
-6.66051
-6.6605
-6.66051
-6.66051
-6.6605
-6.66051
-6.66049
-6.66049
-6.66049
-6.66048
-6.66048
-6.66049
-6.66049
-6.6605
-6.6605
-6.66051
-6.6605
-6.6605
-6.66051
-6.66049
-6.6605
-6.66052
-6.66052
-6.6605
-6.66051
-6.66049
-6.6605
-6.66049
-6.66049
-6.6605
-6.6605
-6.6605
-6.6605
-6.66051
-6.66051
-6.6605
-6.6605
-6.6605
-6.6605
-6.6605
-6.6605
-6.66049
-6.66049
-6.66049
-6.66049
-6.66049
-6.6605
-6.66048
-6.66048
-6.66048
-6.66049
-6.66048
-6.66047
-6.66047
-6.66048
-6.66048
-6.66048
-6.66048
-6.66049
-6.66048
-6.66049
-6.66049
-6.66049
-6.66049
-6.66049
-6.6605
-6.6605
-6.66049
-6.66049
-6.6605
-6.6605
-6.6605
-6.66051
-6.66051
-6.6605
-6.66051
-6.6605
-6.66049
-6.6605
-6.6605
-6.6605
-6.66051
-6.66051
-6.6605
-6.6605
-6.6605
-6.66051
-6.6605
-6.66051
-6.6605
-6.66049
-6.6605
-6.6605
-6.66049
-6.66049
-6.6605
-6.6605
-6.66049
-6.6605
-6.6605
-6.66049
-6.66049
-6.66048
-6.66049
-6.66048
-6.66049
-6.66048
-6.66048
-6.66048
-6.66048
-6.66049
-6.66049
-6.66049
-6.6605
-6.66047
-6.66049
-6.66048
-6.66049
-6.66049
-6.66049
-6.66049
-6.6605
-6.66048
-6.66048
-6.6605
-6.66048
-6.66048
-6.6605
-6.66049
-6.6605
-6.6605
-6.6605
-6.6605
-6.6605
-6.6605
-6.6605
-6.6605
-6.66051
-6.6605
-6.6605
-6.6605
-6.66049
-6.66049
-6.66049
-6.66049
-6.66049
-6.66049
-6.66049
-6.66049
-6.66049
-6.66049
-6.66049
-6.66049
-6.66048
-6.66049
-6.66049
-6.66048
-6.66048
-6.66048
-6.66048
-6.66047
-6.66048
-6.66046
-6.66046
-6.66046
-6.66046
-6.66046
-6.66046
-6.66046
-6.66045
-6.66045
-6.66043
