0.798386
0.799031
0.798372
0.800381
0.799747
0.799778
0.800068
0.800713
0.800035
0.800387
0.800225
0.800591
0.800957
0.801172
0.801286
0.801324
0.801501
0.801563
0.801426
0.801295
0.800991
0.801178
0.80063
0.800825
0.800579
0.800764
0.800696
0.800622
0.80072
0.800369
0.800716
0.800724
0.800535
0.800695
0.800607
0.800316
0.800347
0.800397
0.800387
0.800495
0.80052
0.800458
0.800661
0.800677
0.800652
0.800615
0.800457
0.80041
0.800377
0.800387
0.800302
0.800308
0.800334
0.800332
0.800227
0.8003
0.80019
0.800121
0.800268
0.800168
0.800109
0.800092
0.800129
0.800211
0.800165
0.80012
0.800222
0.800174
0.80017
0.800189
0.800177
0.800087
0.800157
0.800222
0.800214
0.800189
0.800121
0.800088
0.800044
0.800081
0.800086
0.800084
0.800117
0.800126
0.800215
0.800219
0.800108
0.800115
0.800083
0.800138
0.80004
0.800059
0.800078
0.800034
0.800048
0.80006
0.80003
0.80008
0.799977
0.800005
0.799988
0.800042
0.800008
0.800035
0.800045
0.800034
0.800052
0.80005
0.800088
0.800061
0.800035
0.800063
0.800036
0.800032
0.800107
0.800091
0.800078
0.800137
0.800075
0.800083
0.800074
0.800033
0.800058
0.800088
0.800104
0.800067
0.800088
0.800054
0.800061
0.800106
0.800136
0.800089
0.800066
0.800057
0.800044
0.799968
0.800046
0.800072
0.800058
0.80011
0.800058
0.800068
0.800079
0.800102
0.800099
0.800152
0.800164
0.800136
0.800108
0.800105
0.800115
0.800119
0.800147
0.80018
0.800165
0.800101
0.80014
0.800151
0.80013
0.800147
0.800128
0.800121
0.800142
0.80019
0.800212
0.800193
0.800213
0.800205
0.800246
0.800239
0.8002
0.800232
0.800206
0.800193
0.800209
0.800225
0.800216
0.800185
0.800208
0.80022
0.800199
0.800232
0.800242
0.80024
0.800255
0.800243
0.80026
0.800265
0.800185
0.800239
0.800218
0.800225
0.80018
0.800167
0.800197
0.800167
0.800182
0.800174
0.800185
0.800194
0.800174
0.800193
0.800192
0.800159
0.800205
0.800205
0.800179
0.800163
0.800192
0.800162
0.800179
0.800102
0.800123
0.800122
0.800133
0.800113
0.80011
0.800096
0.800136
0.800146
0.800133
0.800128
0.800109
0.800101
0.800086
0.800088
0.800098
0.800127
0.800122
0.800116
0.800122
0.800122
0.800144
0.800169
0.800138
0.800188
0.800163
0.800166
0.800176
0.800176
0.80016
0.800148
0.800144
0.800139
0.800162
0.800163
0.800168
0.800182
0.800191
0.800154
0.800162
0.80016
0.800175
0.800161
0.800194
0.80018
0.800151
0.800196
0.800178
0.800183
0.80018
0.80017
0.800179
0.800162
0.800164
0.800178
0.800149
0.800172
0.800168
0.800174
0.800175
0.800168
0.800154
0.800172
0.800169
0.800166
0.800187
0.800186
0.800164
0.800163
0.800189
0.800198
0.800166
0.800144
0.800164
0.800158
0.800156
0.800157
0.800133
0.800142
0.800144
0.800162
0.80015
0.800147
0.800154
0.800132
0.800156
0.80013
0.800151
0.80016
0.80015
0.800159
0.800152
0.800182
0.800157
0.800168
0.800182
0.800162
0.800174
0.80018
0.800187
0.800192
0.800192
0.800186
0.800212
0.800192
0.800225
0.800227
0.800239
0.800226
0.800232
0.800225
0.800217
0.800218
0.800214
0.800199
0.800192
0.800202
0.800188
0.8002
0.800201
0.800196
0.800198
0.800189
0.800191
0.800214
0.800188
0.800174
0.800174
0.800169
0.800176
0.800184
0.800186
0.800189
0.800197
0.800181
0.800184
0.800199
0.800205
0.800204
0.800212
0.800219
0.800211
0.800204
0.800211
0.800208
0.800206
0.800207
0.800197
0.800177
0.800194
0.800171
0.800185
0.800158
0.800193
0.800176
0.800192
0.800195
0.80019
0.800188
0.800193
0.800188
0.800196
0.800192
0.800178
0.800177
0.800171
0.80017
0.800179
0.800202
0.800203
0.800198
0.800199
0.800201
0.800211
0.800205
0.800207
0.800212
0.800215
0.800211
0.800207
0.800191
0.800188
0.8002
0.800193
0.800198
0.800203
0.80019
0.800194
0.80021
0.800201
0.800196
0.800208
0.800212
0.800203
0.800202
0.800195
0.800205
0.800205
0.800222
0.800205
0.800209
0.800225
0.800199
0.800202
0.800193
0.800193
0.800202
0.800204
0.800207
0.800206
0.800215
0.800189
0.800178
0.800195
0.800188
0.8002
0.800202
0.800201
0.800211
0.800201
0.800214
0.800194
0.800186
0.800199
0.800198
0.800185
0.800209
0.800205
0.800209
0.800171
0.800195
0.800176
0.800192
0.800193
0.800188
0.800185
0.800216
0.800184
0.800191
0.80017
0.800177
0.80018
0.800199
0.800193
0.800215
0.800193
0.800199
0.800192
0.800202
0.800203
0.800193
0.800186
0.800197
0.800193
0.800194
0.800188
0.800195
0.800178
0.800187
0.800196
0.800183
0.800193
0.800191
0.800172
0.800156
0.800147
0.800162
0.800155
0.800149
0.800161
0.800167
0.800162
0.800159
0.800152
0.800163
0.800176
0.800175
0.800159
0.800161
0.800172
0.800154
0.800158
0.800147
0.800142
0.800142
0.800148
0.800144
0.800153
0.800153
0.800151
0.800158
0.800171
0.80016
0.800164
0.800172
0.800165
0.80017
0.800162
0.800178
0.800165
0.800176
0.800182
0.800182
0.800191
0.800193
0.800196
0.800188
0.800185
0.800171
0.800179
0.800175
0.800181
0.800168
0.800194
0.800182
0.800175
0.800171
0.800162
0.800166
0.800145
0.800169
0.800168
0.800176
0.800186
0.800184
0.800194
0.800176
0.800179
0.800177
0.800187
0.800175
0.800181
0.800189
0.80018
0.800191
0.8002
0.800185
0.80019
0.800206
0.8002
0.800203
0.800207
0.800195
0.800198
0.800203
0.800195
0.800194
0.800184
0.800188
0.8002
0.800195
0.800192
0.800196
0.800192
0.800195
0.800194
0.800197
0.800214
0.800208
0.800211
0.800208
0.800212
0.800203
0.800203
0.800208
0.800213
0.800218
0.80021
0.800211
0.80021
0.800182
0.800196
0.800198
0.800199
0.800196
0.800198
0.800191
0.800184
0.80018
0.800188
0.800186
0.80019
0.800188
0.800179
0.800191
0.800194
0.800189
0.800182
0.800189
0.800172
0.800174
0.800167
0.800173
0.800177
0.800186
0.80018
0.800174
0.800178
0.800183
0.800184
0.800187
0.800189
0.800186
0.800198
0.800189
0.800186
0.800185
0.800195
0.800191
0.800192
0.800202
0.8002
0.800194
0.800195
0.800191
0.800186
0.800194
0.800169
0.800187
0.800192
0.800184
0.800182
0.800179
0.800183
0.800179
0.800186
0.800191
0.800181
0.80019
0.800193
0.800188
0.800188
0.800191
0.800189
0.800179
0.8002
0.800192
0.800195
0.800201
0.800212
0.800209
0.800209
0.800194
0.800199
0.800199
0.800201
0.800201
0.800188
0.800203
0.800205
0.80019
0.800199
0.800197
0.800214
0.800212
0.800223
0.800216
0.800221
0.800218
0.800215
0.800216
0.800221
0.800229
0.800224
0.800222
0.800236
0.800221
0.800216
0.800226
0.800217
0.800231
0.800226
0.800238
0.800232
0.800227
0.800234
0.800222
0.800236
0.800226
0.800223
0.800207
0.800218
0.800213
0.800206
0.800206
0.800205
0.800199
0.800208
0.800202
0.800212
0.800205
0.800201
0.800207
0.800205
0.800206
0.800214
0.800221
0.800226
0.800223
0.800221
0.800218
0.800229
0.800222
0.800223
0.800228
0.800213
0.800232
0.800223
0.800222
0.800227
0.800228
0.800223
0.800221
0.80023
0.800224
0.800234
0.800238
0.800232
0.800241
0.800239
0.800244
0.800246
0.800254
0.800256
0.800251
0.80025
0.800263
0.800246
0.800256
0.800252
0.800241
0.800245
0.800236
0.80024
0.800242
0.800239
0.800233
0.800238
0.800229
0.80023
0.800219
0.800222
0.800224
0.800225
0.800228
0.800232
0.800224
0.800214
0.800212
0.800212
0.800212
0.800221
0.800209
0.800217
0.800219
0.800221
0.80022
0.800221
0.800226
0.800218
0.800213
0.80022
0.800219
0.800221
0.800222
0.800215
0.800223
0.800223
0.800224
0.800217
0.800216
0.800223
0.800228
0.800223
0.800221
0.800221
0.800217
0.800219
0.800217
0.800223
0.800223
0.800224
0.800223
0.800216
0.80022
0.800222
0.800228
0.800231
0.800234
0.800236
0.800225
0.80023
0.800235
0.800227
0.800224
0.800229
0.800222
0.80023
0.800216
0.800214
0.800222
0.800219
0.800217
0.800216
0.800225
0.80022
0.800205
0.800214
0.800219
0.800217
0.800207
0.800201
0.800208
0.800202
0.800196
0.80019
0.800195
0.800194
0.800186
0.800189
0.800187
0.800181
0.800192
0.800181
0.800177
0.800178
0.800171
0.800172
0.800176
0.800176
0.80018
0.800186
0.800188
0.800185
0.800184
0.800187
0.800181
0.800185
0.800193
0.800193
0.800186
0.800189
0.800178
0.800182
0.800182
0.80018
0.800184
0.800184
0.800183
0.800187
0.800189
0.800189
0.800181
0.800182
0.80018
0.800184
0.800184
0.800183
0.800179
0.800177
0.800178
0.800176
0.80018
0.800183
0.80017
0.800169
0.800171
0.800176
0.800169
0.800166
0.800164
0.800172
0.800171
0.800172
0.800172
0.800176
0.800173
0.800175
0.800175
0.800178
0.800175
0.800179
0.800181
0.800184
0.800174
0.800175
0.800181
0.800182
0.800183
0.800187
0.800186
0.800185
0.800188
0.800182
0.800178
0.800181
0.800184
0.800186
0.800188
0.800188
0.800186
0.800183
0.800188
0.80019
0.800184
0.80019
0.800184
0.80018
0.800182
0.800186
0.80018
0.800181
0.800187
0.800182
0.800176
0.800179
0.800181
0.800173
0.800175
0.800169
0.800175
0.800168
0.800176
0.800163
0.800165
0.800163
0.800167
0.800169
0.800169
0.800174
0.800177
0.800159
0.800174
0.800167
0.800177
0.800174
0.800173
0.800176
0.80018
0.800171
0.800171
0.800181
0.800171
0.800172
0.800178
0.800171
0.800181
0.800179
0.800181
0.800181
0.80018
0.800181
0.800179
0.800182
0.800185
0.800181
0.800178
0.800178
0.800176
0.800173
0.800176
0.800172
0.800175
0.800174
0.800176
0.800175
0.800171
0.800172
0.80017
0.800169
0.800168
0.800172
0.800169
0.800164
0.800167
0.800165
0.800169
0.80016
0.800164
0.800152
0.800155
0.800155
0.800156
0.800154
0.800154
0.800157
0.800153
0.80015
0.800137
