47.7219
47.6798
47.6693
47.6475
47.659
47.6627
47.6597
47.6544
47.6613
47.6581
47.655
47.6504
47.6471
47.6407
47.6378
47.6383
47.639
47.6397
47.6416
47.6414
47.6427
47.6413
47.6461
47.646
47.6482
47.6469
47.6476
47.6481
47.6469
47.6511
47.6475
47.6466
47.6489
47.6469
47.6463
47.6478
47.6476
47.6463
47.6454
47.6428
47.6433
47.6441
47.6421
47.6428
47.6433
47.6436
47.6452
47.6448
47.6448
47.6435
47.6437
47.6434
47.6433
47.6432
47.6444
47.6434
47.6438
47.6441
47.6427
47.6436
47.6451
47.6456
47.6458
47.6457
47.6469
47.6479
47.6473
47.6483
47.6485
47.6486
47.6486
47.6497
47.6493
47.6488
47.6494
47.6497
47.6502
47.6505
47.651
47.651
47.6506
47.6504
47.6498
47.6499
47.6487
47.6484
47.65
47.6502
47.6503
47.6498
47.6502
47.6499
47.6502
47.651
47.6505
47.6505
47.6506
47.6501
47.6513
47.6514
47.652
47.6515
47.6517
47.6514
47.6508
47.6509
47.6499
47.6498
47.6495
47.6498
47.6496
47.6494
47.6501
47.65
47.6491
47.649
47.6492
47.6485
47.6487
47.6482
47.6484
47.6487
47.6486
47.6484
47.6482
47.6486
47.6485
47.6492
47.649
47.6486
47.6482
47.6486
47.6487
47.6491
47.649
47.6495
47.6492
47.649
47.6491
47.6485
47.649
47.6491
47.6486
47.6482
47.6479
47.6475
47.6473
47.6475
47.6476
47.6474
47.6471
47.6471
47.6471
47.6463
47.6461
47.6467
47.6464
47.6463
47.6465
47.6464
47.6468
47.6471
47.6472
47.6469
47.6467
47.6469
47.6466
47.6465
47.6461
47.6463
47.6467
47.6464
47.6468
47.6468
47.6467
47.6465
47.6467
47.6468
47.6466
47.6464
47.6468
47.6464
47.6463
47.6463
47.6461
47.6463
47.6463
47.6463
47.6473
47.6471
47.6471
47.6472
47.6474
47.6474
47.647
47.6472
47.6469
47.647
47.647
47.6469
47.6469
47.6466
47.6466
47.647
47.6465
47.6466
47.647
47.6474
47.6472
47.6472
47.6469
47.6475
47.6474
47.6476
47.6474
47.6479
47.6482
47.6483
47.648
47.648
47.648
47.6481
47.6483
47.6483
47.6483
47.6484
47.6481
47.6479
47.6482
47.6481
47.648
47.6481
47.6481
47.6479
47.6481
47.6477
47.6478
47.6478
47.6478
47.6479
47.648
47.6481
47.6481
47.6479
47.6476
47.6476
47.6478
47.6478
47.6479
47.6482
47.6481
47.6482
47.6478
47.6479
47.6475
47.6477
47.6479
47.6475
47.6475
47.6474
47.6475
47.6477
47.6476
47.6476
47.6476
47.6475
47.6478
47.6475
47.6473
47.6473
47.6472
47.6474
47.6474
47.6474
47.6475
47.6477
47.6472
47.6472
47.6475
47.6476
47.6473
47.6472
47.6474
47.6477
47.6474
47.6474
47.6472
47.6471
47.6472
47.6469
47.647
47.6468
47.6469
47.6469
47.6469
47.6471
47.6467
47.6469
47.6468
47.6466
47.6467
47.6467
47.6469
47.6467
47.647
47.647
47.647
47.6473
47.6472
47.6472
47.6472
47.6472
47.6472
47.6473
47.6471
47.6473
47.6468
47.6467
47.6465
47.6468
47.6468
47.6469
47.647
47.6469
47.647
47.647
47.6469
47.6468
47.6467
47.6467
47.6467
47.6468
47.647
47.6472
47.6474
47.6474
47.6475
47.6477
47.6478
47.6478
47.6476
47.6476
47.6476
47.6474
47.6472
47.6473
47.6473
47.6473
47.6473
47.6474
47.6473
47.6472
47.6473
47.6473
47.6471
47.6472
47.647
47.647
47.6471
47.6474
47.6473
47.6475
47.6475
47.6478
47.6474
47.6476
47.6473
47.6472
47.6472
47.6472
47.6472
47.6471
47.647
47.6471
47.6471
47.647
47.6471
47.6472
47.6472
47.647
47.647
47.647
47.6468
47.6468
47.6468
47.6469
47.6469
47.6468
47.6467
47.6467
47.6468
47.6469
47.6468
47.6467
47.6467
47.6467
47.6466
47.6469
47.6468
47.6468
47.6471
47.6472
47.6471
47.647
47.647
47.647
47.6471
47.647
47.6471
47.647
47.6473
47.6473
47.6473
47.6476
47.6475
47.6477
47.6477
47.6475
47.6476
47.6477
47.6477
47.6476
47.6478
47.6479
47.6479
47.6481
47.648
47.6479
47.648
47.6479
47.648
47.648
47.6483
47.6484
47.6482
47.6482
47.6484
47.6482
47.6483
47.6483
47.6485
47.6482
47.6485
47.6483
47.6484
47.6485
47.6485
47.6482
47.6484
47.6483
47.6484
47.6483
47.6483
47.6481
47.6481
47.648
47.6482
47.6482
47.6481
47.648
47.6479
47.648
47.6481
47.648
47.648
47.648
47.648
47.648
47.648
47.6478
47.6476
47.6477
47.6475
47.6476
47.6478
47.6478
47.648
47.648
47.648
47.648
47.6479
47.6478
47.6479
47.6479
47.648
47.6479
47.6478
47.6478
47.648
47.648
47.6479
47.6481
47.648
47.6481
47.6482
47.6482
47.6481
47.6482
47.6481
47.648
47.648
47.648
47.6479
47.648
47.648
47.648
47.6481
47.648
47.648
47.6478
47.6478
47.6478
47.6478
47.6477
47.6477
47.6477
47.6477
47.6478
47.6478
47.6479
47.6478
47.6477
47.6476
47.6478
47.6475
47.6477
47.6478
47.6479
47.6478
47.6478
47.648
47.6478
47.6478
47.6477
47.6477
47.6477
47.6477
47.6478
47.6477
47.6477
47.6476
47.6477
47.6477
47.6477
47.6478
47.6477
47.6477
47.6479
47.6479
47.6477
47.6478
47.6478
47.6477
47.6478
47.6477
47.6477
47.6478
47.6479
47.648
47.6479
47.6479
47.6479
47.648
47.648
47.6482
47.6482
47.6482
47.6482
47.6481
47.6481
47.6481
47.6481
47.648
47.6481
47.648
47.648
47.6479
47.6478
47.6479
47.6478
47.6479
47.6481
47.6478
47.6478
47.6478
47.6478
47.6477
47.6477
47.6478
47.6478
47.6477
47.6477
47.6476
47.6476
47.6476
47.6475
47.6474
47.6475
47.6476
47.6474
47.6475
47.6474
47.6475
47.6475
47.6474
47.6474
47.6473
47.6473
47.6473
47.6472
47.6472
47.6472
47.6472
47.6472
47.6471
47.6472
47.6473
47.6473
47.6472
47.6473
47.6473
47.6472
47.6472
47.6473
47.6473
47.6474
47.6475
47.6475
47.6478
47.6476
47.6476
47.6476
47.6477
47.6477
47.6477
47.6478
47.6478
47.6477
47.6478
47.6477
47.6477
47.6478
47.6479
47.6479
47.648
47.648
47.6478
47.648
47.648
47.648
47.648
47.6482
47.6482
47.6483
47.6482
47.6482
47.6481
47.6481
47.6482
47.648
47.6481
47.6482
47.6481
47.648
47.6479
47.6479
47.6478
47.6478
47.6477
47.6477
47.6477
47.6477
47.6477
47.6477
47.6477
47.6477
47.6475
47.6476
47.6476
47.6475
47.6476
47.6474
47.6474
47.6473
47.6474
47.6474
47.6474
47.6476
47.6475
47.6476
47.6476
47.6477
47.6476
47.6476
47.6477
47.6477
47.6477
47.6477
47.6476
47.6476
47.6476
47.6476
47.6476
47.6475
47.6475
47.6474
47.6473
47.6472
47.6471
47.647
47.647
47.6469
47.6469
47.647
47.647
47.647
47.6472
47.647
47.647
47.647
47.647
47.647
47.647
47.6471
47.6471
47.6472
47.6471
47.6471
47.6471
47.6471
47.6471
47.6471
47.6471
47.647
47.6471
47.6472
47.6473
47.6471
47.6472
47.6471
47.6471
47.6471
47.6471
47.6471
47.6471
47.6471
47.6471
47.6471
47.647
47.647
47.6469
47.6469
47.6469
47.6469
47.6469
47.6468
47.6468
47.6468
47.6469
47.6469
47.6469
47.6469
47.6469
47.647
47.6469
47.6469
47.6468
47.6469
47.6469
47.6468
47.6469
47.6469
47.6469
47.6469
47.6469
47.6468
47.6469
47.6468
47.6468
47.6468
47.6468
47.6468
47.6467
47.6467
47.6468
47.6467
47.6468
47.6469
47.6469
47.6469
47.6468
47.6468
47.6468
47.6468
47.6469
47.6469
47.6469
47.6469
47.6469
47.6469
47.6469
47.6469
47.6469
47.6469
47.647
47.647
47.647
47.647
47.6469
47.6471
47.6471
47.647
47.6471
47.6472
47.6472
47.6472
47.6472
47.6474
47.6472
47.6471
47.6472
47.6473
47.6473
47.6472
47.6472
47.6473
47.6474
47.6474
47.6474
47.6475
47.6475
47.6475
47.6476
47.6475
47.6476
47.6476
47.6476
47.6477
47.6477
47.6477
47.6477
47.6476
47.6476
47.6476
47.6476
47.6476
47.6476
47.6477
47.6476
47.6475
47.6476
47.6476
47.6476
47.6477
47.6476
47.6477
47.6477
47.6477
47.6477
47.6477
47.6477
47.6477
47.6478
47.6478
47.6478
47.6478
47.6477
47.6477
47.6476
47.6477
47.6477
47.6477
47.6477
47.6476
47.6475
47.6475
47.6475
47.6474
47.6474
47.6474
47.6473
47.6473
47.6472
47.6472
47.6472
47.6472
47.6471
47.6472
47.6472
47.6471
47.6471
47.6471
47.6471
47.6471
47.6471
47.6472
47.6472
47.6472
47.6472
47.6472
47.6472
47.6472
47.6471
47.6471
47.6471
47.6471
47.6471
47.647
47.647
47.6471
47.6471
47.6471
47.6472
47.6472
47.6472
47.6473
47.6472
47.6473
47.6474
47.6473
47.6473
47.6473
47.6474
47.6473
47.6473
47.6474
47.6474
47.6474
47.6474
47.6474
47.6474
47.6474
47.6475
47.6474
47.6475
47.6475
47.6475
47.6475
47.6474
47.6474
47.6474
47.6474
47.6475
47.6474
47.6475
47.6474
47.6475
47.6475
47.6475
47.6475
47.6477
47.6477
47.6476
47.6476
47.6476
47.6476
47.6476
47.6475
47.6475
47.6475
47.6475
47.6475
47.6476
47.6476
47.6476
47.6476
47.6476
47.6477
47.6477
47.6477
47.6477
47.6477
47.6477
47.6477
47.6478
47.6478
47.6478
47.6479
47.6479
47.6479
47.6478
47.6479
47.6478
47.6478
47.6479
47.6478
47.6478
47.6478
47.6478
47.6477
47.6478
47.6477
47.6477
47.6477
47.6478
47.6478
47.6478
47.6478
47.6477
47.6478
