0
0.042116
0.0264804
0.02879
0.0251103
0.0208329
0.0178631
0.0163331
0.015954
0.0146153
0.0135849
0.0132248
0.0126208
0.0133177
0.0127193
0.0119092
0.0112061
0.0105854
0.010195
0.00967365
0.00929624
0.00897367
0.00983025
0.00941256
0.00930277
0.00904121
0.0087324
0.00842732
0.00821319
0.0089524
0.00938699
0.00913297
0.00915376
0.00910651
0.00886062
0.00874179
0.00850447
0.00838562
0.00821154
0.00843424
0.00824368
0.00808432
0.00814096
0.00798548
0.00781887
0.0076534
0.00767075
0.00752167
0.00736658
0.00733329
0.00719101
0.00705982
0.00692622
0.00679736
0.00679009
0.00675449
0.00664774
0.00653833
0.00656507
0.00651668
0.00657354
0.00648525
0.00638573
0.00628567
0.0062938
0.00628356
0.00622346
0.00621253
0.00612802
0.0060399
0.00595429
0.00597641
0.00590794
0.00584827
0.00580519
0.00573603
0.00568249
0.0056148
0.00556406
0.00549455
0.00544291
0.00538243
0.00534688
0.0052835
0.00535958
0.00530612
0.00549606
0.00543773
0.00537642
0.00533821
0.00529813
0.00524888
0.00520045
0.00519868
0.00516346
0.00510952
0.00505736
0.0050259
0.00511002
0.00506011
0.00504222
0.00501687
0.00497338
0.00493295
0.00492219
0.00487587
0.00493567
0.00489087
0.00485091
0.00481479
0.00477669
0.00473999
0.00475256
0.0047119
0.00475911
0.00471795
0.00467912
0.00469179
0.00465926
0.00464574
0.00461063
0.0045812
0.00454599
0.00451249
0.00448187
0.00446751
0.00443314
0.00445068
0.0044183
0.0044071
0.00438995
0.00437414
0.00434342
0.00432683
0.00429711
0.00429695
0.00427609
0.00424876
0.00422
0.00423849
0.00423995
0.00421042
0.0042041
0.00419468
0.00417444
0.0041668
0.00414244
0.0041188
0.00409168
0.00406931
0.00405649
0.00403046
0.00400506
0.00404212
0.00402225
0.00403424
0.00401814
0.00399494
0.00397683
0.00395238
0.00394957
0.00393656
0.00391247
0.00389832
0.0038779
0.00385836
0.00384984
0.00382824
0.00382392
0.00380839
0.00380671
0.00379737
0.00379174
0.00377013
0.0037496
0.00373224
0.0037125
0.00369364
0.00367649
0.0036608
0.00365552
0.00365304
0.0036337
0.00361398
0.00360085
0.00358826
0.00356932
0.00355103
0.00366177
0.00364604
0.00362691
0.00360864
0.00359752
0.00357903
0.00358402
0.00356902
0.00355691
0.00353949
0.00352169
0.00350621
0.00348875
0.0034817
0.00346459
0.00346344
0.00347361
0.00345734
0.003464
0.00346462
0.00345411
0.00343816
0.00343789
0.00348577
0.00347103
0.00345963
0.00344834
0.00346486
0.00346022
0.00344724
0.00344644
0.00343076
0.00341543
0.00340163
0.00339007
0.00337493
0.00335992
0.00334518
0.00333752
0.00333074
0.00332698
0.00331285
0.00330157
0.00328818
0.00327404
0.00326598
0.00326263
0.00328009
0.00326956
0.00325631
0.00324266
0.00323248
0.00322089
0.0032082
0.00319502
0.00318875
0.0031851
0.0031722
0.00316329
0.00315065
0.00314015
0.00314377
0.00313314
0.00312131
0.00313046
0.00312069
0.00313448
0.00312473
0.00312069
0.00313663
0.00312451
0.00311295
0.00310177
0.00309837
0.00308963
0.00307869
0.00306783
0.00305646
0.00305218
0.00305568
0.00304627
0.00303571
0.00302477
0.0030173
0.00300683
0.00299718
0.00298934
0.00298505
0.00300646
0.00299575
0.00299958
0.00299068
0.00299995
0.00298944
0.00298553
0.00298405
0.00298657
0.00297623
0.00296957
0.00296044
0.0029503
0.00294803
0.00293792
0.00293256
0.00292404
0.0029142
0.00290486
0.00290827
0.00292569
0.0029205
0.00291364
0.00290868
0.00289934
0.00288987
0.00288606
0.00288025
0.00288335
0.00287391
0.00286454
0.00286934
0.00286044
0.0028514
0.0028428
0.00283369
0.00282496
0.00281767
0.00281203
0.00280648
0.00282825
0.00282156
0.00282036
0.00282249
0.00281405
0.00280822
0.00280022
0.00279328
0.00278553
0.00277715
0.00276976
0.0027634
0.00275652
0.00274865
0.00274039
0.00273405
0.00273082
0.00273679
0.00273226
0.00272425
0.0027223
0.00272045
0.00271265
0.00270516
0.00270369
0.002696
0.00268836
0.00268493
0.00268387
0.00267793
0.0026702
0.00266305
0.00265557
0.00264971
0.00264268
0.00263746
0.00263098
0.00262355
0.00262127
0.00261413
0.00260935
0.00260215
0.00259797
0.00260016
0.00259426
0.00260057
0.00259346
0.00259778
0.00261826
0.00261764
0.00262348
0.00262038
0.00261399
0.00260693
0.00260031
0.00259454
0.00259246
0.00258864
0.00258268
0.00257775
0.00257159
0.00256611
0.00255938
0.00256111
0.00255443
0.0025482
0.00255123
0.00254458
0.00253802
0.00253159
0.00252557
0.00252129
0.00251703
0.00251092
0.00250589
0.00250221
0.00249792
0.00249752
0.00249127
0.002485
0.00247924
0.0024819
0.00247571
0.0024697
0.00247915
0.00247503
0.00247285
0.00246712
0.00246112
0.00245515
0.00245041
0.002445
0.0024399
0.0024362
0.00245124
0.00244534
0.00244058
0.00245317
0.00244727
0.00244397
0.00243821
0.00243774
0.00243288
0.00242944
0.00242368
0.00241867
0.00242025
0.00241577
0.00241009
0.00241148
0.00240839
0.0024043
0.00239966
0.00239636
0.00239521
0.00238975
0.00239982
0.00239629
0.00239721
0.00239174
0.00239147
0.00239223
0.00238989
0.00238524
0.00239317
0.0024043
0.00241123
0.00241047
0.0024055
0.00240193
0.00239729
0.00241366
0.00242045
0.00241759
0.00241367
0.00241258
0.00240725
0.0024083
0.00240336
0.00240223
0.00240893
0.0024045
0.00239933
0.0023986
0.00239451
0.00239027
0.00238815
0.00238852
0.00238458
0.00237947
0.00237443
0.00237059
0.00236584
0.00236805
0.00237021
0.00236641
0.00236704
0.00236225
0.0023643
0.00236071
0.00236507
0.00236032
0.00235542
0.00235052
0.00235087
0.00234643
0.00234178
0.00233734
0.00233366
0.00233076
0.00232728
0.00232258
0.00232799
0.00232339
0.00232144
0.00232324
0.00231922
0.00231579
0.00231156
0.00230689
0.0023026
0.00229853
0.00229612
0.00229161
0.00228706
0.00228381
0.00227959
0.00227848
0.00227412
0.00226976
0.00226639
0.00226382
0.00225947
0.0022654
0.00226199
0.00225832
0.00225404
0.00224976
0.00224576
0.00224146
0.00223717
0.00223399
0.00222969
0.00222985
0.00222769
0.00222651
0.00222286
0.00222143
0.00223033
0.00223096
0.00223307
0.00222901
0.00222504
0.00222093
0.00221998
0.0022257
0.00222153
0.00221746
0.00221375
0.00221014
0.00220749
0.00220619
0.00220373
0.00219999
0.00219758
0.00219484
0.00219096
0.00218693
0.00218749
0.00218506
0.00218261
0.00219226
0.00218827
0.00219118
0.00218872
0.00218511
0.00218393
0.00218209
0.00217829
0.0021744
0.00217296
0.00216924
0.00216738
0.00216358
0.00215977
0.00215599
0.00215237
0.00214894
0.00215005
0.00214709
0.0021433
0.00213972
0.00213939
0.00213706
0.00213413
0.00213044
0.00212852
0.00212646
0.00212344
0.0021205
0.00211813
0.00211564
0.00211221
0.00210881
0.00210589
0.00210883
0.00211824
0.00211471
0.00211114
0.00210759
0.00210556
0.002102
0.00210063
0.00209743
0.00209719
0.00209445
0.0020921
0.00208863
0.00208532
0.002085
0.00208219
0.00207954
0.00207753
0.00207874
0.00207563
0.00207308
0.00207094
0.00206756
0.00206526
0.00206338
0.00206006
0.00205669
0.00205389
0.00205237
0.00204915
0.0020458
0.00204271
0.00203989
0.0020392
0.00203887
0.00203641
0.00203327
0.00203205
0.00203006
0.00202697
0.00202762
0.00202436
0.00202249
0.00201928
0.00201957
0.00201856
0.00201545
0.00203372
0.00203754
0.00203437
0.00203184
0.00202965
0.00202713
0.00202394
0.00202181
0.00201905
0.00201683
0.00201462
0.00201208
0.00200895
0.00200906
0.00200626
0.00200399
0.00200125
0.00199947
0.00200462
0.00200525
0.00200216
0.00199949
0.00199654
0.0019975
0.00199443
0.00199515
0.00199454
0.00199165
0.00198974
0.00198684
0.00198697
0.00199187
0.00198886
0.00198825
0.00198739
0.0019845
0.00198664
0.00198384
0.0019873
0.00198432
0.00198241
0.00197945
0.0019766
0.00197505
0.00197233
0.00197024
0.00196772
0.00196493
0.00196846
0.0019663
0.00196342
0.00196283
0.00196133
0.00196532
0.00196265
0.00196126
0.00196005
0.00195729
0.00195492
0.00195868
0.00195793
0.00195883
0.00195604
0.00195662
0.00195885
0.00195605
0.00195683
0.00195405
0.00195131
0.00194865
0.00195036
0.00194804
0.00194643
0.0019445
0.0019418
0.00194165
0.00193929
0.00193675
0.00193672
0.00194065
0.00194048
0.00193785
0.00193649
0.00193391
0.00193318
0.00193516
0.00193283
0.00193024
0.00193301
0.00193998
0.00193753
0.00193498
0.0019323
0.00192991
0.00192731
0.00192714
0.0019245
0.00192431
0.00192237
0.00192052
0.00191925
0.0019188
0.00191697
0.00191525
0.00191275
0.00191077
0.00190882
0.00191058
0.0019088
0.00191358
0.00191534
0.00191968
0.00191711
0.00191557
0.00191334
0.00191141
0.0019098
0.00190729
0.00190489
0.00190237
0.00190244
0.00189998
0.00189904
0.00189693
0.00189441
0.00189217
0.00189071
0.00188857
0.00188616
0.00188372
0.00188356
0.00188132
0.00187886
0.00187659
0.00187511
0.00187752
0.00187739
0.00187496
0.00187294
0.00187075
0.00186845
0.0018661
0.00186564
0.00186323
0.00186121
0.00185899
0.00185737
0.00185569
0.00185397
0.00185242
0.00185009
0.00184778
0.0018455
0.00184316
0.00184253
0.00184018
0.0018391
0.0018368
0.00183487
0.00183505
0.00183283
0.00183057
0.00183051
0.00182824
0.00182615
0.00182457
0.00182519
0.00182366
0.00182212
0.00182014
0.00181786
0.00181563
0.00181339
0.00181233
0.00181007
0.0018094
0.00180992
0.00180855
0.00180742
0.00180573
0.00180458
0.00180667
0.00180481
0.00180421
0.00180318
0.0018021
0.00180181
0.00180052
0.00179853
0.00180287
0.00180555
0.00180584
0.00180373
0.00180516
0.00180325
0.00180381
0.0018018
0.00180112
0.00180066
0.00179849
0.00179638
0.00179716
0.00179507
0.00179302
0.00179246
0.00179245
0.00179264
0.00179049
0.00178836
0.0017875
0.00178545
0.00178394
0.00178182
0.00177978
0.00177824
0.00177613
0.00177419
0.00177209
0.00177022
0.00176907
0.00176914
0.00176746
0.00176565
0.00176512
0.00176307
0.00176229
0.00176074
0.00175868
0.0017567
0.00175467
0.00175294
0.00175091
0.00174914
0.00174837
0.00174683
0.00174542
0.0017436
0.00174176
0.00174124
0.0017397
0.00173895
0.001737
0.00173505
0.00173309
0.00173119
0.00173213
0.00173294
0.0017327
0.00173109
0.00173082
0.00173012
0.00172816
0.00172626
0.00172441
0.00172472
0.00172277
0.00172132
0.00171983
0.00171801
0.00171733
0.00171607
0.00171439
0.00171391
0.00171199
0.00171007
0.00170933
0.00170817
0.00170954
0.00170772
0.00170591
0.00170407
0.00170322
0.0017025
0.00170078
0.00169895
0.0016983
0.00169648
0.00169462
0.00169276
0.00169182
0.00168996
0.00168828
0.00168669
0.00168588
0.00168515
0.00168341
0.00168186
0.00168143
0.00168028
0.00168098
0.0016804
0.00167884
0.00167851
0.00167767
0.00167637
0.00167586
0.00167431
0.00167435
0.00167265
0.0016711
0.00167096
0.00166951
0.00166834
0.00166713
0.00166597
0.00166482
0.00166689
0.00166547
0.00166408
0.0016631
0.00166147
0.00166014
0.00165843
0.00165701
0.00166213
0.00166308
0.00166485
0.00166633
0.00166585
0.0016644
0.00166266
0.00166102
0.00166691
0.00166525
0.00166589
0.00166526
0.00166356
0.00166244
0.00166107
0.00166136
0.00165964
0.00165907
0.00165739
0.00165602
0.00165439
0.00165277
0.00165105
0.00164935
0.00164944
0.00164821
0.00164674
0.00164508
0.00164383
0.00164258
0.00164186
0.00164017
0.00164015
0.00163879
0.00163745
0.0016368
0.00163516
0.0016335
0.00163193
0.00163042
0.00163016
0.00162851
0.00162822
0.00162677
0.00162513
0.00162486
0.00162447
0.00162622
0.00162593
0.0016259
0.00162439
0.00162277
0.00162239
0.00162077
0.00161919
0.00161764
0.00161678
0.00161698
