0
0.000645006
0.000756677
0.00207863
0.00173029
0.00141311
0.0012291
0.0012444
0.00129021
0.00120651
0.0011033
0.00107165
0.00105162
0.000996962
0.000935182
0.000875608
0.000841347
0.000795611
0.000764984
0.000737358
0.000764574
0.000752724
0.00090425
0.000887317
0.000885857
0.000871061
0.00084098
0.000813758
0.000791262
0.000841106
0.000884369
0.000856332
0.000851236
0.000841208
0.00082158
0.000849827
0.000827134
0.000806618
0.000785731
0.000773468
0.000754767
0.00073914
0.000749693
0.000732634
0.000716624
0.000701854
0.000704624
0.000691403
0.000677932
0.000664304
0.000656631
0.000643903
0.000632191
0.000620377
0.000617913
0.000611109
0.000610295
0.000603576
0.000611164
0.000609271
0.000602033
0.000592494
0.000584203
0.000580748
0.000573545
0.000566579
0.000567328
0.000561054
0.000552877
0.000545264
0.000537657
0.000537847
0.000535088
0.000531816
0.000524748
0.000518399
0.000516092
0.000510471
0.000505927
0.00050092
0.000494726
0.000488658
0.00048383
0.000478116
0.000480885
0.000475279
0.000482719
0.00047725
0.000472961
0.00047089
0.000475754
0.000470942
0.000466214
0.000463285
0.000458592
0.000453954
0.000450298
0.000448466
0.000455587
0.000451866
0.000447705
0.000446573
0.000443494
0.000440042
0.000435956
0.000431971
0.000428306
0.000424328
0.000422132
0.000419148
0.000416171
0.000413379
0.000410584
0.000406983
0.000410168
0.000406899
0.000403613
0.000404391
0.000405652
0.000402338
0.000399102
0.000397996
0.000395557
0.000393499
0.000390667
0.000389277
0.000386772
0.000385323
0.000382389
0.000382087
0.000380405
0.000380471
0.000378324
0.000375584
0.000373012
0.00037808
0.000383429
0.000381518
0.000379017
0.000379785
0.000380661
0.000378109
0.000375617
0.000373707
0.000371133
0.000372437
0.000370094
0.000368684
0.000367286
0.000364837
0.000362541
0.000360169
0.000358893
0.000358087
0.00035607
0.000359612
0.000359488
0.000357379
0.000355755
0.000353941
0.000352238
0.000350131
0.000348581
0.00034982
0.000348357
0.000346779
0.000345282
0.000343301
0.00034363
0.000341672
0.000341893
0.000341403
0.00034042
0.000338684
0.000337125
0.000335576
0.00033381
0.00033331
0.000332188
0.000330569
0.000329401
0.00032927
0.0003276
0.000325819
0.000324421
0.000322894
0.000321609
0.000319931
0.000328068
0.000330652
0.00032957
0.000327924
0.000329311
0.000327853
0.000327511
0.000327204
0.000325894
0.000324354
0.000322933
0.000321432
0.000320452
0.000319406
0.000317831
0.00031801
0.000319825
0.000318269
0.000317851
0.00031672
0.000316525
0.000316381
0.00031531
0.000323088
0.000322225
0.000320716
0.000319393
0.000318513
0.000317054
0.000315907
0.000316963
0.000315679
0.000314537
0.000313149
0.000312305
0.000311019
0.000310002
0.000308631
0.000307426
0.000307453
0.00030614
0.000304866
0.000303595
0.000302284
0.000301765
0.000301488
0.000301745
0.000304548
0.000304306
0.000303045
0.000301939
0.000300679
0.000299855
0.000298827
0.000297631
0.000296441
0.000296089
0.000294883
0.000293734
0.000292885
0.00029184
0.000292974
0.000291923
0.000290773
0.000290018
0.000289209
0.000289894
0.00028906
0.000289409
0.000291712
0.000291125
0.000290043
0.000288946
0.000288014
0.000287063
0.000286484
0.00028541
0.000284665
0.000285026
0.000284847
0.000283807
0.000282817
0.000281772
0.000280818
0.00028011
0.000279663
0.000278664
0.000277665
0.000277453
0.000276455
0.000276359
0.00027537
0.000275614
0.000274772
0.000275619
0.000275596
0.000275361
0.000274455
0.000273502
0.00027255
0.000272604
0.000271803
0.000270872
0.000270604
0.000269976
0.000269068
0.000268229
0.000268176
0.000268313
0.000268607
0.000268475
0.00026775
0.00026707
0.000266349
0.000265557
0.000266398
0.000266745
0.000266116
0.000265614
0.000265547
0.000264988
0.000264191
0.00026344
0.00026263
0.000261789
0.000261014
0.000261525
0.000261456
0.000262678
0.000261858
0.00026129
0.000260768
0.000260022
0.000259324
0.000258634
0.000257836
0.000257071
0.000256696
0.000256027
0.000255477
0.00025513
0.000254674
0.000253903
0.000253172
0.000252416
0.000251816
0.000251068
0.000251423
0.000251987
0.000251629
0.000250886
0.000250192
0.000249547
0.000248943
0.000248229
0.000247524
0.00024692
0.000246675
0.000245981
0.000245677
0.00024505
0.000244349
0.000243782
0.000243176
0.000242605
0.000242007
0.000241411
0.000240751
0.000240085
0.000239416
0.000238943
0.000239112
0.000239079
0.00023954
0.000239259
0.000240129
0.000242068
0.000242028
0.000241927
0.00024129
0.000240708
0.000240063
0.000239472
0.000238881
0.000238368
0.000237762
0.00023755
0.00023692
0.000236358
0.000235733
0.000235269
0.00023577
0.000235152
0.000234576
0.000233963
0.000233362
0.00023297
0.000232446
0.000231858
0.00023132
0.000230739
0.000230183
0.000229625
0.000229613
0.000229053
0.000228789
0.000228294
0.000227764
0.000227251
0.000227043
0.000226495
0.00022652
0.00022612
0.000225619
0.00022539
0.000224859
0.00022447
0.000223917
0.000223476
0.000223136
0.00022259
0.000222715
0.000222834
0.000222341
0.000222324
0.000223326
0.000222816
0.00022248
0.000221947
0.000221595
0.000221074
0.000220562
0.000220039
0.000219691
0.000220691
0.00022041
0.000220521
0.000220109
0.000219917
0.000219413
0.000218905
0.000218623
0.00021833
0.000218201
0.000218627
0.000218256
0.000218109
0.00021761
0.00021747
0.000218196
0.00021773
0.000217271
0.000220067
0.000220937
0.000221307
0.000221377
0.000220883
0.000220451
0.000219972
0.000221631
0.000223388
0.000222983
0.000223438
0.000223046
0.000222579
0.000222866
0.000222452
0.000223017
0.000223534
0.000223126
0.000222759
0.000222481
0.000222002
0.000221769
0.000221386
0.000221161
0.000220718
0.000220246
0.000219861
0.000219526
0.000219731
0.000219452
0.000219154
0.000219088
0.000218879
0.000218433
0.000218752
0.000218877
0.00021859
0.00021859
0.000218248
0.000217854
0.000217694
0.00021734
0.000216941
0.000216526
0.000216191
0.000216041
0.000215999
0.000215557
0.000215745
0.00021531
0.000215156
0.000215464
0.000215064
0.000214884
0.000214518
0.000214085
0.000213731
0.000213332
0.000213072
0.000212645
0.000212226
0.000211933
0.000211886
0.00021175
0.000211371
0.000211079
0.00021075
0.000210382
0.000210124
0.000210341
0.000210323
0.000210181
0.000209866
0.000209458
0.000209221
0.00020883
0.000208448
0.000208199
0.000207824
0.000207883
0.000207642
0.000207287
0.000206966
0.000206959
0.000208206
0.000208179
0.000207904
0.000207547
0.000207321
0.000206963
0.000207645
0.000208588
0.000208199
0.000207978
0.0002078
0.000207417
0.000207246
0.000207614
0.000207252
0.00020688
0.000206759
0.000206749
0.000206456
0.000206255
0.000206099
0.000206019
0.000205835
0.000205963
0.000205632
0.000205929
0.000205655
0.000205306
0.000204969
0.000204914
0.000204556
0.000204256
0.000204043
0.000203677
0.000203605
0.000203284
0.000203313
0.000203024
0.000202679
0.000202358
0.000202049
0.000201712
0.000201357
0.000201026
0.00020139
0.000201136
0.000200809
0.000200472
0.000200156
0.000200033
0.000199686
0.00019941
0.000199108
0.000198834
0.000198668
0.000198329
0.00019799
0.000199633
0.000199762
0.000199439
0.000199098
0.000198773
0.000198441
0.000198224
0.00019801
0.000197707
0.000197515
0.000197188
0.000196887
0.000196565
0.000196415
0.000196398
0.000196095
0.000195823
0.00019564
0.000195475
0.000195898
0.000195577
0.000195359
0.00019511
0.000194826
0.000194743
0.000194538
0.0001943
0.00019402
0.000193774
0.000193458
0.00019317
0.000192864
0.00019257
0.000192652
0.000192567
0.000192278
0.000191968
0.0001919
0.000191631
0.000191325
0.000191279
0.000190987
0.000190773
0.000190475
0.000190221
0.000189979
0.000189839
0.000191248
0.000191872
0.000191622
0.000191503
0.000191207
0.000190932
0.000190685
0.000190441
0.000190269
0.00019005
0.00019004
0.000189964
0.000189702
0.000189479
0.000189184
0.000188915
0.000188637
0.000188592
0.000189482
0.000189393
0.000189126
0.000188954
0.000188992
0.000188739
0.000188451
0.000188798
0.000188565
0.000188279
0.000188001
0.000187716
0.000187867
0.000188152
0.000187878
0.00018814
0.000188036
0.000187762
0.00018829
0.000188019
0.000188035
0.000187868
0.00018765
0.000187393
0.000187133
0.000186856
0.000186642
0.000186532
0.000186328
0.000186057
0.000186259
0.000186511
0.000186318
0.00018633
0.000186276
0.000186515
0.000186305
0.000186381
0.000186197
0.000186
0.000185891
0.000186054
0.000186307
0.000186289
0.00018605
0.000186423
0.000186487
0.000186295
0.000186138
0.00018587
0.000185608
0.00018544
0.000185412
0.000185243
0.000185209
0.000185053
0.000184842
0.000184666
0.000184412
0.000184151
0.000184107
0.000183953
0.000183764
0.000183522
0.000183274
0.000183055
0.000183124
0.000182984
0.00018273
0.000182541
0.000182851
0.000183496
0.000183426
0.000183174
0.000182966
0.000182719
0.000182527
0.000182289
0.000182239
0.000182063
0.000182053
0.000181865
0.000181725
0.00018171
0.000181472
0.000181279
0.00018104
0.000181014
0.000180775
0.00018059
0.000180354
0.000180588
0.000181126
0.000181183
0.000180981
0.000181075
0.000180867
0.000180867
0.000180687
0.000180451
0.000180237
0.000180098
0.000179937
0.000179924
0.000179685
0.000179769
0.000179551
0.000179332
0.000179094
0.000178879
0.000178702
0.000178639
0.000178731
0.000178504
0.000178269
0.000178035
0.000178021
0.000178162
0.000178106
0.000177882
0.000177665
0.000177439
0.000177214
0.000177042
0.00017697
0.000176829
0.000176735
0.00017651
0.000176299
0.000176073
0.000175984
0.000175942
0.000175716
0.000175492
0.000175382
0.000175166
0.000175082
0.000174947
0.000174816
0.0001746
0.000174379
0.000174201
0.00017399
0.000173777
0.000173665
0.000173445
0.000173229
0.000173011
0.000172967
0.000172811
0.000172606
0.000172486
0.000172296
0.000172102
0.000171902
0.000172062
0.000171919
0.000171801
0.000171773
0.000171601
0.00017147
0.000171417
0.000171419
0.000171806
0.000171601
0.000171548
0.000171356
0.000171159
0.000170949
0.00017095
0.000170812
0.000171292
0.000171345
0.000171199
0.000171005
0.000171093
0.000170978
0.000170899
0.000170793
0.000170684
0.000170575
0.000170427
0.000170224
0.000170214
0.00017004
0.000169842
0.000169763
0.000169929
0.000170077
0.000169919
0.000169717
0.000169634
0.000169434
0.000169286
0.000169085
0.000168927
0.000168841
0.000168648
0.000168471
0.000168275
0.000168105
0.000168026
0.000167898
0.000167887
0.000167691
0.000167619
0.000167439
0.000167583
0.000167432
0.000167237
0.000167048
0.000166897
0.000166703
0.000166511
0.000166364
0.000166178
0.000165985
0.000166011
0.000165827
0.000165653
0.000165512
0.000165322
0.000165137
0.000165001
0.000164823
0.00016464
0.000164467
0.000164323
0.000164159
0.000164447
0.000164266
0.0001641
0.000163986
0.000163961
0.000163806
0.000163627
0.000163631
0.000163447
0.000163263
0.000163079
0.000162943
0.000162793
0.000162633
0.00016245
0.00016229
0.000162129
0.000161984
0.000161811
0.000161678
0.000161819
0.000161639
0.000161596
0.000161417
0.000161241
0.000161101
0.000160924
0.000160747
0.000160586
0.000160493
0.000160387
0.000160237
0.000160105
0.000159938
0.000159775
0.000159599
0.000159443
0.000159285
0.000159169
0.000159007
0.000158928
0.000158854
0.000158796
0.000158655
0.000158489
0.00015836
0.000158272
0.000158102
0.000158024
0.000157928
0.000157861
0.000157729
0.000157568
0.000157592
0.000157434
0.000157381
0.000157314
0.00015731
0.000157351
0.000157726
0.000157568
0.000157411
0.000157301
0.000157145
0.000156978
0.000156866
0.000156735
0.000157552
0.000158035
0.000158014
0.00015819
0.000158064
0.000157899
0.00015776
0.000157661
0.000157753
0.000157587
0.000157726
0.000157847
0.000157683
0.000157652
0.000157641
0.000157773
0.00015762
0.000157474
0.000157311
0.000157148
0.000156985
0.000156835
0.000156713
0.00015658
0.000156476
0.000156343
0.000156182
0.000156038
0.000155908
0.000155787
0.000155685
0.00015555
0.000155396
0.000155253
0.000155095
0.000155001
0.000154845
0.000154697
0.000154541
0.000154396
0.000154307
0.000154185
0.0001541
0.000153966
0.000153817
0.000153696
0.000153775
0.00015367
0.000153967
0.000153845
0.000153692
0.000153543
0.000153402
0.000153248
0.000153127
0.000153019
0.000152891
0.000153286
