0
0.000187327
0.000204276
0.000242692
0.000200156
0.000234457
0.000210918
0.0001885
0.000186724
0.0002054
0.000205751
0.000188617
0.000181244
0.000181918
0.000172515
0.000164527
0.000154701
0.000148766
0.00014104
0.000152219
0.000150862
0.00015684
0.000178116
0.000171861
0.000168409
0.000169236
0.000174298
0.000170176
0.000167177
0.000166
0.000166946
0.000161924
0.000158265
0.00015387
0.000150559
0.000147537
0.00014363
0.000144698
0.000141762
0.000139054
0.000135702
0.000132789
0.000130328
0.000136667
0.000135467
0.000132513
0.000129711
0.000127011
0.000126526
0.000124672
0.000122539
0.000120171
0.00011825
0.000116061
0.000115363
0.000113285
0.000111312
0.000113248
0.000111479
0.000109605
0.000108992
0.000108854
0.000107113
0.00010599
0.000104744
0.000103729
0.000102187
0.000100702
9.924e-05
9.81256e-05
9.72212e-05
9.63021e-05
9.57956e-05
9.46021e-05
9.33451e-05
9.22463e-05
9.30781e-05
9.45557e-05
9.5335e-05
9.65581e-05
9.53638e-05
9.4357e-05
9.45536e-05
9.34217e-05
9.25253e-05
9.14853e-05
9.14368e-05
9.13046e-05
9.04726e-05
8.96169e-05
9.1082e-05
9.03388e-05
8.96787e-05
8.90831e-05
8.82607e-05
8.84368e-05
8.75813e-05
8.66923e-05
8.63069e-05
8.60254e-05
8.52836e-05
8.47343e-05
8.41161e-05
8.3967e-05
8.32365e-05
8.42427e-05
8.54155e-05
8.46719e-05
8.41475e-05
8.38966e-05
8.47076e-05
8.40155e-05
8.32712e-05
8.25414e-05
8.29794e-05
8.24395e-05
8.17567e-05
8.10903e-05
8.07648e-05
8.0097e-05
7.96064e-05
7.91069e-05
7.84762e-05
7.80797e-05
7.77114e-05
7.77697e-05
7.71604e-05
7.65555e-05
7.61072e-05
7.55556e-05
7.50461e-05
7.54584e-05
7.49291e-05
7.4482e-05
7.39466e-05
7.37221e-05
7.40078e-05
7.3536e-05
7.31647e-05
7.26901e-05
7.22015e-05
7.33402e-05
7.288e-05
7.24957e-05
7.20296e-05
7.22603e-05
7.19632e-05
7.15956e-05
7.11179e-05
7.06493e-05
7.02031e-05
6.97424e-05
6.94627e-05
6.91868e-05
6.87569e-05
6.83149e-05
6.78891e-05
6.75031e-05
6.7878e-05
6.7673e-05
6.72818e-05
6.68789e-05
6.65146e-05
6.61088e-05
6.59404e-05
6.5675e-05
6.57411e-05
6.53926e-05
6.50712e-05
6.46957e-05
6.43511e-05
6.39771e-05
6.36264e-05
6.32819e-05
6.29194e-05
6.25612e-05
6.22203e-05
6.19693e-05
6.16381e-05
6.13166e-05
6.09945e-05
6.06847e-05
6.03872e-05
6.01593e-05
5.99563e-05
5.97898e-05
5.94713e-05
5.91621e-05
5.89662e-05
5.95079e-05
5.91955e-05
5.90645e-05
5.87577e-05
5.8471e-05
5.82233e-05
5.79363e-05
5.81446e-05
5.78635e-05
5.75809e-05
5.73098e-05
5.70243e-05
5.67431e-05
5.72016e-05
5.74393e-05
5.73301e-05
5.7057e-05
5.67906e-05
5.66168e-05
5.64428e-05
5.63789e-05
5.61128e-05
5.58537e-05
5.5601e-05
5.61597e-05
5.58983e-05
5.5797e-05
5.56416e-05
5.5727e-05
5.57173e-05
5.55977e-05
5.54624e-05
5.5372e-05
5.55136e-05
5.57025e-05
5.54546e-05
5.52663e-05
5.50312e-05
5.48661e-05
5.46262e-05
5.4492e-05
5.43155e-05
5.40835e-05
5.41646e-05
5.39326e-05
5.42623e-05
5.41278e-05
5.42624e-05
5.42485e-05
5.42632e-05
5.40367e-05
5.39034e-05
5.37013e-05
5.35248e-05
5.3365e-05
5.31801e-05
5.29732e-05
5.28628e-05
5.27435e-05
5.26396e-05
5.30377e-05
5.30569e-05
5.29122e-05
5.30605e-05
5.3133e-05
5.29967e-05
5.27922e-05
5.27112e-05
5.25065e-05
5.24369e-05
5.22396e-05
5.20392e-05
5.19267e-05
5.17292e-05
5.1676e-05
5.15158e-05
5.14595e-05
5.12752e-05
5.10965e-05
5.10729e-05
5.09562e-05
5.08119e-05
5.06318e-05
5.04618e-05
5.02869e-05
5.013e-05
5.00889e-05
4.99078e-05
4.97294e-05
4.9551e-05
4.93868e-05
4.92603e-05
4.97794e-05
4.96034e-05
4.94438e-05
4.92885e-05
4.91837e-05
4.90949e-05
4.89271e-05
4.89183e-05
4.87731e-05
4.86086e-05
4.8536e-05
4.83702e-05
4.82084e-05
4.80736e-05
4.82667e-05
4.81059e-05
4.79583e-05
4.7803e-05
4.76889e-05
4.75683e-05
4.75442e-05
4.74543e-05
4.73111e-05
4.7418e-05
4.72653e-05
4.71946e-05
4.71298e-05
4.69888e-05
4.68446e-05
4.67567e-05
4.66827e-05
4.65336e-05
4.6456e-05
4.63121e-05
4.62406e-05
4.60952e-05
4.59504e-05
4.58651e-05
4.58389e-05
4.57819e-05
4.56569e-05
4.55851e-05
4.54535e-05
4.53228e-05
4.52533e-05
4.51215e-05
4.49968e-05
4.49554e-05
4.48405e-05
4.47297e-05
4.46527e-05
4.4586e-05
4.44587e-05
4.44558e-05
4.43849e-05
4.43021e-05
4.41865e-05
4.40751e-05
4.39489e-05
4.38221e-05
4.37156e-05
4.36362e-05
4.35892e-05
4.35514e-05
4.36785e-05
4.37027e-05
4.35838e-05
4.34826e-05
4.34004e-05
4.32811e-05
4.31581e-05
4.30499e-05
4.29492e-05
4.28445e-05
4.27503e-05
4.2675e-05
4.26703e-05
4.25865e-05
4.25072e-05
4.23896e-05
4.22746e-05
4.21832e-05
4.20729e-05
4.20076e-05
4.19624e-05
4.18525e-05
4.17679e-05
4.16548e-05
4.15538e-05
4.15065e-05
4.14693e-05
4.13903e-05
4.13205e-05
4.12836e-05
4.12326e-05
4.1196e-05
4.1087e-05
4.11074e-05
4.09992e-05
4.10276e-05
4.09201e-05
4.0825e-05
4.07949e-05
4.08269e-05
4.07527e-05
4.06828e-05
4.0587e-05
4.05158e-05
4.05317e-05
4.04331e-05
4.04762e-05
4.04921e-05
4.03953e-05
4.03666e-05
4.02753e-05
4.01744e-05
4.0126e-05
4.0101e-05
4.00192e-05
4.02303e-05
4.01311e-05
4.00734e-05
3.99887e-05
3.99199e-05
3.98214e-05
3.97236e-05
3.96854e-05
3.95896e-05
3.95625e-05
3.95308e-05
3.94357e-05
3.93782e-05
3.93149e-05
3.92571e-05
3.91774e-05
3.90927e-05
3.90003e-05
3.89071e-05
3.89931e-05
3.89454e-05
3.88552e-05
3.88685e-05
3.88399e-05
3.87491e-05
3.87298e-05
3.87409e-05
3.86545e-05
3.8627e-05
3.85383e-05
3.84631e-05
3.8392e-05
3.84297e-05
3.83947e-05
3.83102e-05
3.82372e-05
3.81501e-05
3.82382e-05
3.81609e-05
3.81044e-05
3.8027e-05
3.80057e-05
3.79728e-05
3.78883e-05
3.78031e-05
3.77866e-05
3.77143e-05
3.7846e-05
3.77619e-05
3.77215e-05
3.76378e-05
3.75613e-05
3.75717e-05
3.75176e-05
3.74616e-05
3.73818e-05
3.73002e-05
3.72195e-05
3.72178e-05
3.71711e-05
3.71201e-05
3.7104e-05
3.71295e-05
3.70543e-05
3.69798e-05
3.69051e-05
3.68528e-05
3.67822e-05
3.67471e-05
3.66888e-05
3.66876e-05
3.66101e-05
3.65904e-05
3.66723e-05
3.66276e-05
3.65728e-05
3.65116e-05
3.64674e-05
3.6416e-05
3.64223e-05
3.63573e-05
3.62825e-05
3.62073e-05
3.61327e-05
3.60589e-05
3.59862e-05
3.59151e-05
3.58756e-05
3.58106e-05
3.57443e-05
3.5707e-05
3.56462e-05
3.5574e-05
3.55104e-05
3.54386e-05
3.53678e-05
3.53736e-05
3.5345e-05
3.52758e-05
3.52135e-05
3.52228e-05
3.51921e-05
3.51873e-05
3.51228e-05
3.50876e-05
3.50577e-05
3.49919e-05
3.49326e-05
3.49167e-05
3.48503e-05
3.48236e-05
3.49413e-05
3.49747e-05
3.49114e-05
3.48467e-05
3.47798e-05
3.47151e-05
3.46505e-05
3.47328e-05
3.46718e-05
3.47123e-05
3.46573e-05
3.47329e-05
3.46795e-05
3.46254e-05
3.46433e-05
3.45778e-05
3.45699e-05
3.45175e-05
3.44526e-05
3.44977e-05
3.44857e-05
3.44848e-05
3.44224e-05
3.43618e-05
3.43068e-05
3.42627e-05
3.43058e-05
3.42429e-05
3.42413e-05
3.41803e-05
3.41273e-05
3.41297e-05
3.40895e-05
3.40359e-05
3.39744e-05
3.39129e-05
3.38718e-05
3.38256e-05
3.38175e-05
3.38492e-05
3.38231e-05
3.37663e-05
3.37428e-05
3.36999e-05
3.36741e-05
3.36651e-05
3.36047e-05
3.35528e-05
3.3497e-05
3.35159e-05
3.34924e-05
3.34783e-05
3.34194e-05
3.33836e-05
3.33263e-05
3.32906e-05
3.32412e-05
3.34341e-05
3.3382e-05
3.33236e-05
3.32797e-05
3.32256e-05
3.31709e-05
3.31306e-05
3.30747e-05
3.30334e-05
3.29812e-05
3.29329e-05
3.29658e-05
3.29338e-05
3.28909e-05
3.28354e-05
3.27857e-05
3.27564e-05
3.27337e-05
3.26876e-05
3.26971e-05
3.2663e-05
3.26718e-05
3.26356e-05
3.25914e-05
3.25777e-05
3.25348e-05
3.24942e-05
3.24589e-05
3.24213e-05
3.2388e-05
3.2343e-05
3.22892e-05
3.22382e-05
3.21954e-05
3.21481e-05
3.20953e-05
3.20525e-05
3.20075e-05
3.19843e-05
3.19448e-05
3.1893e-05
3.18408e-05
3.17888e-05
3.17853e-05
3.17605e-05
3.1781e-05
3.17293e-05
3.16809e-05
3.16378e-05
3.15889e-05
3.15448e-05
3.1502e-05
3.14577e-05
3.14893e-05
3.14777e-05
3.14307e-05
3.13932e-05
3.14456e-05
3.14301e-05
3.14418e-05
3.13942e-05
3.14604e-05
3.14106e-05
3.14454e-05
3.13984e-05
3.13489e-05
3.12995e-05
3.12546e-05
3.1241e-05
3.11932e-05
3.11576e-05
3.11119e-05
3.10637e-05
3.10156e-05
3.10828e-05
3.10467e-05
3.09985e-05
3.09705e-05
3.09345e-05
3.09135e-05
3.08663e-05
3.08253e-05
3.07901e-05
3.08258e-05
3.0795e-05
3.08095e-05
3.07631e-05
3.07246e-05
3.07142e-05
3.06681e-05
3.06289e-05
3.05829e-05
3.05442e-05
3.05129e-05
3.05587e-05
3.05175e-05
3.04809e-05
3.04351e-05
3.04037e-05
3.03589e-05
3.03366e-05
3.03136e-05
3.0271e-05
3.02293e-05
3.01923e-05
3.01474e-05
3.01384e-05
3.01563e-05
3.01127e-05
3.00712e-05
3.00283e-05
3.00481e-05
3.00058e-05
2.99976e-05
2.99689e-05
2.99393e-05
2.99037e-05
2.9862e-05
2.9874e-05
2.98611e-05
2.98931e-05
2.98503e-05
2.98073e-05
2.97711e-05
2.97406e-05
2.9736e-05
2.97596e-05
2.97231e-05
2.96994e-05
2.97102e-05
2.96759e-05
2.96425e-05
2.96003e-05
2.95583e-05
2.95163e-05
2.94976e-05
2.94674e-05
2.94258e-05
2.93843e-05
2.93436e-05
2.93065e-05
2.9267e-05
2.92476e-05
2.92101e-05
2.9172e-05
2.91371e-05
2.91436e-05
2.91377e-05
2.91081e-05
2.90839e-05
2.91012e-05
2.90757e-05
2.90413e-05
2.90091e-05
2.89803e-05
2.89727e-05
2.89629e-05
2.89234e-05
2.89068e-05
2.88865e-05
2.88584e-05
2.88193e-05
2.88542e-05
2.88175e-05
2.88142e-05
2.88273e-05
2.88352e-05
2.88025e-05
2.88035e-05
2.87758e-05
2.87761e-05
2.87372e-05
2.86984e-05
2.86663e-05
2.86334e-05
2.85963e-05
2.85612e-05
2.85348e-05
2.85633e-05
2.85323e-05
2.84942e-05
2.85031e-05
2.84692e-05
2.84354e-05
2.84418e-05
2.84043e-05
2.8417e-05
2.8395e-05
2.83854e-05
2.83498e-05
2.83426e-05
2.83431e-05
2.8306e-05
2.82815e-05
2.82445e-05
2.82075e-05
2.81707e-05
2.81427e-05
2.81076e-05
2.80711e-05
2.80441e-05
2.80281e-05
2.80031e-05
2.79847e-05
2.7956e-05
2.79399e-05
2.79039e-05
2.78799e-05
2.78567e-05
2.78221e-05
2.77865e-05
2.77524e-05
2.77625e-05
2.7727e-05
2.77683e-05
2.77579e-05
2.77225e-05
2.77132e-05
2.76901e-05
2.76565e-05
2.7658e-05
2.76238e-05
2.75912e-05
2.76034e-05
2.76586e-05
2.76451e-05
2.7618e-05
2.7628e-05
2.76445e-05
2.76163e-05
2.75838e-05
2.75566e-05
2.7528e-05
2.75112e-05
2.74779e-05
2.7453e-05
2.74407e-05
2.74387e-05
2.74111e-05
2.74054e-05
2.73715e-05
2.73623e-05
2.73287e-05
2.73194e-05
2.72861e-05
2.72553e-05
2.72226e-05
2.72046e-05
2.71716e-05
2.71457e-05
2.71642e-05
2.71356e-05
2.7105e-05
2.7078e-05
2.71193e-05
2.70872e-05
2.70772e-05
2.70529e-05
2.70202e-05
2.69878e-05
2.70018e-05
2.6983e-05
2.69899e-05
2.69744e-05
2.69479e-05
2.69158e-05
2.69362e-05
2.69055e-05
2.68771e-05
2.6898e-05
2.69034e-05
2.68789e-05
2.68474e-05
2.6817e-05
2.67854e-05
2.6756e-05
2.67455e-05
2.67146e-05
2.66849e-05
2.66643e-05
2.66335e-05
2.67498e-05
2.67196e-05
2.67427e-05
2.67124e-05
2.6749e-05
2.67177e-05
2.67095e-05
2.66785e-05
2.66474e-05
2.66217e-05
2.66065e-05
2.65913e-05
2.66087e-05
2.65852e-05
2.65601e-05
2.65295e-05
2.65286e-05
2.6509e-05
2.65019e-05
2.64808e-05
2.64591e-05
2.65116e-05
2.65266e-05
2.65003e-05
2.64719e-05
2.64678e-05
2.64377e-05
2.64282e-05
2.64119e-05
2.64397e-05
2.64105e-05
2.64036e-05
2.6374e-05
2.63453e-05
2.63171e-05
2.62873e-05
2.62594e-05
2.62382e-05
2.62087e-05
2.61915e-05
2.61642e-05
2.61521e-05
2.61258e-05
2.61172e-05
2.61287e-05
2.60995e-05
2.60747e-05
2.60471e-05
2.60325e-05
2.60074e-05
2.59821e-05
2.59607e-05
2.59319e-05
2.59077e-05
2.5879e-05
2.58584e-05
2.58321e-05
2.5855e-05
2.58271e-05
2.58153e-05
2.57872e-05
2.57627e-05
2.57359e-05
2.57138e-05
2.57059e-05
2.56839e-05
2.56687e-05
2.56461e-05
2.5641e-05
2.56259e-05
2.55996e-05
2.5572e-05
2.55578e-05
2.55494e-05
2.55392e-05
2.55442e-05
2.55168e-05
2.56451e-05
2.56432e-05
2.56196e-05
2.56004e-05
2.55907e-05
2.557e-05
2.55906e-05
2.55733e-05
2.55499e-05
2.55405e-05
2.55206e-05
2.54999e-05
2.54778e-05
2.54625e-05
2.54388e-05
2.54122e-05
2.54631e-05
2.54392e-05
2.5475e-05
2.54486e-05
2.54226e-05
2.5396e-05
2.53753e-05
2.53491e-05
2.5338e-05
2.53184e-05
2.52949e-05
2.52717e-05
2.52499e-05
2.52587e-05
2.52329e-05
2.52073e-05
2.52026e-05
2.51819e-05
2.51633e-05
2.51425e-05
2.51343e-05
2.51099e-05
2.5104e-05
2.50836e-05
2.50584e-05
2.50443e-05
2.50283e-05
2.50037e-05
2.49834e-05
2.49731e-05
2.49656e-05
2.49545e-05
2.49462e-05
2.49514e-05
2.4926e-05
2.49008e-05
2.49141e-05
2.48887e-05
2.48643e-05
2.48416e-05
2.48256e-05
2.48007e-05
2.47785e-05
2.47534e-05
2.47472e-05
2.47222e-05
2.46973e-05
2.46753e-05
2.46507e-05
2.46287e-05
2.46511e-05
2.46263e-05
2.46432e-05
2.47237e-05
2.46996e-05
2.47152e-05
2.47129e-05
2.47138e-05
