0
0.000780182
0.000930974
0.00289373
0.0024623
0.00202184
0.00174697
0.00177087
0.001819
0.00167748
0.00152521
0.00149046
0.00149728
0.00140885
0.00131893
0.00123696
0.00119039
0.00112407
0.00108486
0.00106357
0.00112802
0.00109755
0.00139397
0.00137083
0.00137526
0.00134092
0.0013008
0.0012611
0.0012298
0.00128439
0.00136513
0.00132197
0.00130803
0.00128968
0.00126137
0.00130773
0.00127255
0.00124367
0.00121137
0.00119407
0.00116502
0.00114151
0.00115202
0.00112795
0.00110271
0.00108004
0.00108372
0.00106308
0.00104148
0.00102081
0.00100981
0.00099022
0.000972593
0.000954428
0.000953124
0.000942211
0.000940608
0.000933634
0.000945182
0.000941549
0.000928732
0.00091472
0.0009018
0.000897529
0.000885582
0.000875587
0.000875589
0.000865931
0.000853318
0.000841306
0.00082982
0.000827998
0.000821875
0.000816032
0.000805209
0.000795678
0.00079455
0.000784743
0.000779512
0.000773526
0.000763969
0.000754601
0.000748253
0.000739403
0.000744071
0.000735377
0.000748842
0.000740288
0.000733945
0.000729829
0.000740842
0.000733072
0.000725426
0.000721415
0.000714233
0.000707488
0.000701463
0.000698159
0.00071002
0.000704786
0.000698108
0.00069518
0.000690703
0.000685937
0.000679642
0.0006732
0.000666943
0.000660739
0.000657729
0.000653624
0.000650067
0.000645818
0.000641385
0.000635765
0.000637672
0.000632778
0.000627586
0.000628652
0.000631271
0.000626127
0.000621218
0.000618774
0.000614992
0.000612149
0.000607489
0.000606157
0.000602242
0.000599793
0.000595154
0.00059413
0.000591137
0.000589591
0.000586346
0.000582014
0.000577956
0.000586441
0.000596214
0.000592951
0.000589228
0.000589704
0.000590429
0.000587065
0.000583265
0.000580493
0.000576515
0.000579644
0.000575831
0.000573841
0.000571486
0.000567682
0.000564144
0.000560459
0.000558747
0.000557784
0.000554547
0.000559438
0.000558882
0.000555665
0.000553766
0.000551178
0.000548369
0.000545055
0.000542724
0.000544228
0.000542237
0.000539517
0.000536743
0.00053361
0.000534211
0.000531181
0.000531523
0.000530564
0.000529052
0.000526392
0.000523921
0.000521483
0.000518761
0.000518158
0.000516427
0.000513828
0.000511855
0.00051165
0.000509101
0.000506328
0.000504306
0.000502083
0.000500011
0.000497384
0.000509882
0.000515099
0.000513342
0.000510696
0.000512522
0.000510175
0.000509285
0.000508562
0.00050689
0.000504453
0.000502185
0.000499803
0.0004982
0.000496541
0.000494148
0.000495076
0.000498166
0.000495744
0.000494882
0.000493251
0.000493102
0.000492315
0.000490579
0.000501487
0.000500015
0.000497771
0.000495707
0.000494546
0.000492262
0.000490752
0.00049279
0.000490673
0.00048903
0.000486946
0.000485997
0.000484213
0.00048258
0.00048044
0.000478516
0.000478678
0.000476634
0.000474719
0.000472786
0.000470747
0.000470289
0.000469738
0.000470783
0.000474182
0.000474229
0.000472342
0.000470463
0.0004685
0.00046734
0.00046577
0.000463874
0.000462058
0.000461552
0.000459672
0.000457943
0.000456738
0.000455006
0.000457544
0.00045578
0.000454011
0.000453136
0.000451611
0.000452769
0.000451454
0.000451483
0.000454668
0.000453926
0.000452246
0.000450534
0.000449171
0.000447677
0.000446951
0.000445264
0.000443905
0.000444394
0.000443925
0.000442274
0.000440787
0.000439165
0.00043765
0.000436452
0.000435752
0.000434178
0.000432602
0.000432178
0.000430625
0.000430362
0.000428823
0.000428869
0.000427372
0.000428479
0.000428244
0.000427899
0.000426545
0.000425056
0.000423578
0.000423247
0.000421945
0.000420496
0.000419819
0.00041882
0.000417416
0.000416072
0.000416396
0.000416538
0.000416979
0.000416644
0.000415578
0.000414432
0.000413434
0.00041214
0.000413394
0.000413378
0.000412399
0.000411737
0.000411781
0.000410837
0.000409614
0.000408383
0.000407089
0.000405787
0.00040464
0.000405359
0.000404991
0.000406656
0.000405387
0.00040459
0.000403615
0.000402527
0.000401474
0.000400475
0.000399237
0.000398037
0.000397564
0.00039654
0.000395711
0.000394978
0.000394312
0.000393123
0.000392031
0.000390881
0.000389964
0.000388799
0.00038904
0.000390001
0.000389349
0.000388205
0.000387117
0.000386099
0.000385198
0.000384077
0.000382963
0.000381946
0.000381834
0.000380733
0.000380268
0.000379328
0.000378244
0.000377373
0.00037643
0.000375571
0.000374603
0.000373705
0.000372704
0.000371694
0.000370684
0.000370005
0.000370044
0.000369946
0.000370515
0.000370128
0.000371258
0.000373736
0.00037346
0.000373298
0.000372337
0.000371436
0.000370449
0.00036949
0.000368632
0.000367781
0.000366877
0.000366666
0.00036571
0.000364787
0.000363823
0.000363224
0.000363895
0.000362969
0.000362075
0.000361128
0.00036023
0.000359762
0.000358909
0.000357986
0.000357171
0.000356258
0.000355465
0.000354589
0.000354775
0.000353965
0.000353566
0.000352865
0.000352062
0.000351257
0.000351023
0.000350149
0.000350051
0.000349269
0.000348482
0.000348202
0.000347397
0.000346842
0.000345988
0.000345294
0.000344665
0.000343823
0.000344141
0.000344443
0.000343682
0.000343499
0.000345093
0.000344335
0.000343844
0.000343022
0.000342474
0.000341668
0.00034094
0.000340143
0.000339573
0.00034132
0.000340971
0.000341067
0.000340357
0.000340189
0.000339415
0.000338623
0.00033818
0.000337664
0.000337499
0.000338365
0.000337853
0.000337623
0.000336848
0.000336607
0.00033801
0.000337273
0.000336588
0.000340743
0.000341729
0.000342055
0.000342132
0.000341368
0.000340649
0.00033992
0.000342861
0.000345349
0.000344769
0.000345387
0.000344751
0.000343997
0.000344494
0.000343814
0.000344633
0.000345356
0.000344726
0.000344234
0.000343722
0.000342995
0.00034272
0.000342051
0.000341709
0.000341012
0.00034028
0.000339643
0.000339141
0.000339266
0.00033887
0.000338313
0.000338185
0.000337751
0.00033712
0.000337676
0.00033773
0.000337233
0.000337102
0.00033661
0.000336061
0.000335747
0.000335198
0.00033458
0.000333935
0.000333401
0.000333128
0.000333059
0.000332386
0.000332566
0.000331901
0.000331564
0.000332054
0.000331436
0.000331103
0.000330534
0.000329867
0.000329263
0.000328678
0.000328277
0.000327621
0.000327
0.000326485
0.000326514
0.000326313
0.000325759
0.000325359
0.000324831
0.000324278
0.000323945
0.000324257
0.000324303
0.000323905
0.0003235
0.00032287
0.000322473
0.000321867
0.00032127
0.00032089
0.000320276
0.000320289
0.000319813
0.000319247
0.000318844
0.00031886
0.000320762
0.000320839
0.000320402
0.000319818
0.000319494
0.000318937
0.000320186
0.000321326
0.000320741
0.000320404
0.000320135
0.00031954
0.00031921
0.000319953
0.000319396
0.000318851
0.000318625
0.000318628
0.000318237
0.000317965
0.000317742
0.000317582
0.000317274
0.000317513
0.00031698
0.00031724
0.000316743
0.000316231
0.0003157
0.000315679
0.000315118
0.000314693
0.000314287
0.000313724
0.000313551
0.000313044
0.000313204
0.000312797
0.000312291
0.000311797
0.000311346
0.00031083
0.000310291
0.000309768
0.000310634
0.000310215
0.000309708
0.0003092
0.000308701
0.000308473
0.000307941
0.000307519
0.000307072
0.000306659
0.000306357
0.000305861
0.000305334
0.000307575
0.00030772
0.000307212
0.000306692
0.000306177
0.000305659
0.000305392
0.000305095
0.00030467
0.000304406
0.000303896
0.000303462
0.000302957
0.000302754
0.000302765
0.000302314
0.000301865
0.000301602
0.000301329
0.000301956
0.000301457
0.000301091
0.000300707
0.000300282
0.000300102
0.000299733
0.000299388
0.000298958
0.000298571
0.000298083
0.00029767
0.000297189
0.000296773
0.000296869
0.000296699
0.000296264
0.000295787
0.000295631
0.000295201
0.000294726
0.000294527
0.0002941
0.000293749
0.000293299
0.000292857
0.000292521
0.00029222
0.000294205
0.000294849
0.000294459
0.000294371
0.000293912
0.000293489
0.000293105
0.000292739
0.000292523
0.000292188
0.000292202
0.000292089
0.000291686
0.000291343
0.000290901
0.000290472
0.000290045
0.000290015
0.00029139
0.000291298
0.000290889
0.000290593
0.00029058
0.000290239
0.000289802
0.00029045
0.000290093
0.000289651
0.000289241
0.000288801
0.000288958
0.000289365
0.000288951
0.000289245
0.000289182
0.000288766
0.00028945
0.000289033
0.000288985
0.000288714
0.000288346
0.000287971
0.000287576
0.000287149
0.000286799
0.000286616
0.000286341
0.000285946
0.000286238
0.000286557
0.000286262
0.00028616
0.000286079
0.000286519
0.00028617
0.000286208
0.000285941
0.000285642
0.000285543
0.000285676
0.000286191
0.000286154
0.000285783
0.000286364
0.00028649
0.000286235
0.000285925
0.000285515
0.00028512
0.000284918
0.000284893
0.000284651
0.000284585
0.000284334
0.000284005
0.000283696
0.000283298
0.000282897
0.000282818
0.000282581
0.0002823
0.000281931
0.000281563
0.000281234
0.000281341
0.000281138
0.000280745
0.000280492
0.000280868
0.00028189
0.000281856
0.000281465
0.000281156
0.000280781
0.000280505
0.000280158
0.000280008
0.000279728
0.000279756
0.000279492
0.000279243
0.000279194
0.000278814
0.000278524
0.000278172
0.000278206
0.000277828
0.000277556
0.000277182
0.000277566
0.000278476
0.000278544
0.00027823
0.000278314
0.000277981
0.000277949
0.000277657
0.000277289
0.000276931
0.00027669
0.000276436
0.000276484
0.00027612
0.000276197
0.000275841
0.000275502
0.000275139
0.000274794
0.000274553
0.000274457
0.000274655
0.000274296
0.000273936
0.000273577
0.000273536
0.000273728
0.000273632
0.000273281
0.00027295
0.000272604
0.000272263
0.000271971
0.000271883
0.000271692
0.000271564
0.000271226
0.000270901
0.000270556
0.000270443
0.000270354
0.000270007
0.000269663
0.000269548
0.000269215
0.000269165
0.00026899
0.000268783
0.000268464
0.000268123
0.00026784
0.000267534
0.000267208
0.000267039
0.000266705
0.000266371
0.000266035
0.000265984
0.000265703
0.000265412
0.00026524
0.000264941
0.000264631
0.000264317
0.0002646
0.000264368
0.000264157
0.000264151
0.000263916
0.000263727
0.000263688
0.000263674
0.000264133
0.000263818
0.000263775
0.000263477
0.000263169
0.000262846
0.000262789
0.000262575
0.000263207
0.000263366
0.00026315
0.000262855
0.000263002
0.000262891
0.000262769
0.000262638
0.000262487
0.00026231
0.000262076
0.00026176
0.000261691
0.000261452
0.000261141
0.00026099
0.000261209
0.000261521
0.000261283
0.000260971
0.000260778
0.000260479
0.000260265
0.000259956
0.000259704
0.00025956
0.000259265
0.000259011
0.000258709
0.000258439
0.000258339
0.000258131
0.000258246
0.000257945
0.000257895
0.000257619
0.000257941
0.000257705
0.000257409
0.000257116
0.00025688
0.000256581
0.000256283
0.000256034
0.000255766
0.000255472
0.000255468
0.000255183
0.0002549
0.000254698
0.00025441
0.000254132
0.000253936
0.000253695
0.000253404
0.000253143
0.000252911
0.000252679
0.000253093
0.000252807
0.000252537
0.000252413
0.000252372
0.000252112
0.000251838
0.000251818
0.000251536
0.000251252
0.000250969
0.000250772
0.00025054
0.00025028
0.000249999
0.000249737
0.000249482
0.00024928
0.000249032
0.000248824
0.000248988
0.00024871
0.000248669
0.000248393
0.000248126
0.000247922
0.000247649
0.000247378
0.000247128
0.000246959
0.000246781
0.000246524
0.000246314
0.000246048
0.000245795
0.000245525
0.00024528
0.000245043
0.000244836
0.00024458
0.000244426
0.000244323
0.000244268
0.000244034
0.000243775
0.000243576
0.000243462
0.000243198
0.000243105
0.000242916
0.000242809
0.000242679
0.000242422
0.000242422
0.000242186
0.000242062
0.000241973
0.000241889
0.000241974
0.000242475
0.000242244
0.000241996
0.000241838
0.000241603
0.000241346
0.000241159
0.000240952
0.00024236
0.00024302
0.000243059
0.000243314
0.000243112
0.00024286
0.000242654
0.000242492
0.000242665
0.000242412
0.000242579
0.00024272
0.000242466
0.000242465
0.000242445
0.000242636
0.000242391
0.000242173
0.000241926
0.000241675
0.000241424
0.000241196
0.00024103
0.000240833
0.000240675
0.000240483
0.000240235
0.000240015
0.000239825
0.000239617
0.000239433
0.000239239
0.000238996
0.000238796
0.000238552
0.000238406
0.000238178
0.000237951
0.000237711
0.000237492
0.000237371
0.000237183
0.000237058
0.000236852
0.000236633
0.000236445
0.000236546
0.000236371
0.000236784
0.000236586
0.000236364
0.000236134
0.000235939
0.000235718
0.000235526
0.000235395
0.000235217
0.000235878
