           1     1.28185     1.28185           0
           2     1.36787     1.32486   0.0430068
           3     1.46493     1.37155   0.0528819
           4     1.37701     1.37291    0.037418
           5     1.39766     1.37786   0.0294034
           6     1.35219     1.37358   0.0243861
           7     1.42298     1.38064   0.0217847
           8     1.41527     1.38497   0.0193564
           9     1.39668     1.38627   0.0171203
          10      1.3777     1.38542   0.0153368
          11     1.39404      1.3862   0.0138948
          12      1.4011     1.38744   0.0127448
          13     1.36121     1.38542   0.0118959
          14     1.43257     1.38879   0.0115168
          15     1.35124     1.38629     0.01101
          16     1.45789     1.39076   0.0112291
          17     1.42811     1.39296   0.0107742
          18     1.34974     1.39056    0.010438
          19     1.43075     1.39267   0.0100975
          20       1.439     1.39499  0.00985539
          21     1.42908     1.39661   0.0095139
          22      1.3737     1.39557  0.00913074
          23     1.36852      1.3944  0.00880364
          24     1.31058      1.3909  0.00912371
          25     1.41961     1.39205  0.00882617
          26     1.37512      1.3914  0.00850489
          27     1.27802      1.3872  0.00919824
          28     1.43926     1.38906  0.00905655
          29     1.37539     1.38859  0.00875139
          30     1.39807      1.3889  0.00846054
          31     1.49635     1.39237   0.0088868
          32     1.44294     1.39395  0.00874849
          33     1.38686     1.39374  0.00848197
          34     1.40094     1.39395  0.00823145
          35     1.43161     1.39502   0.0080649
          36      1.3686     1.39429  0.00787197
          37     1.38763     1.39411  0.00765838
          38     1.33609     1.39258   0.0076089
          39     1.33923     1.39122  0.00753644
          40     1.43719     1.39236  0.00743499
          41     1.45106      1.3938  0.00739134
          42     1.49496      1.3962  0.00760472
          43     1.46152     1.39772  0.00757952
          44     1.47565     1.39949  0.00761409
          45     1.42936     1.40016  0.00747248
          46     1.35625      1.3992  0.00737031
          47     1.41265     1.39949  0.00721746
          48     1.34593     1.39837  0.00715306
          49     1.35338     1.39746  0.00706547
          50     1.34264     1.39636  0.00700898
          51     1.39956     1.39642  0.00687046
          52     1.41218     1.39673  0.00674385
          53     1.46094     1.39794   0.0067254
          54     1.44544     1.39882  0.00665807
          55     1.37469     1.39838   0.0065506
          56     1.40194     1.39844  0.00643287
          57     1.40889     1.39862  0.00632167
          58     1.41734     1.39895  0.00622009
          59     1.29084     1.39712  0.00638242
          60     1.42544     1.39759  0.00629288
          61     1.37848     1.39727  0.00619678
          62      1.4162     1.39758  0.00610365
          63      1.4037     1.39768  0.00600677
          64     1.51121     1.39945  0.00617259
          65     1.38804     1.39927  0.00607942
          66     1.45686     1.40015  0.00604984
          67     1.36739     1.39966  0.00597888
          68     1.38918      1.3995  0.00589232
          69     1.34195     1.39867  0.00586591
          70     1.43062     1.39913  0.00579949
          71     1.35961     1.39857  0.00574425
          72     1.39489     1.39852  0.00566414
          73     1.51662     1.40014  0.00581556
          74      1.3499     1.39946  0.00577647
          75     1.47243     1.40043   0.0057814
          76     1.41456     1.40062  0.00570784
          77     1.53093     1.40231  0.00588194
          78     1.47958      1.4033  0.00588994
          79     1.35784     1.40272  0.00584331
          80     1.55304      1.4046  0.00606804
          81     1.45882     1.40527  0.00602993
          82     1.36612      1.4048  0.00597505
          83      1.4721     1.40561  0.00595805
          84     1.34752     1.40491  0.00592717
          85     1.40964     1.40497  0.00585728
          86     1.42613     1.40522    0.005794
          87     1.43543     1.40556  0.00573754
          88     1.33925     1.40481   0.0057218
          89     1.43982      1.4052   0.0056708
          90     1.37818      1.4049  0.00561547
          91     1.32624     1.40404   0.0056203
          92     1.43374     1.40436  0.00556824
          93     1.47109     1.40508  0.00555458
          94     1.32027     1.40418  0.00556874
          95     1.44167     1.40457  0.00552393
          96     1.40638     1.40459  0.00546612
          97     1.40106     1.40455  0.00540959
          98     1.30716     1.40356  0.00544557
          99     1.32664     1.40278  0.00544599
         100     1.45664     1.40332  0.00541809
