           1    -5.48966    -5.48966           0
           2    -5.46648    -5.47807   0.0115919
           3    -5.45371    -5.46995   0.0105234
           4     -5.4684    -5.46956  0.00745125
           5    -5.46609    -5.46887  0.00581318
           6    -5.47274    -5.46951  0.00479008
           7    -5.46062    -5.46824  0.00424282
           8    -5.46027    -5.46725  0.00380712
           9    -5.47012    -5.46757  0.00337277
          10    -5.47567    -5.46838  0.00312369
          11    -5.46196    -5.46779   0.0028851
          12    -5.46283    -5.46738  0.00266603
          13    -5.47164    -5.46771   0.0024742
          14    -5.46013    -5.46717  0.00235368
          15     -5.4709    -5.46741  0.00220524
          16     -5.4473    -5.46616  0.00241561
          17    -5.45761    -5.46565  0.00232407
          18    -5.47273    -5.46605  0.00222616
          19    -5.45858    -5.46566   0.0021421
          20    -5.45491    -5.46512  0.00210196
          21    -5.45666    -5.46472  0.00203949
          22     -5.4695    -5.46493   0.0019567
          23    -5.46921    -5.46512  0.00187893
          24    -5.48272    -5.46585  0.00194263
          25     -5.4596     -5.4656  0.00188003
          26    -5.46776    -5.46569  0.00180818
          27    -5.48234     -5.4663  0.00184609
          28    -5.45351    -5.46585  0.00183662
          29    -5.47372    -5.46612  0.00179285
          30    -5.46756    -5.46617  0.00173272
          31    -5.45024    -5.46565  0.00175291
          32    -5.45202    -5.46523  0.00174991
          33    -5.46603    -5.46525  0.00169623
          34    -5.45951    -5.46508  0.00165422
          35    -5.45746    -5.46486  0.00162094
          36    -5.47102    -5.46503  0.00158451
          37    -5.47191    -5.46522  0.00155227
          38    -5.47531    -5.46549  0.00153402
          39    -5.46635    -5.46551  0.00149434
          40    -5.45254    -5.46518  0.00149217
          41    -5.45749      -5.465  0.00146736
          42    -5.44525    -5.46453  0.00150723
          43    -5.45831    -5.46438  0.00147884
          44    -5.45003    -5.46405   0.0014812
          45     -5.4568    -5.46389  0.00145687
          46    -5.47239    -5.46408  0.00143676
          47     -5.4568    -5.46392  0.00141436
          48    -5.47052    -5.46406  0.00139138
          49    -5.47577     -5.4643  0.00138349
          50    -5.47232    -5.46446    0.001365
          51    -5.46204    -5.46441  0.00133881
          52    -5.46805    -5.46448  0.00131467
          53    -5.45383    -5.46428   0.0013052
          54    -5.45293    -5.46407  0.00129793
          55    -5.46348    -5.46406  0.00127415
          56    -5.46225    -5.46403  0.00125161
          57    -5.45906    -5.46394  0.00123254
          58    -5.46111    -5.46389  0.00121209
          59    -5.48348    -5.46422  0.00123674
          60     -5.4671    -5.46427  0.00121689
          61    -5.46721    -5.46432  0.00119775
          62    -5.45582    -5.46418  0.00118622
          63    -5.46049    -5.46413  0.00116871
          64    -5.44685    -5.46386  0.00118156
          65    -5.47557    -5.46404  0.00117712
          66    -5.45392    -5.46388  0.00116923
          67    -5.46952    -5.46397  0.00115472
          68    -5.46791    -5.46402  0.00113909
          69    -5.47547    -5.46419  0.00113466
          70    -5.45677    -5.46408  0.00112335
          71    -5.47322    -5.46421  0.00111486
          72      -5.461    -5.46417  0.00110017
          73    -5.44344    -5.46388  0.00112155
          74    -5.47274      -5.464  0.00111274
          75    -5.44587    -5.46376  0.00112411
          76    -5.45942     -5.4637  0.00111069
          77    -5.44469    -5.46346  0.00112364
          78    -5.45066    -5.46329  0.00112122
          79    -5.46913    -5.46337   0.0011094
          80    -5.43809    -5.46305  0.00114011
          81    -5.45227    -5.46292  0.00113378
          82    -5.47185    -5.46303  0.00112516
          83    -5.44979    -5.46287  0.00112291
          84    -5.47221    -5.46298  0.00111502
          85     -5.4581    -5.46292  0.00110332
          86    -5.45916    -5.46288  0.00109129
          87    -5.45777    -5.46282  0.00108027
          88    -5.47057    -5.46291  0.00107155
          89    -5.46387    -5.46292   0.0010595
          90    -5.47284    -5.46303  0.00105344
          91     -5.4734    -5.46314  0.00104802
          92    -5.46063    -5.46312  0.00103693
          93    -5.45104    -5.46299  0.00103389
          94    -5.47862    -5.46315  0.00103628
          95    -5.45473    -5.46306  0.00102914
          96     -5.4657    -5.46309  0.00101873
          97    -5.46578    -5.46312  0.00100856
          98    -5.48704    -5.46336  0.00102761
          99    -5.47769    -5.46351  0.00102742
         100    -5.45181    -5.46339   0.0010238
