0.0128248           0           0
0.0384745           0           0
0.0641241           0           0
0.0897737           0           0
0.115423           0           0
0.141073           0           0
0.166723           0           0
0.192372           0           0
0.218022           0           0
0.243672           0           0
0.269321           0           0
0.294971           0           0
0.32062           0           0
0.34627           0           0
0.37192           0           0
0.397569           0           0
0.423219           0           0
0.448869           0           0
0.474518           0           0
0.500168           0           0
0.525818           0           0
0.551467           0           0
0.577117           0           0
0.602767           0           0
0.628416           0           0
0.654066           0           0
0.679715           0           0
0.705365           0           0
0.731015           0           0
0.756664           0           0
0.782314           0           0
0.807964           0           0
0.833613           0           0
0.859263 1.43947e-05 3.65355e-06
0.884913  0.00130075 3.79117e-05
0.910562    0.024121 0.000181449
0.936212    0.165916 0.000477341
0.961861    0.564769 0.000999108
0.987511     1.20258   0.0013213
1.01316     1.86456  0.00176446
1.03881     2.33958  0.00195769
1.06446     2.55181  0.00156028
1.09011     2.54972  0.00133929
1.11576     2.40809  0.00137391
1.14141     2.19996  0.00130087
1.16706     1.97347  0.00127516
1.19271     1.75274   0.0012681
1.21836     1.55957  0.00129369
1.24401     1.38895  0.00115266
1.26966     1.24389   0.0011622
1.29531     1.12285 0.000940991
1.32096     1.02314 0.000952569
1.34661    0.941342 0.000862727
1.37226    0.872799 0.000750833
1.39791    0.817691  0.00064294
1.42355    0.772374  0.00068984
1.4492     0.73757 0.000601781
1.47485    0.709897  0.00076847
1.5005    0.690611 0.000666464
1.52615    0.678125 0.000658491
1.5518     0.67103 0.000748423
1.57745    0.669896 0.000686062
1.6031    0.674698  0.00066454
1.62875    0.685372 0.000696881
1.6544    0.701265 0.000696747
1.68005    0.723015 0.000643755
1.7057    0.749626   0.0006368
1.73135    0.780235 0.000681525
1.757    0.816139 0.000603753
1.78265      0.8542 0.000635135
1.8083    0.894558 0.000659479
1.83395    0.935947 0.000692184
1.8596    0.978129 0.000731559
1.88525     1.01868  0.00068691
1.9109     1.05862 0.000689552
1.93655     1.09611 0.000578932
1.9622     1.13096 0.000663181
1.98785     1.16169 0.000664814
2.0135     1.18653 0.000696504
2.03915     1.20399  0.00061055
2.0648     1.21449 0.000606588
2.09045      1.2161 0.000636879
2.1161     1.20922 0.000566114
2.14174     1.19492 0.000620552
2.16739     1.17543 0.000602836
2.19304     1.15148 0.000617879
2.21869     1.12377 0.000676071
2.24434     1.09537 0.000565795
2.26999     1.06636 0.000642966
2.29564     1.03833 0.000626087
2.32129     1.01178 0.000542874
2.34694     0.98784  0.00053815
2.37259    0.965832 0.000476464
2.39824    0.947124 0.000523623
2.42389    0.931252 0.000480807
2.44954    0.917976 0.000482687
2.47519    0.907691 0.000551535
2.50084    0.894485 0.000561644
2.52649    0.884839 0.000506095
2.55214    0.884718 0.000553376
