1.65289
1.56875
1.54621
1.50524
1.49617
1.47961
1.46649
1.48411
1.49549
1.49362
1.49076
1.49658
1.50019
1.50042
1.50557
1.50329
1.50938
1.50635
1.50173
1.50486
1.50703
1.50099
1.50392
1.5101
1.51102
1.50984
1.51187
1.51155
1.50697
1.50775
1.50894
1.50497
1.50212
1.49895
1.49803
1.49871
1.50081
1.49708
1.49473
1.49284
1.4941
1.49354
1.49417
1.49459
1.4957
1.49979
1.50038
1.50224
1.50102
1.49875
1.4971
1.49691
1.5001
1.50134
1.49938
1.49761
1.49912
1.50026
1.4999
1.49814
1.4989
1.49822
1.49992
1.49724
1.49673
1.49688
1.49738
1.49546
1.49482
1.4933
1.4935
1.49418
1.4928
1.49168
1.49267
1.49393
1.49493
1.49184
1.49366
1.49386
1.49359
1.49365
1.49444
1.49447
1.49286
1.49285
1.4921
1.49082
1.49037
1.49052
1.49053
1.49023
1.49182
1.49355
1.49339
1.49514
1.49461
1.49516
1.495
1.4943
1.49327
1.49274
1.49437
1.49465
1.49452
1.49424
1.49458
1.49373
1.49378
1.49299
1.49096
1.49056
1.48984
1.48942
1.48987
1.4905
1.49045
1.49044
1.4913
1.49048
1.49194
1.49179
1.49185
1.49143
1.49228
1.4915
1.49135
1.49114
1.49048
1.49234
1.49348
1.49335
1.49388
1.49417
1.49426
1.49457
1.49385
1.49493
1.49465
1.49438
1.49412
1.49325
1.49398
1.49461
1.49406
1.49455
1.49563
1.49577
1.49614
1.49558
1.4952
1.49515
1.495
1.49442
1.49472
1.4936
1.49426
1.49496
1.49519
1.495
1.49507
1.49535
1.49576
1.49622
1.49636
1.49654
1.49618
1.49607
1.49569
1.49449
1.49348
1.49307
1.4923
1.49362
1.4947
1.49535
1.49484
1.49552
1.49517
1.49557
1.49567
1.49657
1.49637
1.49605
1.49556
1.49591
1.49572
1.49526
1.49555
1.49533
1.4956
1.49508
1.49479
1.49568
1.4956
1.49569
1.49653
1.49625
1.49603
1.49676
1.49663
1.49702
1.49746
1.49744
1.49777
1.49721
1.49702
1.49735
1.49716
1.49748
1.49795
1.49812
1.49758
1.49775
1.4974
1.49821
1.49777
1.49706
1.49718
1.4974
1.4972
1.49709
1.49727
1.49771
1.49887
1.49937
1.49888
1.49899
1.4993
1.49896
1.49916
1.49912
1.49921
1.49869
1.49794
1.49779
1.49763
1.4972
1.49673
1.49727
1.49707
1.49732
1.49735
1.49771
1.49805
1.49784
1.49814
1.4975
1.49801
1.49772
1.49749
1.49755
1.49755
1.49773
1.49767
1.49729
1.49704
1.49715
1.49751
1.49712
1.49696
1.49652
1.49637
1.49648
1.49619
1.49654
1.49709
1.49832
1.49832
1.49776
1.49783
1.49755
1.49735
1.49773
1.49752
1.49817
1.49788
1.49771
1.49774
1.49746
1.49795
1.49833
1.49858
1.49837
1.49845
1.49779
1.49793
1.49787
1.49805
1.49774
1.49745
1.49737
1.49726
1.49697
1.49707
1.49713
1.49703
1.49721
1.49677
1.49686
1.49709
1.49694
1.4971
1.4969
1.4971
1.49783
1.49797
1.49812
1.49837
1.49861
1.49828
1.4979
1.49804
1.4979
1.49766
1.49834
1.49882
1.49918
1.49905
1.49931
1.49898
1.49915
1.49908
1.49953
1.49947
1.49922
1.4992
1.49949
1.49941
1.49952
1.49964
1.50009
1.50044
1.50026
1.50005
1.50039
1.50037
1.50031
1.50002
1.49971
1.49982
1.49997
1.50007
1.49977
1.49986
1.49983
1.49996
1.50006
1.50035
1.50029
1.5002
1.50023
1.50012
1.50046
1.50086
1.50091
1.50086
1.50148
1.50142
1.50106
1.50153
1.50174
1.50181
1.50197
1.50174
1.50166
1.50163
1.50172
1.5016
1.50154
1.50106
1.50101
1.50071
1.5007
1.50099
1.50136
1.50127
1.50106
1.50075
1.50096
1.50089
1.50095
1.50035
1.50013
1.49977
1.50067
1.50111
1.50159
1.50136
1.50132
1.50171
1.50172
1.50179
1.50176
1.50181
1.50158
1.50122
1.50169
1.5019
1.5018
1.50168
1.50183
1.50186
1.50186
1.50181
1.50176
1.50171
1.50182
1.50175
1.50186
1.50183
1.50163
1.50173
1.50174
1.50218
1.50218
1.50189
1.50159
1.50168
1.50122
1.50124
1.50132
1.50137
1.5013
1.50115
1.50109
1.50096
1.50114
1.50108
1.50125
1.50121
1.50169
1.50165
1.5018
1.50198
1.50202
1.50217
1.50239
1.50248
1.50241
1.50273
1.50281
1.50305
1.50294
1.50272
1.50285
1.503
1.50299
1.50316
1.50316
1.50317
1.50308
1.50258
1.50222
1.50221
1.50241
1.50241
1.50234
1.50244
1.50236
1.50228
1.50206
1.50207
1.50237
1.50238
1.50225
1.50224
1.50235
1.50222
1.50208
1.50176
1.50163
1.50181
1.5016
1.50139
1.50117
1.50117
1.50115
1.50101
1.50091
1.50082
1.50075
1.50069
1.50121
1.50109
1.50088
1.50131
1.50162
1.50136
1.50147
1.50137
1.50167
1.50132
1.50099
1.50094
1.50112
1.5013
1.5015
1.50159
1.50159
