5.08975
4.95049
4.93334
4.94507
4.98102
4.92687
4.92256
4.90952
4.90271
4.89142
4.93547
4.94532
4.98089
4.97127
4.99382
5.00265
5.00269
5.00301
4.99302
4.99431
5.00382
5.01025
5.01609
4.9936
4.9892
4.99376
4.98904
4.99734
4.99369
4.99657
4.99877
5.00041
4.99834
5.00757
5.00393
4.9987
4.99867
5.01337
5.01835
5.01572
5.01066
5.013
5.01137
5.01639
5.01132
5.01256
5.02068
5.02095
5.02106
5.0196
5.01998
5.01986
5.01688
5.01787
5.02
5.01875
5.02154
5.02068
5.01245
5.00919
5.00702
5.00313
5.00881
5.00884
5.01302
5.01274
5.01731
5.01085
5.00663
5.00171
5.00154
5.00007
4.99503
4.99357
4.98735
4.98403
4.98313
4.9802
4.98047
4.97632
4.97647
4.97302
4.97152
4.97793
4.97844
4.98199
4.98316
4.98479
4.98499
4.98802
4.98656
4.99008
4.99139
4.9884
4.98458
4.98803
4.98784
4.98708
4.98847
4.98698
4.99062
4.99205
4.992
4.99053
4.98476
4.98558
4.98349
4.9802
4.98223
4.98402
4.98361
4.98438
4.98241
4.98161
4.98246
4.97952
4.98043
4.97846
4.98049
4.97962
4.9815
4.98216
4.98443
4.98405
4.98536
4.9895
4.99095
4.99103
4.9901
4.98952
4.98802
4.98835
4.99129
4.98934
4.99001
4.99134
4.98889
4.99062
4.98864
4.9903
4.99016
4.99344
4.99632
4.99781
4.99638
4.99458
4.99312
4.99388
4.99455
4.99521
4.99416
4.99445
4.993
4.99271
4.99273
4.99386
4.99531
4.99453
4.99225
4.99243
4.99197
4.9923
4.99113
4.99182
4.99175
4.99149
4.99008
4.99124
4.9915
4.99514
4.99584
4.99565
4.99623
4.9948
4.99515
4.99279
4.99381
4.99327
4.99439
4.99399
4.99487
4.99589
4.99512
4.99515
4.99619
4.99759
4.99736
4.99915
5.00061
5.00136
5.00273
5.00436
5.00552
5.00343
5.00528
5.00461
5.00662
5.00709
5.00683
5.00649
5.00659
5.00674
5.00478
5.00508
5.00523
5.00539
5.00548
5.00594
5.00579
5.00786
5.01068
5.00911
5.00791
5.00818
5.00757
5.00823
5.0075
5.00705
5.00748
5.0075
5.00765
5.00809
5.00777
5.00824
5.01074
5.00848
5.00706
5.00836
5.0085
5.00747
5.00879
5.00931
5.00905
5.00792
5.00862
5.0076
5.00717
5.006
5.00645
5.00651
5.00662
5.0061
5.00719
5.00594
5.00603
5.0059
5.00551
5.00534
5.00315
5.00343
5.0034
5.00502
5.00489
5.00566
5.00488
5.00607
5.00519
5.00465
5.00454
5.00385
5.00478
5.00477
5.00444
5.00441
5.00359
5.00482
5.00375
5.00342
5.00272
5.0029
5.00237
5.00157
5.00007
5.00017
5.00001
5.00031
4.99916
4.99912
4.99882
4.99899
4.99778
4.99706
4.9972
4.99846
4.99916
4.99842
4.99739
4.99719
4.99674
4.9967
4.99604
4.99628
4.9961
4.99644
4.99673
4.99587
4.99522
4.99426
4.994
4.99635
4.99517
4.99389
4.99225
4.99212
4.99207
4.99199
4.99191
4.99276
4.99347
4.99414
4.99431
4.99436
4.99448
4.99485
4.99445
4.99486
4.9952
4.99604
4.99545
4.99533
4.9953
4.99544
4.99539
4.99551
4.99528
4.99477
4.99407
4.99396
4.99442
4.99399
4.99373
4.99347
4.99382
4.9938
4.99408
4.9935
4.99389
4.99336
4.99421
4.99385
4.99363
4.99254
4.99257
4.99182
4.99232
4.99224
4.99282
4.99332
4.99244
4.99188
4.99284
4.9918
4.99216
4.99097
4.99215
4.9918
4.99165
4.99213
4.99199
4.99231
4.99187
4.99153
4.99218
4.99226
4.99289
4.99216
4.99276
4.99213
4.99235
4.99328
4.99271
4.99273
4.99305
4.99263
4.99254
4.99253
4.99221
4.99279
4.99174
4.99137
4.99052
4.99017
4.9896
4.98937
4.98894
4.9891
4.99011
4.98983
4.9905
4.99063
4.99056
4.99016
4.99118
4.99171
4.99133
4.99174
4.99157
4.9922
4.99214
4.99234
4.99348
4.99276
4.99255
4.99357
4.99309
4.9925
4.99301
4.99314
4.99278
4.99277
4.99266
4.99295
4.99158
4.99137
4.99156
4.99157
4.99118
4.99092
4.99167
4.99113
4.9919
4.99198
4.993
4.99241
4.99168
4.99127
4.99121
4.99008
4.98921
4.98875
4.98897
4.98856
4.98819
4.98859
4.989
4.98865
4.98813
4.98801
4.98778
4.9878
4.98748
4.98823
4.98881
4.98833
4.98833
4.98911
4.98946
4.98953
4.99066
4.99037
4.99075
4.99114
4.99027
4.99008
4.99035
4.9906
4.99074
4.9899
4.98995
4.9902
4.99102
4.99098
4.99125
4.99047
4.99022
4.98989
4.98978
4.98907
4.98946
4.9898
4.98974
4.98996
4.98947
4.98998
4.99021
4.99012
4.9904
4.98965
4.98879
4.98948
4.98883
4.98923
4.98938
4.98935
4.9892
4.9898
4.99058
4.99088
4.99121
4.99188
4.99231
4.99237
4.99334
4.99352
4.99325
4.99274
4.99281
4.99275
4.99289
4.99252
