0
0.139266
0.082214
0.0593061
0.0583347
0.0721166
0.0611018
0.0544978
0.0485427
0.0448617
0.059892
0.0555525
0.0622626
0.0584412
0.058895
0.0557936
0.052409
0.0494127
0.0477969
0.0453624
0.0441846
0.0426163
0.0411374
0.0453556
0.0437253
0.0422574
0.0409352
0.0403092
0.0390651
0.03785
0.0366747
0.035548
0.0345158
0.0347333
0.0339221
0.0333792
0.0324645
0.0348524
0.0343098
0.0335438
0.0331052
0.0323919
0.0316713
0.0313477
0.0310603
0.030403
0.0308382
0.03019
0.0295677
0.0290069
0.0284349
0.027883
0.0275138
0.0270176
0.0266071
0.0261576
0.0258462
0.0254113
0.0262962
0.026059
0.0257203
0.0255988
0.025821
0.0254143
0.0253673
0.0249815
0.0250256
0.0254858
0.0254652
0.0255764
0.0252143
0.0249047
0.0250734
0.0247754
0.0252219
0.0251085
0.0247966
0.0246507
0.0243382
0.0243884
0.0240859
0.02404
0.0237956
0.0243685
0.0240854
0.0240669
0.0238176
0.0236018
0.0233359
0.0232735
0.0230627
0.0230813
0.022869
0.0228207
0.0229006
0.0229229
0.0226862
0.0224662
0.0222816
0.0221078
0.0221878
0.0220156
0.0218009
0.0216403
0.0221984
0.0220033
0.0218963
0.0219412
0.0218337
0.0217086
0.0215161
0.0213369
0.0212384
0.0210666
0.0209001
0.0209279
0.0207683
0.0206857
0.0206114
0.0204573
0.0203741
0.0202173
0.0201808
0.020021
0.0199033
0.0201739
0.0200666
0.0199094
0.0197766
0.0196325
0.0195394
0.0193935
0.0194715
0.0194236
0.0192906
0.0191945
0.0192113
0.0191503
0.019115
0.0190502
0.0189151
0.0190645
0.0191489
0.0190734
0.0189949
0.0189504
0.0188772
0.0187645
0.0186501
0.0185373
0.0184443
0.0183249
0.0182622
0.0181455
0.0180281
0.0179474
0.0178914
0.0177946
0.0178297
0.0177188
0.0176145
0.0175087
0.0174402
0.0173471
0.0172418
0.0171397
0.0170951
0.0170325
0.0169334
0.0172226
0.0171362
0.0170373
0.0169484
0.0169111
0.0168177
0.016888
0.0168237
0.0167377
0.016682
0.016594
0.0165255
0.0164665
0.0163948
0.0163055
0.0162498
0.0162231
0.0161377
0.0161507
0.0161309
0.0160636
0.0160378
0.0160369
0.0159958
0.0160507
0.0160751
0.0160065
0.0160511
0.0159766
0.0158982
0.0158221
0.0157434
0.015666
0.0157114
0.0156371
0.0155614
0.0154864
0.0154117
0.0153443
0.0152715
0.0153387
0.0155248
0.0155316
0.0155043
0.0154339
0.0153739
0.015317
0.0152637
0.0152003
0.0151369
0.0150679
0.0150004
0.0149391
0.0148753
0.014816
0.0149602
0.0150636
0.0150645
0.0150543
0.0149891
0.0149594
0.0149528
0.0148975
0.0148358
0.0148149
0.014768
0.0147402
0.0146841
0.0146688
0.0146143
0.0145534
0.0144933
0.0144427
0.0144252
0.0144204
0.0143617
0.0143038
0.0142511
0.0141946
0.0143063
0.0142518
0.0141949
0.0142313
0.0141755
0.0141404
0.0141063
0.0141014
0.014074
0.0140297
0.0139758
0.0139391
0.0139164
0.0138632
0.0138143
0.0137619
0.0137343
0.0137379
0.0137283
0.0136808
0.0136481
0.0135987
0.0135589
0.013533
0.0135658
0.0135166
0.0134683
0.0134227
0.0134231
0.0133748
0.0133301
0.0132835
0.0132914
0.013264
0.0132178
0.0132308
0.0132032
0.0131778
0.0131718
0.0131276
0.0130896
0.0130445
0.0130164
0.012974
0.012931
0.0128915
0.012851
0.0128362
0.0128093
0.0128028
0.0127625
0.0129355
0.0129468
0.0129673
0.0130276
0.0129853
0.0129428
0.0129006
0.0128588
0.0128454
0.0128234
0.0127997
0.0127595
0.0127187
0.0126786
0.0126435
0.0126097
0.0125766
0.0125413
0.0125301
0.0125046
0.012466
0.0124271
0.0123893
0.012351
0.0123134
0.0122775
0.0122503
0.0122332
0.0121963
0.012168
0.0121388
0.0121048
0.0120712
0.01204
0.0120039
0.0119713
0.0119498
0.0119208
0.0118975
0.0118925
0.0118627
0.0118299
0.0118459
0.0118113
0.011801
0.0117775
0.0117437
0.0117245
0.0117014
0.0117008
0.0116808
0.0116869
0.0116997
0.0116719
0.0116988
0.0117248
0.0116969
0.0116651
0.0116426
0.011611
0.0115832
0.0115596
0.0115327
0.0115196
0.0114882
0.0114739
0.0114655
0.0114495
0.0114357
0.0114067
0.0114143
0.0113979
0.0113673
0.0113411
0.0113186
0.0112887
0.0112587
0.0112333
0.0112186
0.0112383
0.0112148
0.0112176
0.0111938
0.0111788
0.011152
0.0111313
0.0111035
0.011121
0.0110959
0.0110879
0.0110601
0.011032
0.0110109
0.0110299
0.0110145
0.0109931
0.0109728
0.0109464
0.0109368
0.0109096
0.0108842
0.0109161
0.0109125
0.0108875
0.0109082
0.0108915
0.0108806
0.0108657
0.0108398
0.0108192
0.0107928
0.0107671
0.0107449
0.0108062
0.0107822
0.010758
0.0107321
0.0107137
0.0106911
0.0106919
0.0106802
0.0106831
0.0106581
0.0106812
0.0106724
0.0106723
0.0106547
0.0106299
0.0106647
0.0106758
0.0106606
0.010638
0.0106212
0.0106031
0.0105863
0.0105696
0.0105512
0.0105396
0.0105162
0.0104949
0.010471
0.0104522
0.0104554
0.0104476
0.0104351
0.0104116
0.0104174
0.0103997
0.0103768
0.0104147
0.0103954
0.010379
0.0103633
0.0103768
0.0103557
0.0103364
0.0103168
0.0102952
0.0103072
0.0102848
0.0102654
0.0102764
0.0102542
0.0102355
0.0102426
0.0102238
0.0102069
0.0101857
0.0101885
0.0101743
0.0101582
0.0101369
0.0101177
0.010108
0.0100997
0.0100811
0.0100603
0.0100431
0.0100497
0.0100654
0.0100679
0.0100681
0.010055
0.0100353
0.0100146
0.009995
0.00999247
0.0100019
0.00998579
0.00997092
0.00997341
0.00996204
0.00994198
0.00996872
0.00995019
0.00993371
0.00992682
0.00990705
0.00988732
0.00986854
0.00985569
