0
0.0841379
0.0535534
0.0557869
0.0441539
0.0396755
0.0360071
0.0358201
0.033577
0.0300906
0.0273676
0.0256526
0.0238706
0.0221011
0.0212106
0.019971
0.0197211
0.0188377
0.0184069
0.0177398
0.0170134
0.01731
0.0167979
0.0172281
0.0165501
0.0159448
0.0154774
0.014918
0.0151046
0.0146134
0.0141843
0.0142961
0.0141458
0.0140848
0.0137076
0.0133389
0.0131408
0.0133218
0.0131876
0.0129917
0.0127341
0.0124402
0.0121637
0.0118917
0.0116773
0.0121295
0.0118835
0.011781
0.0116033
0.011593
0.0114825
0.0112611
0.0114986
0.011351
0.0113125
0.011249
0.0111517
0.0110174
0.0108351
0.010798
0.0106472
0.0104961
0.010467
0.0106463
0.0104937
0.0103345
0.0101915
0.010223
0.0100935
0.0100639
0.00992306
0.00980841
0.00977113
0.00970381
0.00962522
0.00958102
0.00950857
0.00988106
0.00992283
0.00979997
0.00968201
0.00956342
0.00948019
0.0093667
0.00939432
0.00928445
0.00920743
0.00919188
0.00909939
0.00899906
0.00889962
0.00880727
0.00885594
0.00893016
0.00883723
0.00891798
0.00884115
0.0087676
0.00868003
0.00862095
0.0085976
0.00852922
0.0086014
0.00852302
0.00844246
0.00836725
0.00829586
0.00826341
0.00818743
0.00815083
0.00832986
0.00826464
0.00822282
0.00816121
0.00810245
0.00805664
0.00798763
0.00791965
0.00789997
0.00787719
0.00794784
0.00788386
0.00781975
0.00776791
0.00775229
0.00773013
0.00767045
0.00761334
0.00758221
0.00774961
0.00777346
0.00771545
0.0076756
0.00762366
0.00756752
0.00751811
0.00749724
0.00751967
0.00747049
0.00742175
0.00737359
0.00737318
0.00735787
0.00733396
0.00730407
0.00727023
0.00730102
0.00725285
0.00721368
0.00718781
0.00715019
0.00710311
0.00705814
0.00703663
0.00699773
0.00704206
0.00702817
0.00701802
0.00697771
0.00693656
0.00689364
0.00685674
0.00682709
0.00680093
0.00676099
0.00672255
0.00669184
0.00665288
0.00662427
0.00669434
0.00673104
0.00670437
0.00670913
0.00679911
0.00684575
0.00683808
0.0068187
0.00681401
0.0067844
0.00675845
0.00672164
0.00674485
0.00671086
0.00668189
0.00666329
0.00663646
0.00660356
0.00658437
0.00655588
0.00652497
0.00649633
0.00648382
0.00645666
0.00648493
0.00645206
0.00641961
0.00644226
0.00641588
0.00638717
0.00639711
0.00636652
0.00634653
0.00633081
0.00629973
0.00627748
0.00627159
0.00624406
0.00622276
0.00619601
0.00617486
0.00616305
0.00613633
0.00613071
0.00610414
0.00608546
0.00611046
0.00609819
0.00611125
0.00608445
0.00606086
0.00603669
0.00601054
0.00598642
0.00597548
0.0060622
0.00605544
0.00604844
0.00602296
0.00600425
0.00598781
0.00596529
0.00593968
0.00591494
0.00591287
0.00593492
0.00591173
0.00588897
0.00587976
0.00587394
0.00587444
0.00585356
0.00583504
0.00581104
0.00579805
0.00578448
0.00576453
0.00574862
0.00576101
0.00576101
0.00574565
0.00572727
0.00570485
0.00568226
0.00566253
0.00564061
0.00563131
0.00561499
0.00559434
0.00558438
0.0055764
0.00555738
0.00555368
0.0055346
0.00551474
0.00550162
0.00549223
0.00549849
0.00561461
0.00559371
0.0056015
0.00558126
0.00556763
0.00555101
0.00554378
0.00552749
0.0055453
0.00553282
0.00551544
0.00549571
0.00548309
0.00548564
0.00547917
0.00546569
0.00545059
0.00543197
0.00545224
0.00543497
0.00541638
0.00540041
0.00539062
0.00537965
0.00536191
0.00534464
0.00533406
0.00531673
0.00529918
0.00528242
0.00526787
0.00526862
0.00525173
0.00523942
0.00522415
0.00520929
0.00519582
0.0051827
0.00521621
0.0052011
0.00518634
0.00517585
0.00516461
0.00515848
0.00515597
0.00514129
0.0051267
0.00511615
0.00514447
0.00515146
0.00514721
0.00513259
0.00512327
0.00511813
0.00510516
0.00508981
0.00509365
0.00507826
0.00506896
0.00505347
0.00504637
0.00503163
0.00501762
0.00500389
0.00500884
0.0050061
0.00499455
0.00498389
0.00498027
0.0049655
0.00495114
0.00494475
0.00494017
0.00492688
0.00491487
0.00490155
0.00489694
0.00488355
0.00486952
0.00485733
0.00484436
0.00483915
0.00482564
0.00481269
0.00479909
0.00478692
0.00478568
0.00478875
0.0047756
0.00476248
0.00478953
0.00477658
0.00477689
0.00478683
0.00477809
0.00476544
0.00475528
0.00474785
0.00473556
0.00472273
0.00471059
0.00469926
0.00468687
0.00469916
0.00468677
0.00468389
0.00467137
0.00466848
0.00467013
0.0046586
0.00465072
0.00464914
0.00464176
0.00463008
0.0046183
0.00464496
0.00463808
0.00464041
0.00471624
0.00472487
0.0047368
0.00473033
0.00471837
0.00472293
0.00471087
0.00469938
0.00468755
0.00467599
0.00466975
0.00467243
0.00468483
0.0046778
0.00466733
0.0046571
0.00464796
0.00463648
0.00462499
0.00461381
0.00460265
0.00459161
0.00458162
0.00457092
0.00456093
0.0045499
0.00454324
0.00453324
0.00452229
0.00453324
0.00452233
0.00452069
0.00451965
0.00450974
0.00452267
0.00451195
0.00450195
0.00449164
0.00448174
0.00447356
0.00446341
0.00445477
0.00444771
0.00443775
0.0044308
0.00442064
0.0044364
0.0044264
0.00441887
0.00441227
0.00440232
0.00439489
0.00439012
0.00438114
0.00437169
0.00437338
0.00436413
0.0043612
0.00435289
0.0043485
0.00434063
0.00433335
0.00432368
0.00431769
0.00430809
0.00429854
0.00428998
0.00430911
0.00431475
0.00430528
0.00430052
0.0042911
0.00428222
0.00427394
0.00426546
0.00425687
0.00425358
0.00424441
0.00424549
0.00423638
0.00422919
0.00422014
0.00421255
0.00420571
0.00419901
0.00420256
0.00419556
0.0041904
0.00418668
0.00418291
0.00417999
0.00417121
0.00416253
0.00415628
0.00414878
0.00414123
0.00413308
0.00412495
0.00414906
0.00414245
0.00413916
0.00415336
0.0041564
0.00415602
0.00414904
0.00414177
0.00414361
0.00414929
0.00415417
0.00414607
0.00414171
0.00413697
0.00413367
0.00412629
0.00411803
