1.19545
1.20536
1.22293
1.22318
1.22202
1.22272
1.22291
1.2227
1.22709
1.23228
1.236
1.23745
1.23652
1.23447
1.234
1.23278
1.23182
1.23075
1.22865
1.2296
1.23088
1.23122
1.23044
1.22864
1.22758
1.2269
1.22579
1.22487
1.2241
1.22314
1.22352
1.22434
1.22466
1.22388
1.22373
1.22305
1.22202
1.22222
1.22197
1.22132
1.22049
1.21979
1.21919
1.21889
1.21877
1.21887
1.21912
1.21924
1.22025
1.22057
1.22077
1.22186
1.22243
1.22212
1.22158
1.22169
1.22164
1.22169
1.22187
1.22239
1.22233
1.22202
1.222
1.22254
1.22281
1.22311
1.2235
1.22384
1.2243
1.22504
1.22567
1.22622
1.22581
1.22511
1.22445
1.22391
1.2238
1.22373
1.22347
1.22354
1.2238
1.22427
1.22435
1.22446
1.22472
1.22479
1.22519
1.22569
1.22635
1.22691
1.22711
1.22751
1.22799
1.2285
1.22892
1.22934
1.22997
1.23068
1.23105
1.23148
1.23196
1.23208
1.23256
1.23284
1.23283
1.23276
1.23259
1.23238
1.23229
1.23186
1.2313
1.23103
1.23087
1.23096
1.23105
1.23086
1.23066
1.23069
1.23077
1.2309
1.23109
1.23109
1.23131
1.23122
1.23105
1.231
1.23083
1.23068
1.23059
1.23039
1.23029
1.23008
1.23009
1.22998
1.23007
1.2304
1.23066
1.23059
1.2304
1.23021
1.23031
1.23054
1.23061
1.23066
1.23062
1.23062
1.23067
1.23071
1.23062
1.23035
1.2304
1.23052
1.23059
1.23071
1.23075
1.23065
1.23049
1.23027
1.23021
1.23029
1.23022
1.23002
1.22988
1.2298
1.22994
1.23004
1.23002
1.22992
1.22978
1.2298
1.22996
1.23006
1.22992
1.22996
1.23019
1.23045
1.23063
1.23071
1.23068
1.23064
1.23075
1.23093
1.23099
1.23112
1.23127
1.23148
1.23167
1.23181
1.23168
1.23169
1.23176
1.2318
1.23176
1.23177
1.23199
1.23224
1.23241
1.23242
1.23255
1.23257
1.2327
1.23289
1.23293
1.23301
1.23318
1.23329
1.23341
1.23346
1.23342
1.23348
1.23374
1.23393
1.23397
1.23414
1.23428
1.23443
1.2346
1.23465
1.23474
1.23492
1.23505
1.23513
1.23532
1.23559
1.23604
1.23639
1.23662
1.23672
1.23689
1.23694
1.237
1.23709
1.23717
1.23708
1.23704
1.237
1.23691
1.23687
1.23678
1.2368
1.23689
1.23688
1.23701
1.23719
1.23722
1.23737
1.2376
1.23777
1.23787
1.23802
1.23815
1.23821
1.23838
1.23876
1.23921
1.23954
1.23972
1.23993
1.24016
1.24036
1.24062
1.24071
1.24084
1.2411
1.2414
1.24159
1.2417
1.24172
1.24186
1.24193
1.24204
1.24202
1.24196
1.24199
1.24206
1.2422
1.24222
1.24223
1.2423
1.24234
1.24229
1.24218
1.24218
1.24218
1.24227
1.24224
1.24224
1.24219
1.24222
1.24222
1.2422
1.24227
1.24228
1.24225
1.24233
1.24255
1.24267
1.24277
1.24283
1.24275
1.24272
1.24277
1.24282
1.24281
1.2427
1.24255
1.24247
1.24242
1.24231
1.24222
1.2422
1.24223
1.24223
1.24222
1.24221
1.24221
1.24218
1.24213
1.24216
1.2422
1.24234
1.24239
1.24253
1.24276
1.24284
1.24293
1.24302
1.24314
1.24325
1.24334
1.24331
1.24332
1.24331
1.24327
1.24328
1.24322
1.24315
1.24304
1.24291
1.24284
1.24279
1.24271
1.24272
1.24279
1.24283
1.24276
1.24257
1.24247
1.24246
1.24244
1.24235
1.24229
1.24225
1.24215
1.24214
1.24215
1.24212
1.24211
1.24215
1.24224
1.24227
1.24225
1.24216
1.24214
1.2421
1.24211
1.24209
1.24206
1.24209
1.24212
1.24211
1.24211
1.24208
1.24205
1.24191
1.24182
1.24177
1.24173
1.24164
1.24155
1.24148
1.24148
1.24146
1.24141
1.24134
1.24134
1.24132
1.24132
1.24139
1.24142
1.24153
1.2416
1.24173
1.24187
1.2419
1.24197
1.242
1.24198
1.24199
1.24201
1.24208
1.24214
1.24217
1.24218
1.24226
1.24231
1.24226
1.24227
1.24228
1.24234
1.24241
1.2424
1.24239
1.24246
1.24256
1.24265
1.24269
1.24276
1.24286
1.243
1.24318
1.24332
1.24336
1.24344
1.24345
1.24346
1.24352
1.24361
1.24363
1.24375
1.24385
1.24392
1.24391
1.24393
1.24398
1.24398
1.244
1.24403
1.24403
1.24404
1.24402
1.24396
1.24393
1.24388
1.24385
1.24387
1.2439
1.24391
1.24387
1.24391
1.24388
1.2439
1.24388
1.24381
1.24375
1.24372
1.24375
1.24385
1.24391
1.24392
1.24396
1.24402
1.24412
1.2442
1.24426
1.24427
1.24437
1.24441
1.24446
1.24445
1.24446
1.24447
1.24447
1.24444
1.2444
1.24438
1.24431
1.24423
1.24424
1.24431
1.24425
1.24417
1.24408
1.24406
1.24409
1.24409
1.24418
1.2442
1.2442
1.24424
1.24432
1.24435
1.24439
1.24436
1.24445
1.24453
1.24455
1.24458
1.24458
1.24457
1.24457
1.24457
1.24457
1.24465
1.24468
1.24472
1.24477
1.24477
1.24486
1.24493
1.24496
1.24499
1.24501
1.24505
1.24507
1.24513
1.24515
1.2451
1.24506
1.24505
1.24507
1.24508
1.24507
1.24507
1.2451
1.24512
1.2452
1.24521
1.24526
1.24522
1.24517
1.24511
1.24507
1.24503
1.24498
1.24493
1.24496
1.24492
1.24484
1.24477
1.24469
1.24467
1.24462
1.2446
1.24457
1.24459
1.24463
1.24467
1.24479
1.24486
1.24492
1.24499
1.24503
1.2451
1.24522
1.2453
1.24536
1.2454
1.24539
1.24535
1.24533
1.24528
1.24531
1.2454
1.24542
1.2454
1.24541
1.24547
1.24554
1.24558
1.24564
1.24569
1.24573
1.24573
1.24569
1.24569
1.24566
1.24564
1.24559
1.24556
1.24556
1.24556
1.24556
1.24554
1.2455
1.24546
1.24545
1.24546
1.24551
1.24552
1.24552
1.24551
1.2455
1.24548
1.24547
1.24548
1.24548
1.24547
1.24546
1.24546
1.24549
1.24553
1.24552
1.24549
1.24548
1.24546
1.24545
1.24551
1.24556
1.24565
1.24573
1.24577
1.24579
1.24577
1.24581
1.24586
1.2459
1.24592
1.24593
1.24591
1.24593
1.24603
1.24607
1.24608
1.24609
1.24619
1.24626
1.24637
1.24652
1.24661
1.24671
1.24685
1.24696
1.24705
1.24708
1.24708
1.24711
1.24711
1.24709
1.24708
1.24707
1.24707
1.24708
1.24708
1.24706
1.24708
1.2471
1.24713
1.24716
1.24719
1.24716
1.24708
1.24702
1.24702
1.24704
1.24706
1.2471
1.24711
1.24708
1.24709
1.2471
1.2471
1.24713
1.24722
1.24728
1.2473
1.24728
1.24733
1.2474
1.24751
1.24762
1.2477
1.24775
1.2478
1.24781
1.24778
1.24772
1.24762
1.24757
1.24754
1.24759
1.24765
1.24765
1.24766
1.24765
1.24765
1.2477
1.24772
1.24771
1.2477
1.24773
1.24778
1.24779
1.24774
1.24767
1.24758
1.24752
1.24749
1.24746
1.24741
1.24738
1.24737
1.24736
1.24731
1.24729
1.24725
1.24721
1.24721
1.24724
1.24726
1.24731
1.24735
1.24735
1.24736
1.24735
1.24735
1.24736
1.24736
1.24739
1.24741
1.24742
1.24743
1.24742
1.24745
1.2475
1.2475
1.24753
1.24758
1.24759
1.24757
1.24755
1.24753
1.24748
1.2475
1.24754
1.24753
1.2475
1.24751
1.24756
1.24756
1.24751
1.24749
1.24747
1.24748
1.24745
1.24745
1.24744
1.24743
1.24744
1.24745
1.24747
1.24747
1.24747
1.24746
1.24745
1.24748
1.24752
1.24755
1.24757
1.24756
1.24757
1.24755
1.24758
1.2476
1.24762
1.24765
1.24773
1.24784
1.24783
1.2478
1.24776
1.24773
1.24771
1.24773
1.24776
1.24777
1.24777
1.24772
1.24769
1.2477
1.24775
1.24778
1.24776
1.24773
1.2477
1.24768
1.24767
1.24766
1.2477
1.24775
1.24777
1.24775
1.24771
1.24767
1.24765
1.24764
1.24764
1.24763
1.24762
1.24764
1.24766
1.24768
1.2477
1.24771
1.24772
1.24776
1.24778
1.24782
1.24782
1.24782
1.24786
1.24793
1.24798
1.24804
1.24805
1.24802
1.24797
1.2479
1.24786
1.24786
1.24785
1.24788
1.24789
1.24791
1.2479
1.2479
1.24789
1.24788
1.2479
1.24793
1.24794
1.24792
1.24789
1.24789
1.24788
1.2479
1.24789
1.24785
1.24785
1.24786
1.24783
1.24782
1.2478
1.24782
1.24783
1.24779
1.24776
1.2478
1.24786
1.24788
1.24792
1.24794
1.24791
1.24792
1.24791
1.24788
1.24786
1.24789
1.24792
1.24794
1.24794
1.24794
1.24798
1.24799
1.24797
1.24794
1.24796
1.24797
1.24797
1.24799
1.24804
1.24807
1.24808
1.24807
1.24806
1.24801
1.24801
1.24805
1.24806
1.24806
1.24809
1.24808
1.24805
1.24806
1.24807
1.24804
1.24803
1.24801
1.24797
1.24795
1.24791
1.24786
1.24781
1.24775
1.24768
1.24762
1.24756
1.2475
1.24748
1.24744
1.24742
1.24741
1.24736
1.24733
1.24734
1.24731
1.24726
1.2472
1.24717
1.24714
1.24712
1.2471
1.24706
1.247
1.24697
1.24692
1.24685
1.24678
1.24672
1.24671
1.24669
1.24669
1.24666
1.24664
1.24662
1.24658
1.24655
1.24653
1.24651
1.24651
1.24653
1.2465
1.2465
1.24651
1.24651
1.24651
1.24653
1.2466
1.24666
1.24668
1.24667
1.24665
1.24664
1.24661
1.24657
1.24653
1.24649
1.24647
1.24644
1.24638
1.24634
1.24631
1.24627
1.24623
1.24622
1.24623
1.24625
1.24627
1.24624
1.24623
1.24624
1.24624
1.24625
1.24627
1.24628
1.24627
1.24623
1.24619
1.24622
1.24623
1.24623
1.24623
1.24622
1.2462
1.2462
1.24618
1.24616
1.24611
1.24606
1.24603
1.246
1.246
1.246
1.246
1.246
1.246
1.24596
1.24595
1.24595
1.24595
1.24599
1.24601
1.24602
1.24606
1.2461
1.24613
1.24614
1.24613
1.24614
1.24616
