-0.316959
-0.331882
-0.358259
-0.35862
-0.356891
-0.357947
-0.358221
-0.357922
-0.364514
-0.372306
-0.377881
-0.380053
-0.378661
-0.375596
-0.374892
-0.373045
-0.371606
-0.369991
-0.366847
-0.368261
-0.370176
-0.370683
-0.369505
-0.366793
-0.365193
-0.364171
-0.362498
-0.361119
-0.35997
-0.358531
-0.359103
-0.360336
-0.360805
-0.359644
-0.359409
-0.358385
-0.356841
-0.35714
-0.356763
-0.355785
-0.35454
-0.353489
-0.352595
-0.352145
-0.351954
-0.352111
-0.352479
-0.352655
-0.354178
-0.354658
-0.354953
-0.356592
-0.357443
-0.356979
-0.356157
-0.356331
-0.356251
-0.35633
-0.356601
-0.357382
-0.357292
-0.35682
-0.356799
-0.357603
-0.358017
-0.358466
-0.359048
-0.359557
-0.360249
-0.36136
-0.362309
-0.363137
-0.362516
-0.361459
-0.360476
-0.359664
-0.359492
-0.359389
-0.358991
-0.359095
-0.359495
-0.360195
-0.360318
-0.360485
-0.360873
-0.360987
-0.361591
-0.362332
-0.363319
-0.364169
-0.364462
-0.365059
-0.365784
-0.366551
-0.367178
-0.367818
-0.368758
-0.369819
-0.370379
-0.371028
-0.37175
-0.371934
-0.372664
-0.373085
-0.373067
-0.372956
-0.372712
-0.372385
-0.372262
-0.371616
-0.370778
-0.370363
-0.370129
-0.370263
-0.370402
-0.370114
-0.369819
-0.369863
-0.369974
-0.370171
-0.370464
-0.370464
-0.370787
-0.370655
-0.370395
-0.370318
-0.370069
-0.369846
-0.36971
-0.369409
-0.369251
-0.368944
-0.368954
-0.368791
-0.368926
-0.369415
-0.369812
-0.3697
-0.369414
-0.369127
-0.369278
-0.369624
-0.369727
-0.369805
-0.369738
-0.369741
-0.369814
-0.36988
-0.369745
-0.369331
-0.369413
-0.369593
-0.369689
-0.369868
-0.369932
-0.369785
-0.369546
-0.369209
-0.369116
-0.369231
-0.369137
-0.368825
-0.368623
-0.368495
-0.368704
-0.368865
-0.368824
-0.368687
-0.368477
-0.368503
-0.368741
-0.368882
-0.368678
-0.368732
-0.369082
-0.36947
-0.369745
-0.369865
-0.369819
-0.369751
-0.369926
-0.370189
-0.370289
-0.370473
-0.370697
-0.371021
-0.371297
-0.371512
-0.371317
-0.371334
-0.371433
-0.371501
-0.371429
-0.371448
-0.371777
-0.372151
-0.372409
-0.372427
-0.37262
-0.372653
-0.372839
-0.373133
-0.373197
-0.373318
-0.373572
-0.37374
-0.373918
-0.373989
-0.373935
-0.374012
-0.374414
-0.374697
-0.374758
-0.37501
-0.375218
-0.375451
-0.375706
-0.375784
-0.375919
-0.376185
-0.376376
-0.376498
-0.376782
-0.377185
-0.377867
-0.378399
-0.378735
-0.378891
-0.379137
-0.379223
-0.379311
-0.379443
-0.37956
-0.379422
-0.379367
-0.379306
-0.379177
-0.379117
-0.378979
-0.379002
-0.379135
-0.379119
-0.379326
-0.379592
-0.379636
-0.379859
-0.380199
-0.380459
-0.380613
-0.380832
-0.38103
-0.381125
-0.381371
-0.381945
-0.382628
-0.383112
-0.383383
-0.383703
-0.384047
-0.384341
-0.384743
-0.384877
-0.385069
-0.38546
-0.385902
-0.386192
-0.386351
-0.386386
-0.386596
-0.386696
-0.38687
-0.386836
-0.386746
-0.3868
-0.3869
-0.38711
-0.387144
-0.387147
-0.387258
-0.38731
-0.387244
-0.387083
-0.387072
-0.387072
-0.387208
-0.387164
-0.38717
-0.387091
-0.387141
-0.387138
-0.387105
-0.387218
-0.387233
-0.387179
-0.387307
-0.387625
-0.387809
-0.387966
-0.388047
-0.387935
-0.387892
-0.387968
-0.388035
-0.388024
-0.387863
-0.387632
-0.387513
-0.387429
-0.387269
-0.387134
-0.387103
-0.387153
-0.387146
-0.38713
-0.387126
-0.387125
-0.387075
-0.387007
-0.387043
-0.387103
-0.387315
-0.387389
-0.387604
-0.387948
-0.388055
-0.388203
-0.388333
-0.388508
-0.388672
-0.388815
-0.388764
-0.38878
-0.388766
-0.388711
-0.388723
-0.388626
-0.388531
-0.388357
-0.388172
-0.388066
-0.38798
-0.387862
-0.387885
-0.387984
-0.388053
-0.387941
-0.387654
-0.38751
-0.387487
-0.38746
-0.387326
-0.387244
-0.387174
-0.387026
-0.387019
-0.387031
-0.38698
-0.386965
-0.387035
-0.387159
-0.387202
-0.387175
-0.387038
-0.387018
-0.386951
-0.386971
-0.386935
-0.386892
-0.386944
-0.38699
-0.386964
-0.386975
-0.386929
-0.386876
-0.386665
-0.386534
-0.386457
-0.386405
-0.386259
-0.386124
-0.38603
-0.386018
-0.385999
-0.385923
-0.385814
-0.385811
-0.385783
-0.385788
-0.38588
-0.385928
-0.386096
-0.3862
-0.386393
-0.3866
-0.386654
-0.386751
-0.386804
-0.386777
-0.386794
-0.386817
-0.386918
-0.387007
-0.387054
-0.387068
-0.387192
-0.387259
-0.387198
-0.387199
-0.387226
-0.387319
-0.387414
-0.387401
-0.387392
-0.38749
-0.387641
-0.387783
-0.387832
-0.387941
-0.388089
-0.388301
-0.388577
-0.388792
-0.388844
-0.388964
-0.388981
-0.389
-0.389093
-0.389215
-0.389258
-0.389432
-0.389578
-0.38969
-0.389666
-0.389698
-0.389779
-0.389782
-0.389809
-0.389848
-0.389844
-0.389859
-0.389831
-0.389749
-0.389707
-0.389628
-0.389585
-0.389615
-0.389652
-0.389664
-0.389616
-0.389665
-0.389626
-0.389654
-0.38963
-0.389521
-0.389434
-0.389389
-0.389431
-0.389574
-0.389673
-0.389681
-0.38975
-0.389839
-0.389994
-0.390114
-0.390201
-0.390219
-0.390356
-0.390419
-0.390504
-0.390486
-0.3905
-0.390509
-0.390505
-0.390471
-0.3904
-0.390371
-0.390267
-0.390145
-0.390166
-0.390268
-0.390188
-0.390066
-0.389926
-0.389902
-0.389937
-0.389946
-0.390074
-0.390102
-0.3901
-0.390163
-0.390287
-0.390335
-0.390394
-0.390351
-0.390476
-0.390603
-0.390634
-0.390671
-0.390683
-0.390664
-0.390661
-0.39066
-0.390667
-0.390782
-0.390829
-0.39089
-0.390954
-0.390958
-0.39109
-0.391198
-0.391251
-0.391296
-0.391326
-0.391382
-0.391404
-0.391506
-0.391533
-0.391458
-0.391402
-0.391379
-0.391409
-0.391423
-0.391405
-0.391403
-0.391452
-0.391486
-0.391605
-0.391626
-0.391697
-0.391634
-0.391561
-0.391472
-0.391409
-0.391349
-0.391277
-0.3912
-0.391251
-0.391184
-0.391067
-0.390966
-0.390841
-0.390817
-0.390733
-0.3907
-0.390665
-0.390684
-0.390751
-0.390805
-0.390992
-0.391097
-0.391179
-0.391284
-0.391348
-0.391456
-0.39164
-0.391755
-0.391852
-0.391909
-0.391896
-0.391834
-0.391803
-0.391731
-0.391775
-0.391907
-0.391937
-0.391911
-0.391928
-0.392009
-0.392119
-0.392179
-0.39227
-0.392348
-0.392404
-0.392397
-0.392336
-0.39234
-0.392291
-0.392261
-0.392194
-0.392147
-0.392143
-0.392149
-0.392139
-0.392122
-0.392053
-0.391994
-0.391983
-0.391993
-0.392073
-0.392086
-0.392089
-0.392068
-0.392058
-0.392017
-0.392007
-0.392023
-0.392031
-0.39201
-0.392001
-0.391998
-0.392039
-0.392103
-0.392077
-0.392042
-0.39202
-0.391996
-0.391981
-0.392067
-0.392153
-0.392289
-0.392405
-0.392468
-0.392486
-0.392468
-0.392528
-0.392605
-0.392654
-0.39269
-0.392704
-0.392677
-0.392701
-0.392849
-0.392912
-0.392935
-0.392949
-0.393096
-0.3932
-0.393364
-0.39359
-0.393731
-0.393876
-0.394093
-0.394254
-0.394383
-0.39444
-0.394439
-0.394476
-0.394472
-0.394443
-0.394432
-0.394419
-0.394417
-0.394426
-0.394434
-0.39441
-0.394427
-0.394456
-0.394501
-0.394547
-0.394596
-0.394545
-0.394427
-0.394346
-0.394339
-0.394372
-0.394403
-0.394462
-0.394479
-0.394435
-0.394446
-0.394457
-0.394458
-0.394505
-0.394637
-0.394736
-0.394756
-0.39473
-0.394803
-0.394915
-0.395076
-0.395248
-0.39537
-0.395441
-0.395515
-0.395527
-0.395489
-0.395399
-0.39525
-0.395165
-0.395127
-0.395199
-0.395291
-0.395295
-0.395307
-0.395293
-0.395289
-0.395368
-0.395395
-0.395372
-0.395357
-0.395405
-0.395476
-0.395501
-0.395422
-0.395314
-0.395184
-0.395092
-0.395049
-0.395003
-0.394933
-0.394886
-0.394875
-0.39485
-0.394783
-0.394743
-0.394692
-0.394626
-0.394633
-0.394673
-0.394707
-0.394774
-0.394837
-0.394842
-0.394853
-0.39484
-0.394837
-0.394856
-0.394851
-0.394894
-0.394935
-0.394948
-0.394957
-0.394939
-0.394983
-0.395061
-0.395064
-0.395115
-0.395179
-0.395197
-0.395169
-0.395141
-0.395106
-0.395031
-0.395064
-0.395128
-0.395104
-0.395065
-0.395073
-0.395158
-0.395148
-0.395084
-0.395045
-0.395024
-0.395037
-0.394989
-0.394982
-0.394974
-0.394961
-0.39497
-0.39499
-0.395019
-0.395018
-0.395018
-0.395005
-0.394986
-0.395031
-0.395095
-0.395133
-0.395163
-0.395154
-0.395171
-0.395141
-0.395181
-0.395209
-0.395248
-0.395291
-0.395415
-0.395569
-0.395561
-0.395519
-0.395452
-0.395411
-0.395379
-0.39541
-0.395448
-0.395471
-0.395465
-0.395393
-0.395353
-0.395356
-0.395436
-0.395486
-0.395456
-0.395408
-0.395358
-0.395334
-0.395323
-0.395304
-0.395367
-0.395442
-0.395464
-0.395438
-0.395382
-0.395312
-0.395283
-0.395268
-0.395275
-0.395259
-0.395236
-0.395269
-0.395297
-0.395332
-0.395368
-0.395379
-0.3954
-0.395447
-0.39549
-0.395543
-0.39554
-0.395538
-0.395596
-0.395702
-0.395785
-0.395867
-0.395887
-0.395842
-0.395764
-0.39566
-0.395597
-0.395604
-0.395595
-0.395636
-0.395648
-0.395671
-0.395663
-0.395669
-0.395646
-0.395629
-0.395669
-0.395709
-0.395727
-0.395691
-0.395653
-0.395645
-0.395639
-0.395667
-0.395643
-0.395583
-0.395591
-0.395595
-0.39556
-0.395535
-0.395519
-0.395541
-0.39555
-0.395498
-0.395454
-0.395513
-0.395596
-0.395639
-0.395687
-0.395716
-0.395682
-0.395693
-0.395671
-0.39563
-0.3956
-0.395644
-0.395685
-0.395715
-0.395715
-0.395723
-0.39578
-0.395797
-0.395767
-0.39573
-0.395747
-0.395762
-0.395772
-0.395802
-0.39587
-0.395917
-0.395938
-0.39592
-0.395896
-0.39583
-0.395831
-0.39588
-0.395905
-0.395901
-0.39594
-0.395939
-0.395892
-0.395902
-0.39591
-0.395873
-0.39585
-0.39582
-0.395771
-0.395731
-0.395681
-0.395601
-0.395522
-0.39543
-0.39533
-0.395239
-0.39515
-0.395062
-0.395027
-0.394978
-0.394945
-0.394925
-0.39485
-0.394805
-0.394822
-0.394771
-0.394704
-0.394612
-0.394562
-0.394524
-0.394497
-0.394466
-0.394395
-0.394316
-0.394269
-0.394195
-0.394092
-0.393982
-0.393895
-0.393872
-0.393849
-0.393841
-0.393806
-0.393765
-0.393738
-0.393688
-0.393634
-0.393601
-0.39357
-0.393581
-0.393606
-0.393555
-0.393559
-0.393571
-0.393574
-0.393579
-0.393609
-0.393711
-0.393804
-0.393839
-0.393824
-0.393787
-0.393768
-0.393734
-0.393669
-0.393601
-0.393543
-0.393514
-0.393479
-0.393387
-0.393329
-0.39327
-0.39322
-0.393159
-0.393145
-0.393163
-0.393193
-0.393219
-0.393178
-0.39315
-0.393172
-0.393167
-0.393185
-0.393216
-0.393231
-0.393215
-0.393159
-0.393094
-0.393147
-0.393161
-0.393163
-0.393157
-0.393136
-0.393117
-0.393109
-0.393078
-0.393047
-0.392975
-0.392897
-0.392849
-0.392816
-0.392816
-0.392816
-0.392809
-0.392817
-0.392804
-0.39275
-0.392732
-0.392738
-0.392735
-0.392795
-0.392825
-0.392844
-0.3929
-0.392961
-0.39301
-0.393019
-0.393004
-0.393015
-0.393045
