0.0993145
0.107223
0.112973
0.114247
0.112697
0.11195
0.111949
0.113049
0.116069
0.118404
0.119587
0.120301
0.120116
0.119298
0.119348
0.119095
0.118731
0.118518
0.117392
0.118002
0.119235
0.119363
0.118967
0.11814
0.11807
0.117997
0.117444
0.11744
0.117072
0.116555
0.116863
0.116943
0.117056
0.116717
0.116544
0.116189
0.115834
0.115887
0.115864
0.115712
0.115662
0.115471
0.115197
0.114882
0.114857
0.114741
0.114833
0.114565
0.114748
0.114868
0.114939
0.115311
0.115582
0.115499
0.115221
0.115198
0.115191
0.115179
0.115071
0.115124
0.114975
0.114851
0.114812
0.114957
0.115072
0.115161
0.115146
0.115093
0.115217
0.11548
0.115761
0.115969
0.115911
0.115758
0.115578
0.11535
0.115321
0.115339
0.11517
0.115196
0.115209
0.115344
0.115243
0.115317
0.115451
0.11532
0.115469
0.115691
0.115869
0.116113
0.116078
0.116058
0.116238
0.11642
0.116515
0.11656
0.116809
0.117054
0.117275
0.117463
0.117615
0.117647
0.117736
0.117747
0.117724
0.117775
0.117704
0.117604
0.117612
0.117552
0.117262
0.117203
0.117159
0.11726
0.11732
0.11722
0.117161
0.11723
0.117211
0.117317
0.117368
0.117323
0.117407
0.117268
0.117163
0.117206
0.117102
0.117063
0.11703
0.116931
0.116937
0.116876
0.116876
0.116841
0.116921
0.117015
0.117071
0.117064
0.117016
0.11694
0.116979
0.117046
0.117047
0.117043
0.117031
0.117076
0.117023
0.117007
0.116981
0.116835
0.11684
0.116853
0.116915
0.116962
0.116966
0.116914
0.116886
0.116765
0.116741
0.116767
0.116824
0.116746
0.116699
0.116689
0.116724
0.116819
0.116814
0.116815
0.116742
0.116744
0.1168
0.11681
0.116776
0.11677
0.116816
0.116924
0.116943
0.11699
0.116984
0.116961
0.117056
0.117115
0.117116
0.117108
0.117138
0.117231
0.117296
0.117294
0.117229
0.117201
0.117181
0.117195
0.117147
0.117123
0.117203
0.117331
0.117401
0.11738
0.11744
0.117433
0.117472
0.117535
0.1175
0.117483
0.117527
0.117552
0.117589
0.117584
0.117556
0.117566
0.117625
0.117646
0.11763
0.117681
0.117732
0.117745
0.117798
0.11778
0.117805
0.117875
0.117947
0.117964
0.118045
0.118156
0.11829
0.118375
0.118421
0.118437
0.118473
0.118442
0.118472
0.118506
0.118516
0.118416
0.118426
0.118384
0.118362
0.118344
0.11828
0.118325
0.118369
0.118386
0.118434
0.118504
0.118476
0.118517
0.118569
0.118606
0.118634
0.118644
0.118677
0.118704
0.118752
0.118853
0.118984
0.119063
0.119121
0.119188
0.119284
0.119344
0.119481
0.119518
0.119551
0.119631
0.119743
0.11982
0.119868
0.119874
0.119886
0.119937
0.119965
0.119925
0.119894
0.119899
0.119924
0.120003
0.12001
0.120011
0.120005
0.120022
0.120019
0.119939
0.119954
0.119986
0.120021
0.120003
0.120012
0.120002
0.120057
0.120035
0.120021
0.120041
0.120054
0.120021
0.120059
0.120155
0.120173
0.120193
0.120202
0.120163
0.120156
0.120188
0.120204
0.120184
0.120156
0.120108
0.120095
0.120062
0.12002
0.119985
0.119987
0.120019
0.120004
0.119987
0.120003
0.120012
0.120028
0.120036
0.120044
0.120098
0.120147
0.120178
0.120249
0.120321
0.120334
0.120363
0.120425
0.120454
0.120449
0.120495
0.120467
0.120467
0.120461
0.120429
0.120437
0.12039
0.120381
0.120353
0.120333
0.120311
0.120278
0.120253
0.120284
0.1203
0.120312
0.120278
0.120209
0.12019
0.120182
0.12021
0.120153
0.120165
0.120141
0.120092
0.120124
0.12013
0.120116
0.120152
0.120179
0.120218
0.120225
0.120215
0.120166
0.12017
0.120153
0.120155
0.120137
0.120125
0.120162
0.120159
0.120134
0.120126
0.120097
0.120091
0.120022
0.120002
0.120027
0.120026
0.12
0.119981
0.11997
0.119959
0.119963
0.119962
0.119919
0.119919
0.11992
0.119916
0.119963
0.11998
0.120027
0.120011
0.120053
0.120098
0.12011
0.120142
0.120149
0.120142
0.12015
0.120153
0.120176
0.120184
0.120192
0.120192
0.120222
0.120257
0.120231
0.120239
0.120241
0.120273
0.120305
0.120309
0.120294
0.120295
0.120358
0.120364
0.120372
0.120387
0.120415
0.120453
0.120508
0.120559
0.120535
0.120563
0.120563
0.120557
0.120564
0.120626
0.120615
0.120664
0.120698
0.120727
0.120734
0.120748
0.120767
0.120766
0.12077
0.120787
0.120775
0.12076
0.120744
0.120739
0.120746
0.120743
0.120727
0.12072
0.120723
0.120719
0.120695
0.120721
0.120693
0.1207
0.120701
0.120668
0.120652
0.120624
0.12065
0.120696
0.12071
0.120707
0.120729
0.120748
0.120801
0.120813
0.120825
0.120815
0.120852
0.120851
0.120877
0.12087
0.120897
0.120879
0.120899
0.120879
0.12086
0.120878
0.120857
0.120828
0.120852
0.120914
0.120894
0.120879
0.120838
0.120847
0.120877
0.120874
0.120882
0.120874
0.120874
0.12088
0.120904
0.120902
0.120911
0.120875
0.120909
0.120921
0.120928
0.120927
0.120927
0.120928
0.12093
0.120921
0.120911
0.120949
0.120951
0.120967
0.120969
0.120951
0.120984
0.121003
0.121009
0.121015
0.121016
0.121026
0.121022
0.121071
0.121067
0.121043
0.121047
0.12105
0.121078
0.121079
0.121083
0.121084
0.121113
0.121115
0.121145
0.121155
0.121168
0.121159
0.121125
0.121103
0.121102
0.121084
0.121055
0.121028
0.121041
0.121004
0.120986
0.120986
0.120979
0.120987
0.120964
0.120951
0.120946
0.120953
0.120992
0.120999
0.121049
0.121055
0.121083
0.121101
0.121107
0.121127
0.121179
0.121216
0.121243
0.121267
0.121254
0.121246
0.121249
0.121218
0.121235
0.121269
0.121252
0.121232
0.121239
0.12124
0.12125
0.121253
0.121259
0.121259
0.121275
0.121273
0.121247
0.121238
0.121228
0.121221
0.121198
0.121205
0.121214
0.121226
0.121235
0.121234
0.121217
0.121194
0.121182
0.121201
0.121237
0.121223
0.121229
0.121228
0.121232
0.121215
0.121197
0.121217
0.121197
0.121185
0.121195
0.121195
0.121206
0.121241
0.121237
0.121212
0.121197
0.121193
0.121179
0.121201
0.121217
0.121241
0.121257
0.121275
0.12126
0.121247
0.121264
0.121286
0.121292
0.121291
0.121296
0.121292
0.121289
0.12135
0.121366
0.121375
0.121363
0.121404
0.12143
0.121462
0.121517
0.121529
0.121554
0.121592
0.121613
0.121634
0.121652
0.121639
0.121643
0.121637
0.121628
0.121618
0.121611
0.121608
0.121615
0.121636
0.12162
0.12162
0.121618
0.121628
0.121636
0.121639
0.121623
0.121596
0.121589
0.121583
0.12159
0.121596
0.121621
0.121618
0.121605
0.121602
0.12162
0.121612
0.121611
0.121652
0.121682
0.121683
0.121668
0.121693
0.121715
0.121755
0.121789
0.121826
0.121834
0.121855
0.121863
0.121844
0.121817
0.121777
0.121756
0.121747
0.121771
0.121803
0.121803
0.121793
0.121818
0.121807
0.121819
0.121833
0.12183
0.121822
0.121832
0.121835
0.121851
0.121843
0.121815
0.121788
0.121768
0.121767
0.12176
0.121734
0.121721
0.121722
0.121714
0.121687
0.121699
0.1217
0.121681
0.121687
0.121684
0.121695
0.121699
0.12171
0.121725
0.121733
0.121727
0.121733
0.121748
0.12174
0.12174
0.121749
0.121751
0.121743
0.121735
0.121755
0.121776
0.121782
0.121796
0.121812
0.121816
0.12181
0.12181
0.121823
0.121807
0.121816
0.12183
0.12182
0.12181
0.121819
0.121844
0.121845
0.121819
0.121798
0.121791
0.121803
0.121789
0.121792
0.121795
0.121786
0.121786
0.121795
0.121808
0.121802
0.121813
0.12182
0.121808
0.121818
0.121843
0.121836
0.121841
0.12184
0.121841
0.121835
0.121842
0.12184
0.121835
0.121839
0.121862
0.121908
0.121889
0.121876
0.121858
0.121841
0.121834
0.121841
0.121842
0.12185
0.121845
0.12183
0.121811
0.121811
0.121832
0.121848
0.121832
0.121822
0.121802
0.121798
0.121807
0.121787
0.121812
0.121828
0.12184
0.121845
0.121831
0.121822
0.121829
0.121825
0.121825
0.121821
0.121803
0.12181
0.121821
0.121831
0.121834
0.121836
0.121838
0.121845
0.121847
0.121856
0.121857
0.121853
0.121864
0.121891
0.121902
0.121916
0.121926
0.12191
0.1219
0.121882
0.121869
0.12186
0.121854
0.121859
0.12185
0.121859
0.121846
0.121861
0.121848
0.121845
0.121856
0.12187
0.121877
0.12187
0.121865
0.121874
0.121874
0.121889
0.121887
0.121873
0.121892
0.121903
0.121893
0.121904
0.121908
0.121916
0.121918
0.121891
0.12187
0.121885
0.121905
0.121905
0.121897
0.1219
0.121897
0.121903
0.121906
0.1219
0.121896
0.12191
0.121922
0.12194
0.121947
0.12194
0.121954
0.121953
0.121938
0.121925
0.121925
0.121929
0.121924
0.121928
0.12194
0.121947
0.121951
0.121943
0.121926
0.121905
0.121904
0.121935
0.12194
0.121936
0.121943
0.121935
0.121913
0.121911
0.121911
0.121897
0.121895
0.121891
0.121889
0.121888
0.121884
0.121861
0.121848
0.121833
0.121817
0.121803
0.121787
0.121764
0.121766
0.121757
0.121758
0.121758
0.121733
0.121732
0.12174
0.121734
0.121721
0.12169
0.121678
0.121668
0.121648
0.121635
0.121615
0.121599
0.121588
0.121564
0.121543
0.121521
0.121505
0.121496
0.121505
0.121509
0.121504
0.121498
0.121498
0.121494
0.121471
0.121466
0.121449
0.12146
0.121464
0.121449
0.121454
0.121449
0.121451
0.121448
0.121442
0.121459
0.121475
0.121487
0.121477
0.121472
0.121461
0.121456
0.121447
0.121429
0.121414
0.121416
0.121423
0.121403
0.121389
0.12138
0.12137
0.121348
0.121351
0.121358
0.121359
0.121371
0.121354
0.121346
0.121357
0.121354
0.121357
0.121363
0.121369
0.121368
0.121357
0.121341
0.121365
0.121375
0.121386
0.121388
0.121377
0.121379
0.121385
0.121386
0.121389
0.121373
0.121354
0.121347
0.121341
0.121338
0.121331
0.121337
0.121336
0.121326
0.121313
0.121303
0.121307
0.121299
0.121318
0.121319
0.121325
0.121338
0.121352
0.121367
0.121371
0.121363
0.121369
0.121382
