1.79318
1.80804
1.83439
1.83477
1.83302
1.83408
1.83436
1.83405
1.84063
1.84842
1.854
1.85617
1.85478
1.85171
1.851
1.84916
1.84773
1.84612
1.84298
1.8444
1.84632
1.84683
1.84566
1.84296
1.84137
1.84035
1.83868
1.8373
1.83615
1.83471
1.83528
1.83651
1.83698
1.83582
1.83559
1.83457
1.83303
1.83333
1.83296
1.83198
1.83073
1.82968
1.82879
1.82834
1.82815
1.82831
1.82868
1.82886
1.83038
1.83086
1.83116
1.83279
1.83365
1.83319
1.83236
1.83254
1.83246
1.83254
1.83281
1.83359
1.8335
1.83302
1.833
1.83381
1.83422
1.83467
1.83525
1.83576
1.83645
1.83756
1.83851
1.83934
1.83872
1.83766
1.83668
1.83587
1.8357
1.83559
1.8352
1.8353
1.8357
1.83641
1.83653
1.83669
1.83708
1.83719
1.83779
1.83853
1.83952
1.84037
1.84066
1.84126
1.84198
1.84275
1.84338
1.84402
1.84495
1.84601
1.84657
1.84722
1.84794
1.84812
1.84885
1.84927
1.84925
1.84913
1.84889
1.84856
1.84844
1.84779
1.84696
1.84654
1.8463
1.84644
1.84658
1.84629
1.84599
1.84604
1.84615
1.84635
1.84664
1.84664
1.84696
1.84683
1.84657
1.8465
1.84625
1.84603
1.84589
1.84559
1.84543
1.84512
1.84513
1.84497
1.84511
1.8456
1.846
1.84588
1.8456
1.84531
1.84546
1.84581
1.84592
1.84599
1.84593
1.84593
1.846
1.84607
1.84594
1.84552
1.8456
1.84579
1.84588
1.84606
1.84613
1.84598
1.84574
1.84541
1.84531
1.84543
1.84534
1.84502
1.84482
1.8447
1.8449
1.84507
1.84502
1.84489
1.84468
1.8447
1.84494
1.84508
1.84488
1.84493
1.84528
1.84567
1.84595
1.84607
1.84602
1.84595
1.84613
1.84639
1.84649
1.84668
1.8469
1.84722
1.8475
1.84772
1.84752
1.84754
1.84764
1.84771
1.84763
1.84765
1.84798
1.84836
1.84861
1.84863
1.84883
1.84886
1.84904
1.84934
1.8494
1.84952
1.84977
1.84994
1.85012
1.85019
1.85014
1.85021
1.85061
1.8509
1.85096
1.85121
1.85142
1.85165
1.8519
1.85198
1.85212
1.85238
1.85257
1.85269
1.85298
1.85338
1.85406
1.85459
1.85493
1.85508
1.85533
1.85542
1.85551
1.85564
1.85575
1.85561
1.85556
1.8555
1.85537
1.85531
1.85517
1.8552
1.85533
1.85531
1.85552
1.85579
1.85583
1.85605
1.85639
1.85665
1.85681
1.85703
1.85722
1.85732
1.85756
1.85814
1.85882
1.85931
1.85958
1.8599
1.86024
1.86054
1.86094
1.86107
1.86126
1.86165
1.8621
1.86239
1.86254
1.86258
1.86279
1.86289
1.86306
1.86303
1.86294
1.86299
1.86309
1.8633
1.86334
1.86334
1.86345
1.8635
1.86344
1.86328
1.86327
1.86326
1.8634
1.86336
1.86336
1.86328
1.86333
1.86333
1.8633
1.86341
1.86343
1.86337
1.8635
1.86382
1.864
1.86416
1.86424
1.86413
1.86408
1.86416
1.86423
1.86422
1.86406
1.86383
1.86371
1.86362
1.86346
1.86333
1.8633
1.86335
1.86334
1.86333
1.86332
1.86332
1.86327
1.8632
1.86324
1.8633
1.86351
1.86359
1.8638
1.86415
1.86425
1.8644
1.86453
1.86471
1.86487
1.86501
1.86496
1.86498
1.86496
1.86491
1.86492
1.86482
1.86473
1.86456
1.86437
1.86427
1.86418
1.86406
1.86408
1.86418
1.86425
1.86414
1.86385
1.86371
1.86368
1.86366
1.86352
1.86344
1.86337
1.86322
1.86322
1.86323
1.86318
1.86316
1.86323
1.86336
1.8634
1.86337
1.86323
1.86321
1.86315
1.86317
1.86313
1.86309
1.86314
1.86319
1.86316
1.86317
1.86312
1.86307
1.86286
1.86273
1.86265
1.8626
1.86246
1.86232
1.86223
1.86222
1.8622
1.86212
1.86201
1.86201
1.86198
1.86199
1.86208
1.86213
1.86229
1.8624
1.86259
1.8628
1.86285
1.86295
1.863
1.86298
1.86299
1.86302
1.86312
1.86321
1.86325
1.86327
1.86339
1.86346
1.8634
1.8634
1.86342
1.86352
1.86361
1.8636
1.86359
1.86369
1.86384
1.86398
1.86403
1.86414
1.86428
1.8645
1.86477
1.86499
1.86504
1.86516
1.86518
1.86519
1.86529
1.86541
1.86545
1.86563
1.86577
1.86588
1.86586
1.86589
1.86597
1.86598
1.866
1.86604
1.86604
1.86605
1.86602
1.86594
1.8659
1.86582
1.86578
1.86581
1.86585
1.86586
1.86581
1.86586
1.86582
1.86585
1.86583
1.86572
1.86563
1.86559
1.86563
1.86577
1.86587
1.86588
1.86594
1.86603
1.86619
1.86631
1.86639
1.86641
1.86655
1.86661
1.8667
1.86668
1.86669
1.8667
1.8667
1.86666
1.86659
1.86656
1.86646
1.86634
1.86636
1.86646
1.86638
1.86626
1.86612
1.8661
1.86613
1.86614
1.86627
1.8663
1.86629
1.86636
1.86648
1.86653
1.86659
1.86655
1.86667
1.8668
1.86683
1.86686
1.86688
1.86686
1.86685
1.86685
1.86686
1.86698
1.86702
1.86708
1.86715
1.86715
1.86728
1.86739
1.86745
1.86749
1.86752
1.86758
1.8676
1.8677
1.86773
1.86765
1.8676
1.86757
1.8676
1.86762
1.8676
1.8676
1.86765
1.86768
1.8678
1.86782
1.86789
1.86783
1.86776
1.86767
1.8676
1.86754
1.86747
1.8674
1.86745
1.86738
1.86726
1.86716
1.86704
1.86701
1.86693
1.8669
1.86686
1.86688
1.86695
1.867
1.86719
1.86729
1.86737
1.86748
1.86754
1.86765
1.86784
1.86795
1.86805
1.8681
1.86809
1.86803
1.868
1.86793
1.86797
1.8681
1.86813
1.86811
1.86812
1.8682
1.86831
1.86837
1.86846
1.86854
1.8686
1.86859
1.86853
1.86853
1.86848
1.86845
1.86839
1.86834
1.86834
1.86834
1.86833
1.86832
1.86825
1.86819
1.86818
1.86819
1.86827
1.86828
1.86828
1.86826
1.86825
1.86821
1.8682
1.86822
1.86823
1.86821
1.8682
1.86819
1.86823
1.8683
1.86827
1.86824
1.86822
1.86819
1.86818
1.86826
1.86835
1.86848
1.8686
1.86866
1.86868
1.86866
1.86872
1.8688
1.86885
1.86888
1.8689
1.86887
1.86889
1.86904
1.8691
1.86913
1.86914
1.86929
1.86939
1.86955
1.86978
1.86992
1.87007
1.87028
1.87044
1.87057
1.87063
1.87063
1.87066
1.87066
1.87063
1.87062
1.87061
1.8706
1.87061
1.87062
1.8706
1.87061
1.87064
1.87069
1.87073
1.87078
1.87073
1.87061
1.87053
1.87053
1.87056
1.87059
1.87065
1.87067
1.87062
1.87063
1.87064
1.87064
1.87069
1.87082
1.87092
1.87094
1.87092
1.87099
1.8711
1.87126
1.87144
1.87156
1.87163
1.8717
1.87171
1.87168
1.87159
1.87144
1.87135
1.87131
1.87139
1.87148
1.87148
1.87149
1.87148
1.87148
1.87156
1.87158
1.87156
1.87154
1.87159
1.87166
1.87169
1.87161
1.8715
1.87137
1.87128
1.87124
1.87119
1.87112
1.87107
1.87106
1.87104
1.87097
1.87093
1.87088
1.87081
1.87082
1.87086
1.87089
1.87096
1.87102
1.87103
1.87104
1.87103
1.87102
1.87104
1.87104
1.87108
1.87112
1.87114
1.87114
1.87113
1.87117
1.87125
1.87125
1.8713
1.87136
1.87138
1.87136
1.87133
1.87129
1.87122
1.87125
1.87131
1.87129
1.87125
1.87126
1.87134
1.87133
1.87127
1.87123
1.87121
1.87122
1.87118
1.87117
1.87116
1.87115
1.87116
1.87118
1.87121
1.87121
1.87121
1.87119
1.87117
1.87122
1.87128
1.87132
1.87135
1.87134
1.87136
1.87133
1.87137
1.8714
1.87143
1.87148
1.8716
1.87175
1.87175
1.87171
1.87164
1.8716
1.87157
1.8716
1.87163
1.87166
1.87165
1.87158
1.87154
1.87154
1.87162
1.87167
1.87164
1.8716
1.87154
1.87152
1.87151
1.87149
1.87155
1.87163
1.87165
1.87162
1.87157
1.8715
1.87147
1.87145
1.87146
1.87145
1.87142
1.87146
1.87148
1.87152
1.87155
1.87157
1.87159
1.87163
1.87168
1.87173
1.87173
1.87172
1.87178
1.87189
1.87197
1.87205
1.87207
1.87203
1.87195
1.87185
1.87178
1.87179
1.87178
1.87182
1.87184
1.87186
1.87185
1.87186
1.87183
1.87182
1.87186
1.8719
1.87191
1.87188
1.87184
1.87183
1.87183
1.87185
1.87183
1.87177
1.87178
1.87178
1.87175
1.87172
1.87171
1.87173
1.87174
1.87169
1.87164
1.8717
1.87178
1.87183
1.87188
1.8719
1.87187
1.87188
1.87186
1.87182
1.87179
1.87183
1.87187
1.8719
1.8719
1.87191
1.87197
1.87198
1.87195
1.87192
1.87193
1.87195
1.87196
1.87199
1.87206
1.8721
1.87213
1.87211
1.87208
1.87202
1.87202
1.87207
1.87209
1.87209
1.87213
1.87213
1.87208
1.87209
1.8721
1.87206
1.87204
1.87201
1.87196
1.87192
1.87187
1.87179
1.87171
1.87162
1.87152
1.87143
1.87134
1.87125
1.87122
1.87117
1.87113
1.87111
1.87104
1.87099
1.87101
1.87096
1.87089
1.8708
1.87075
1.87071
1.87069
1.87066
1.87058
1.8705
1.87046
1.87038
1.87028
1.87017
1.87008
1.87006
1.87004
1.87003
1.87
1.86995
1.86993
1.86988
1.86982
1.86979
1.86976
1.86977
1.86979
1.86974
1.86975
1.86976
1.86976
1.86977
1.8698
1.8699
1.86999
1.87003
1.87001
1.86998
1.86996
1.86992
1.86986
1.86979
1.86973
1.8697
1.86967
1.86957
1.86952
1.86946
1.86941
1.86935
1.86933
1.86935
1.86938
1.86941
1.86937
1.86934
1.86936
1.86936
1.86937
1.8694
1.86942
1.8694
1.86935
1.86928
1.86934
1.86935
1.86935
1.86935
1.86932
1.86931
1.8693
1.86927
1.86924
1.86916
1.86909
1.86904
1.86901
1.86901
1.86901
1.869
1.86901
1.86899
1.86894
1.86892
1.86893
1.86892
1.86898
1.86901
1.86903
1.86909
1.86915
1.8692
1.86921
1.86919
1.8692
1.86923
