0
0.0079085
0.00734205
0.00534575
0.00442149
0.00368648
0.00311564
0.00291382
0.00396548
0.00424636
0.00401894
0.00373768
0.00344315
0.00329115
0.0030643
0.00287751
0.00272729
0.00258015
0.00268771
0.00262177
0.0027819
0.00265551
0.00256818
0.00259404
0.0024891
0.00239257
0.00236775
0.00228162
0.00223202
0.00221764
0.00216695
0.00209966
0.0020382
0.0020062
0.00195568
0.00193353
0.0019137
0.00186341
0.00181516
0.0017757
0.00173258
0.00170156
0.00168389
0.00167521
0.00163775
0.00160594
0.00157408
0.001564
0.00154263
0.00151624
0.00148789
0.00150559
0.00150161
0.00147588
0.00147524
0.00144882
0.0014232
0.0013985
0.00137885
0.0013567
0.00134254
0.00132657
0.00130593
0.00129363
0.00127874
0.00126232
0.00124343
0.00122616
0.0012147
0.00122574
0.00124045
0.00124071
0.00122499
0.00121793
0.00121494
0.00122043
0.00120481
0.0011894
0.00118636
0.00117171
0.00115724
0.00115099
0.00114156
0.00113032
0.00112491
0.00111935
0.00111631
0.00112572
0.00112712
0.00114091
0.00112884
0.00111668
0.0011192
0.00112204
0.00111424
0.00110349
0.00111996
0.00113539
0.00114523
0.00114923
0.00114791
0.00113707
0.00112947
0.00111862
0.00110816
0.00109886
0.00109088
0.00108535
0.00107538
0.00106727
0.0010965
0.00108831
0.00107951
0.00107473
0.00106701
0.00106243
0.00105495
0.00104819
0.00103952
0.00103629
0.00102895
0.00102144
0.00101653
0.00101774
0.00101509
0.00100793
0.00100532
0.000998198
0.000990995
0.000988307
0.000980753
0.000975209
0.000967849
0.000961243
0.000957418
0.000955007
0.000949668
0.000942786
0.000937192
0.000933603
0.000927756
0.000923652
0.000917171
0.000910789
0.000904562
0.00089948
0.00089494
0.000889011
0.000883418
0.000889496
0.0008836
0.000877857
0.000874312
0.000869898
0.000864275
0.000860245
0.000855217
0.00085841
0.000853329
0.000848373
0.000845033
0.00084344
0.000839577
0.000834498
0.000830176
0.000830634
0.000825664
0.000820736
0.000819108
0.000814277
0.000811394
0.000806728
0.000802782
0.000798176
0.000794957
0.000797726
0.000793445
0.00079033
0.000785926
0.000781875
0.000783315
0.000781221
0.000776942
0.000772753
0.000769153
0.000770556
0.000769201
0.000765102
0.000763747
0.000760257
0.000756536
0.000752732
0.000750353
0.000746864
0.000747304
0.000754313
0.000753778
0.000750254
0.000748905
0.000745192
0.000742516
0.000741497
0.00073864
0.000735215
0.000732975
0.00072982
0.000727223
0.000723734
0.00072082
0.000717453
0.000716465
0.000713403
0.000710228
0.000708703
0.000707269
0.00070411
0.000702843
0.000699841
0.00069708
0.000697416
0.000697925
0.000694995
0.000696632
0.000702251
0.000711928
0.000713777
0.000712111
0.000709161
0.000706979
0.000704584
0.00070219
0.000699961
0.000697031
0.000701285
0.000698368
0.000696642
0.000694043
0.00069136
0.000691416
0.000689982
0.000688509
0.000685869
0.000684745
0.000685458
0.000683209
0.000681637
0.000680922
0.000679154
0.000677001
0.000674354
0.000672472
0.000670353
0.000669429
0.000674437
0.000684347
0.000686216
0.000686026
0.000686629
0.000690739
0.00069063
0.000701642
0.000699925
0.00069801
0.000700029
0.000706216
0.000707826
0.000706767
0.000704153
0.000701636
0.000700868
0.000698864
0.000697455
0.000695609
0.000693089
0.000691023
0.000693021
0.000690547
0.00068806
0.000685618
0.000683369
0.000680938
0.000683255
0.000681003
0.000679342
0.000677877
0.000675745
0.000673454
0.000671196
0.000671172
0.000669225
0.00066707
0.000665074
0.000662926
0.000661464
0.000660331
0.000665002
0.000662999
0.000661072
0.000658917
0.000657864
0.000655713
0.00065433
0.000652375
0.00065055
0.000648994
0.000648675
0.000646689
0.000645447
0.000644706
0.000643585
0.000641514
0.000640291
0.00063842
0.000636608
0.000634788
0.000632832
0.000631037
0.000629108
0.000627177
0.000627523
0.000627478
0.000626299
0.000628457
0.000630643
0.000628821
0.000627553
0.000628752
0.000627479
0.000625585
0.000625403
0.000624151
0.000622269
0.000620421
0.000619417
0.000617623
0.000617592
0.000615817
0.000614669
0.000613175
0.000611755
0.000610856
0.000609562
0.000608547
0.00060699
0.000605347
0.000604516
0.000606804
0.000605354
0.000603665
0.000602588
0.000603566
0.000601962
0.000600726
0.000601015
0.000600147
0.000598498
0.000596998
0.000596427
0.000595394
0.000595016
0.000593397
0.000591837
0.000592244
0.00059063
0.00058926
0.000587654
0.000586337
0.000584867
0.000584483
0.000582909
0.000581904
0.000580384
0.00057958
0.000578058
0.000580586
0.000579393
0.000578394
0.000576862
0.00057593
0.000574738
0.000573326
0.000571931
0.000570453
0.000568968
0.000569083
0.000567607
0.000566139
0.000564699
0.000565216
0.000564041
0.000564499
0.000563285
0.00056347
0.000563777
0.000562495
0.000561957
0.000560589
0.000559223
0.000557868
0.00055648
0.000555563
0.000554247
0.000552922
0.000551552
0.000551021
0.000550747
0.000549977
0.000548674
0.000547337
0.000546945
0.000546512
0.000545196
0.00054407
0.000542756
0.00054507
0.000543791
0.000542546
0.000541447
0.000540854
0.000540932
0.000542397
0.000543506
0.000542711
0.000542109
0.000540832
0.000539595
0.000538374
0.000540702
0.000539544
0.000540545
0.000540334
0.000539866
0.000538658
0.000537613
0.000536691
0.00053546
0.000534253
0.000533306
0.000532234
0.000531233
0.00053027
0.00052909
0.000527941
0.000526763
0.000525803
0.000524671
0.000523505
0.000522348
0.000521739
0.000521232
0.00052083
0.000519716
0.000518568
0.000518476
0.000517574
0.000517166
0.000516664
0.000517571
0.000516644
0.000515528
0.000514885
0.000514099
0.000515738
0.000514776
0.000513807
0.000512816
0.000513048
0.00051195
0.00051153
0.00051049
0.000510122
0.000509369
0.000508672
0.000507975
0.000507274
0.000506525
0.000505885
0.000505656
0.00050516
0.000507969
0.000507314
0.000506499
0.000507064
0.000506083
0.000505934
0.000504899
0.000503924
0.000502951
0.000501921
0.000500928
0.000500484
0.000499469
0.000498531
0.000498783
0.000498908
0.000498048
0.0004971
0.000496103
0.000495108
0.000494117
0.000493132
0.000492223
0.000491343
0.000491807
0.000490837
0.000490118
0.000489159
0.000488559
0.00048871
0.000488132
0.000487212
0.000486296
0.000485348
0.000484511
0.000483589
0.000485181
0.000484259
0.000483896
0.000482974
0.000482056
0.000481951
0.000481027
0.00048013
0.000479213
0.000479195
0.000478286
0.000478365
0.00047756
0.000476842
0.000476045
0.000476341
0.000475925
0.000475033
0.000474488
0.000474484
0.000474341
0.000473624
0.000474181
0.00047365
0.000472772
0.000471943
0.000471141
0.000470851
0.000470163
0.000469323
0.000468517
0.000469274
0.000468471
0.000470273
0.000469447
0.000469443
0.000468954
0.000468148
0.000467715
0.000469789
0.000470355
0.000470309
0.000470052
0.000469386
0.000468619
0.000467797
0.000468003
0.000467466
0.000467863
0.000467339
0.000466916
0.000466142
0.000465321
0.000464611
0.000463807
0.000463025
0.000462216
0.000461658
0.000460857
0.000460773
0.000460061
0.000459364
0.000458627
0.000458394
0.000457653
0.000456959
0.000456315
0.000455618
0.000454838
0.000454355
0.00045417
0.000453544
0.000453152
0.000453847
0.00045329
0.000452553
0.000451789
0.000451052
0.000450606
0.000450243
0.00044996
0.000449669
0.000449059
0.000448417
0.000447669
0.00044705
0.000447728
0.000447005
0.000446956
0.000446478
0.000445762
0.000445227
0.00044503
0.000444601
0.000444476
0.00044406
0.000443687
0.000443222
0.000442675
0.000442255
0.000442127
0.000441441
0.000440727
0.000440053
0.000439367
0.000438665
0.000442147
0.000441722
0.0004411
0.000440538
0.000441693
0.000441764
0.000442239
0.000444943
0.000444391
0.000444393
0.000445324
0.000445093
0.000444895
0.000444575
0.000444089
0.000443411
0.000442747
0.000442152
0.000441585
0.000440942
0.000440265
0.000439636
0.000439453
0.000439076
0.000438396
0.000437725
0.000437179
0.000436565
0.000435909
0.000435528
0.000435741
0.00043512
0.000434504
0.000433899
0.00043328
0.000433347
0.000432696
0.000432238
0.000431599
0.000431338
0.000430768
0.000430118
0.000431414
0.000431842
0.000431194
0.00043079
0.00043088
0.000430788
0.000431998
0.000432716
0.000433639
0.000433071
0.000432898
0.00043233
0.000432086
0.000432298
0.00043346
0.000433351
0.000432818
0.000432865
0.000433454
0.000432819
0.000432303
0.00043236
0.000431861
0.000431396
0.000431005
0.000430388
0.000429846
0.000429335
0.000428726
0.000428417
0.000427875
0.000428203
0.000428407
0.00042829
0.000427676
0.000427122
0.000427285
0.000426882
0.000426276
0.00042575
0.000425991
0.000425555
0.000424953
0.000424793
0.000424238
0.000423652
0.000423211
0.000422629
0.000422201
0.000421846
0.00042133
0.000420779
0.000420234
0.000419926
0.000419423
0.00041884
0.000418353
0.000417777
0.00041727
0.000416774
0.000416654
0.000416613
0.000416087
0.000415762
0.000415494
0.000414946
0.000414434
0.000413867
0.000413499
0.000413235
0.000412757
0.000412421
0.000411972
0.000411533
0.000411069
0.000411262
0.000410707
0.000410955
0.000410935
0.000410441
0.000410072
0.000409766
0.000409231
0.000408694
0.000408248
0.000407703
0.000407262
0.000406913
0.000406409
0.000406006
0.000405533
0.000405159
0.000404747
0.000404943
0.000404462
0.000403959
0.00040343
0.000402904
0.000402431
0.000401973
0.000401454
0.000400954
0.000400448
0.000400571
0.000402739
0.00040268
0.000402362
0.000402232
0.0004021
0.000401629
0.000401163
0.000400646
0.000400213
0.000399726
0.000399489
0.000399445
0.000398933
0.000398947
0.000398752
0.000398549
0.000398171
0.000398153
0.000397665
0.000397252
0.000397254
0.000397522
0.000397359
0.00039703
0.000396561
0.000396311
0.000395916
0.000395494
0.000395021
0.000394525
0.000394049
0.000393971
0.000393534
0.000393201
0.000392849
0.000392371
0.000391887
0.000391403
0.000390995
0.000390513
0.000390145
0.000389663
0.000389199
0.000388874
0.000389332
0.000388998
0.000388768
0.000388436
0.000388313
0.000387962
0.000387907
0.00038764
0.00038728
0.000386855
0.000386426
0.000386062
0.000385698
0.000385471
0.000385327
0.000385094
0.000384641
0.000384327
0.000384121
0.000383726
0.000383336
0.000382909
0.000382565
0.000382107
0.000381943
0.000381496
0.000381279
0.000381277
0.000381
0.000380675
0.000380364
0.000379942
0.000379575
0.00037913
0.000379704
0.000379797
0.000379655
0.000379728
0.000379281
0.000378919
0.000378486
0.00037806
0.00037768
0.000377247
0.000376859
0.000376437
0.000376259
0.000376023
0.00037599
0.000375625
0.000375264
0.00037511
0.000374677
0.000374568
0.000374346
0.000373914
0.000373503
0.000373107
0.000372701
0.00037247
0.000372102
0.000371702
0.000371361
0.000371327
0.000371513
0.00037109
0.000371963
0.000371579
0.000371179
0.000370821
0.000370479
0.000370708
0.000370296
0.000369878
0.000369708
0.000369294
0.000368903
0.000368496
0.000368082
0.000367689
0.000367993
0.000367815
0.000367712
0.000367645
0.000367488
0.000367435
0.000367759
0.000367357
0.000367056
0.000366649
0.000366243
0.000366664
0.000366262
0.000365939
0.000365579
0.000365409
0.000366323
0.000366111
0.000365839
0.000366007
0.000365833
0.000365962
0.000365925
0.000365682
0.000366056
0.000366275
0.00036654
0.000366501
0.000366198
0.000365896
0.00036552
0.000365156
0.000364809
0.000364414
0.000364036
0.00036439
0.00036403
0.000364037
0.000363803
0.000363438
0.00036336
0.000363001
0.000362638
0.000362255
0.000361881
0.000361542
0.000361528
0.000361523
0.00036132
0.000361064
0.000360722
0.000360494
0.000360147
0.000359878
0.000359956
0.000359867
0.000359493
0.000359179
0.000359366
0.000359259
0.000359006
0.000358765
0.000359038
0.000358674
0.000358362
0.000357987
0.00035783
0.000357864
0.000357578
0.000357387
0.000357028
0.000356665
0.000356348
0.000356025
0.000355658
0.000355436
0.000355442
0.000355899
0.000355674
0.000355479
0.000355116
0.000354914
0.000354557
0.000354234
0.000353873
0.000353522
0.000353523
0.00035364
0.000353359
0.000353046
0.000352705
0.00035241
0.000352109
0.000351753
0.000351551
0.000351446
0.000351217
0.000350878
0.000350602
0.000350742
0.000350392
0.000350081
0.000349985
0.000349925
0.000349874
0.000349553
0.0003493
0.000348997
0.000348887
