0
0.00990616
0.0184776
0.0130681
0.0101892
0.00834897
0.00705868
0.00611657
0.00695463
0.00810437
0.00822041
0.00764238
0.0070911
0.00687648
0.0064189
0.00612828
0.00583558
0.00560522
0.00570091
0.00549023
0.00537698
0.00513823
0.00497123
0.0050899
0.00499602
0.0048478
0.00479539
0.00471143
0.00461001
0.004556
0.00442288
0.00436009
0.00423759
0.00418331
0.004065
0.00400845
0.00403166
0.00392923
0.0038352
0.00379473
0.00379285
0.00376698
0.00372604
0.00365279
0.00357293
0.00349599
0.00342962
0.0033595
0.00344342
0.00338909
0.00332777
0.00344124
0.00342336
0.00337346
0.00335665
0.00329817
0.00324022
0.0031843
0.00313507
0.00312592
0.00307483
0.0030412
0.00299257
0.00299384
0.00296025
0.00293044
0.00291222
0.00288904
0.00288383
0.00293712
0.0029638
0.00297413
0.00296205
0.00300525
0.00303642
0.00304463
0.003007
0.00296898
0.00294304
0.00290688
0.00288318
0.00288593
0.00285214
0.00282011
0.0027986
0.00276686
0.00276411
0.00277679
0.002823
0.00284865
0.00282391
0.00282123
0.00283218
0.00284811
0.00284866
0.00285084
0.00288989
0.00294621
0.00294002
0.00294209
0.00295212
0.0029255
0.00293722
0.00292228
0.00289434
0.00286786
0.0028456
0.00282753
0.00280268
0.00281035
0.00284044
0.00282859
0.00280781
0.00278452
0.00276174
0.00274457
0.00272813
0.00270507
0.00268327
0.00266405
0.00264916
0.00262735
0.00261478
0.00259506
0.00258002
0.00255997
0.00254512
0.00252952
0.00251146
0.00250011
0.00248316
0.0024728
0.00245415
0.00243818
0.00242175
0.00242596
0.00242284
0.00240639
0.00239654
0.00238704
0.00237221
0.00236678
0.00235119
0.00233537
0.00231963
0.00230369
0.0022885
0.00227342
0.00225986
0.00226164
0.00224728
0.00223571
0.00222198
0.00221071
0.00219683
0.00218489
0.00217671
0.00217441
0.00216157
0.00214941
0.00213694
0.00213378
0.00212493
0.00211363
0.00210541
0.00209544
0.00208303
0.00207262
0.00206508
0.00205297
0.00204708
0.00203733
0.00203004
0.00201865
0.00202064
0.00202575
0.00202262
0.00201282
0.00200177
0.00199114
0.00198353
0.0019804
0.00197067
0.0019638
0.00195889
0.00196027
0.00195845
0.00195329
0.00194726
0.00193702
0.00192798
0.00191847
0.00190912
0.0018993
0.00190212
0.00190881
0.00190686
0.00189725
0.00189204
0.00188268
0.00187738
0.00187829
0.00186949
0.00186204
0.00186061
0.00185492
0.00184976
0.00184144
0.00183297
0.00182494
0.00183584
0.00183695
0.00182875
0.00182789
0.00182464
0.00182281
0.00182224
0.0018146
0.0018085
0.00180894
0.0018052
0.00179886
0.00180072
0.00181257
0.00186097
0.00188626
0.00189127
0.00188582
0.00188471
0.00187737
0.00187017
0.00186415
0.00185777
0.00185211
0.00184457
0.00183718
0.00183145
0.00182417
0.00181885
0.00181132
0.00180597
0.00179853
0.00179641
0.0017978
0.0017907
0.0017896
0.0017967
0.00179785
0.00179354
0.00179232
0.00178999
0.00178401
0.00178443
0.00181814
0.00186742
0.00188789
0.00188921
0.00189387
0.00190047
0.00190327
0.00191476
0.00190953
0.00190656
0.00191715
0.00193241
0.00193482
0.00193046
0.00192338
0.00192131
0.00191535
0.00191177
0.00190486
0.00189883
0.00189222
0.00188651
0.00188491
0.00187822
0.00187146
0.0018662
0.00185986
0.00185374
0.00185029
0.00184375
0.00183725
0.00183303
0.00182684
0.00182046
0.00181488
0.00180889
0.00180264
0.00179657
0.00179201
0.00178591
0.00178019
0.00177621
0.00178291
0.00178115
0.00177825
0.00177311
0.00176877
0.00176312
0.001758
0.00175275
0.00174699
0.00174451
0.00174557
0.00174169
0.00173692
0.00173459
0.00173131
0.00172586
0.00172066
0.00171516
0.00170972
0.00170428
0.00169888
0.00169383
0.00168912
0.00168398
0.0016792
0.00167997
0.00167549
0.00167641
0.00168687
0.00168319
0.0016809
0.00167802
0.00167693
0.00167538
0.00167304
0.00166833
0.00166333
0.00165836
0.00165379
0.00164886
0.00164522
0.00164153
0.00164077
0.00164055
0.00163724
0.00163344
0.00163058
0.0016259
0.00162249
0.00161843
0.00161546
0.0016221
0.00162027
0.0016157
0.00161117
0.00160904
0.00160541
0.00160153
0.00160003
0.00159552
0.00159105
0.00158696
0.00158255
0.00157882
0.0015766
0.00157248
0.00156823
0.00156657
0.00156231
0.00155866
0.00155445
0.00155039
0.00154645
0.00154263
0.00153875
0.0015347
0.00153058
0.00152678
0.0015231
0.0015255
0.00152393
0.00152074
0.00151712
0.00151621
0.00151486
0.0015122
0.00150825
0.00150436
0.00150128
0.00149913
0.00149524
0.00149148
0.00148764
0.00148508
0.00148161
0.00148203
0.00147988
0.00148173
0.00148434
0.00148103
0.0014787
0.00147538
0.00147178
0.00146812
0.00146453
0.00146245
0.00146002
0.00145672
0.00145314
0.00145193
0.00144905
0.00144607
0.00144252
0.0014391
0.00143692
0.00143481
0.00143134
0.00142789
0.00142595
0.00142605
0.00142574
0.0014227
0.00142112
0.00142112
0.00142474
0.00143317
0.00143689
0.00143391
0.00143274
0.00142941
0.00142611
0.00142411
0.00142308
0.00142005
0.0014215
0.00142152
0.00142017
0.00141698
0.00141387
0.00141165
0.00140841
0.0014053
0.00140233
0.00139913
0.00139598
0.00139294
0.00139085
0.00138798
0.00138585
0.00138303
0.00138008
0.0013772
0.00137415
0.00137146
0.00136881
0.00136602
0.00136312
0.0013602
0.00135915
0.00135741
0.00135476
0.00135207
0.00135245
0.00135109
0.00134816
0.001346
0.00134441
0.00134543
0.0013449
0.00134323
0.0013404
0.00134065
0.00133844
0.0013368
0.00133401
0.0013312
0.00132839
0.00132558
0.00132298
0.00132103
0.00131839
0.00131747
0.00131722
0.00131454
0.00131356
0.0013119
0.00131165
0.00131227
0.00130965
0.00130714
0.00130447
0.00130456
0.00130202
0.00129936
0.00129739
0.00129737
0.00129513
0.0012931
0.0012908
0.00129084
0.00129102
0.00128858
0.00128623
0.00128367
0.00128117
0.00127861
0.00127606
0.00127353
0.0012733
0.00127117
0.00126932
0.00126752
0.00126503
0.00126557
0.00126517
0.00126319
0.00126108
0.00125878
0.00125686
0.0012545
0.00125393
0.00125163
0.0012502
0.00124836
0.00124605
0.00124382
0.00124147
0.00123915
0.00123678
0.00123486
0.00123271
0.00123293
0.00123067
0.00122927
0.00122769
0.00122633
0.00122545
0.00122387
0.00122223
0.00122088
0.0012197
0.00121789
0.00121644
0.0012167
0.00121629
0.0012169
0.00121476
0.00121381
0.00121176
0.00120976
0.00120761
0.00120623
0.00120456
0.0012088
0.00120865
0.00120769
0.00120753
0.0012061
0.00120603
0.00121014
0.00121037
0.00120992
0.00120835
0.00120622
0.00120478
0.00120281
0.00120163
0.00119986
0.00120096
0.001199
0.00119699
0.00119493
0.00119405
0.00119417
0.00119274
0.00119219
0.00119122
0.00118974
0.00118767
0.00118631
0.00118425
0.00118264
0.00118076
0.00117956
0.00117793
0.0011759
0.00117389
0.00117189
0.00116994
0.00116882
0.0011675
0.00116553
0.00116356
0.0011628
0.00116087
0.0011589
0.00115702
0.00115509
0.00115346
0.00115154
0.00114966
0.00114774
0.00114591
0.00114401
0.0011421
0.00114052
0.00113944
0.00113768
0.00113604
0.00113426
0.0011325
0.00113068
0.00113026
0.00112984
0.00113157
0.00113238
0.00113131
0.00112952
0.00112775
0.00112662
0.00112594
0.00112459
0.00112302
0.00112125
0.00111959
0.0011179
0.00112045
0.00111942
0.00111773
0.00111598
0.00111846
0.00111879
0.00112233
0.00113063
0.00113269
0.00113503
0.00114242
0.00114558
0.00114701
0.00114581
0.00114401
0.00114247
0.00114068
0.00113906
0.0011373
0.00113556
0.00113379
0.00113205
0.0011303
0.00112866
0.00112697
0.0011254
0.00112406
0.00112275
0.00112149
0.00112029
0.00112134
0.00112092
0.00111921
0.00111771
0.00111619
0.00111518
0.00111355
0.00111225
0.00111059
0.00110894
0.00110726
0.00110602
0.00110789
0.00110818
0.0011066
0.00110508
0.00110451
0.00110536
0.00110889
0.0011132
0.00111449
0.00111383
0.00111326
0.00111164
0.00111027
0.00111023
0.00111308
0.00111286
0.00111152
0.00111091
0.00111096
0.00110933
0.00110774
0.00110616
0.00110455
0.0011042
0.00110274
0.00110124
0.00109969
0.00109855
0.00109798
0.00109652
0.0010962
0.00109699
0.00109885
0.00109896
0.00109777
0.00109663
0.00109607
0.00109495
0.00109341
0.00109198
0.00109136
0.00109013
0.00108912
0.00108846
0.00108693
0.00108572
0.00108443
0.00108382
0.00108313
0.00108161
0.00108012
0.00107864
0.00107714
0.0010757
0.00107421
0.00107311
0.00107197
0.00107052
0.00106905
0.00106764
0.00106656
0.00106636
0.0010649
0.00106397
0.00106335
0.00106196
0.00106066
0.00105938
0.00105819
0.0010579
0.00105669
0.00105612
0.00105479
0.0010537
0.00105228
0.00105239
0.00105099
0.00105043
0.00104933
0.00104801
0.00104664
0.00104572
0.00104433
0.00104294
0.00104158
0.00104021
0.00103891
0.0010377
0.00103632
0.00103495
0.00103361
0.00103232
0.00103137
0.00103089
0.00102985
0.00102869
0.00102735
0.00102606
0.00102492
0.00102393
0.00102276
0.00102175
0.00102081
0.00102283
0.00102662
0.0010253
0.00102435
0.00102399
0.00102303
0.00102193
0.00102081
0.00101981
0.00101861
0.0010173
0.00101713
0.00101616
0.00101486
0.00101495
0.0010142
0.00101309
0.0010123
0.00101158
0.00101041
0.00100916
0.00100796
0.00100756
0.00100752
0.00100635
0.00100524
0.00100467
0.00100448
0.00100339
0.00100218
0.00100094
0.000999739
0.000998605
0.000997597
0.000996522
0.000995551
0.000994596
0.000993388
0.000992256
0.000991519
0.000990705
0.000990114
0.000988891
0.000987672
0.000987221
0.000988536
0.000988887
0.000989174
0.00098805
0.000987283
0.000987448
0.000988654
0.000988355
0.000987159
0.000985974
0.000985156
0.000983991
0.000982916
0.000981739
0.000980558
0.000979492
0.000978368
0.000977545
0.000976717
0.00097562
0.000974753
0.000973912
0.000972756
0.0009716
0.000970616
0.000969589
0.000969264
0.000968125
0.000966976
0.000966118
0.000965104
0.000964019
0.000962985
0.000961865
0.000961359
0.000960672
0.000960355
0.000960807
0.000960099
0.000959525
0.00095859
0.000957738
0.000956647
0.000955645
0.000954909
0.000954001
0.00095332
0.000952601
0.000951706
0.0009506
0.00094951
0.000949176
0.000948138
0.000947247
0.000946487
0.000945467
0.000944433
0.000943368
0.000942503
0.000942491
0.000941936
0.000940967
0.000939969
0.000939028
0.000938974
0.000937903
0.000937426
0.000936498
0.000935436
0.000934725
0.000933665
0.000933123
0.00093209
0.000931053
0.000930331
0.000929413
0.000928582
0.00092811
0.000927446
0.000927005
0.000927499
0.000927968
0.000928957
0.000930306
0.000931239
0.00093209
0.000932908
0.000932158
0.000931687
0.000930908
0.000929973
0.000930264
0.000929722
0.000928764
0.000928358
0.000928429
0.000929413
0.00092899
0.000928315
0.000927466
0.000926678
0.000926889
0.000927371
0.000926885
0.000927157
0.000928733
0.00093061
0.000931387
0.000930501
0.000929619
0.000928625
0.000927911
0.000927317
0.00092649
0.00092608
0.000925788
0.000925052
0.000924283
0.000923317
0.000922477
0.00092213
0.000921144
0.000920194
0.000919213
0.000918235
0.000917474
0.000918983
0.000920098
0.000919421
0.0009185
0.000917853
0.000916974
0.000916277
0.000916325
0.000916486
0.000916328
0.000915562
0.000914901
0.000915983
0.000915824
0.00091572
0.000915364
0.000915291
0.000914379
0.000913499
0.000912769
0.000911979
0.000911445
0.000910686
0.000909865
0.000908925
0.00090806
0.00090735
0.000906462
0.000905585
0.000905412
0.000905517
0.000905259
0.000904378
0.000903447
0.000902526
0.00090171
0.000900868
0.000899958
0.000899285
0.000898589
0.000898978
0.000899551
0.0008992
0.00089854
0.000897625
0.000896711
0.000895811
0.000894916
0.000894054
0.000893855
0.000893034
0.00089214
0.000891241
0.000891224
0.000890554
0.000889748
0.000889637
0.000889683
0.000889388
0.000888515
0.000887678
0.000886818
0.000886155
