0
0.0148592
0.0277164
0.0196021
0.0152837
0.0125235
0.010588
0.00917485
0.0104319
0.0121566
0.0123306
0.0114636
0.0106367
0.0103147
0.00962835
0.00919242
0.00875337
0.00840783
0.00855137
0.00823535
0.00806547
0.00770735
0.00745685
0.00763486
0.00749403
0.0072717
0.00719309
0.00706714
0.00691501
0.006834
0.00663432
0.00654014
0.00635638
0.00627497
0.00609751
0.00601267
0.00604749
0.00589385
0.0057528
0.0056921
0.00568927
0.00565047
0.00558906
0.00547918
0.0053594
0.00524398
0.00514442
0.00503925
0.00516512
0.00508363
0.00499165
0.00516185
0.00513504
0.00506019
0.00503497
0.00494726
0.00486033
0.00477645
0.00470261
0.00468887
0.00461224
0.00456179
0.00448886
0.00449077
0.00444037
0.00439566
0.00436833
0.00433356
0.00432574
0.00440567
0.00444569
0.00446119
0.00444308
0.00450787
0.00455463
0.00456694
0.00451051
0.00445347
0.00441457
0.00436032
0.00432477
0.0043289
0.00427821
0.00423017
0.00419791
0.00415029
0.00414616
0.00416519
0.0042345
0.00427297
0.00423586
0.00423184
0.00424827
0.00427216
0.00427299
0.00427627
0.00433484
0.00441931
0.00441003
0.00441314
0.00442818
0.00438825
0.00440584
0.00438342
0.00434151
0.00430179
0.00426839
0.00424129
0.00420402
0.00421553
0.00426066
0.00424289
0.00421171
0.00417678
0.00414261
0.00411685
0.0040922
0.00405761
0.0040249
0.00399608
0.00397374
0.00394103
0.00392216
0.0038926
0.00387003
0.00383995
0.00381768
0.00379428
0.0037672
0.00375017
0.00372474
0.0037092
0.00368122
0.00365727
0.00363262
0.00363893
0.00363426
0.00360958
0.00359481
0.00358056
0.00355832
0.00355017
0.00352678
0.00350306
0.00347945
0.00345554
0.00343275
0.00341013
0.00338979
0.00339246
0.00337092
0.00335356
0.00333298
0.00331606
0.00329525
0.00327734
0.00326507
0.00326161
0.00324236
0.00322411
0.0032054
0.00320067
0.0031874
0.00317045
0.00315812
0.00314316
0.00312455
0.00310892
0.00309762
0.00307946
0.00307062
0.00305599
0.00304506
0.00302798
0.00303095
0.00303862
0.00303394
0.00301922
0.00300265
0.00298671
0.00297529
0.0029706
0.00295601
0.00294571
0.00293833
0.00294041
0.00293767
0.00292994
0.00292089
0.00290553
0.00289198
0.00287771
0.00286368
0.00284894
0.00285317
0.00286321
0.00286029
0.00284587
0.00283805
0.00282402
0.00281608
0.00281743
0.00280423
0.00279306
0.00279092
0.00278239
0.00277463
0.00276216
0.00274946
0.00273741
0.00275377
0.00275542
0.00274313
0.00274183
0.00273696
0.00273421
0.00273336
0.0027219
0.00271275
0.00271341
0.0027078
0.00269829
0.00270108
0.00271885
0.00279146
0.00282938
0.0028369
0.00282873
0.00282706
0.00281605
0.00280526
0.00279623
0.00278665
0.00277817
0.00276685
0.00275577
0.00274717
0.00273626
0.00272828
0.00271698
0.00270896
0.00269779
0.00269462
0.00269671
0.00268604
0.0026844
0.00269505
0.00269677
0.00269032
0.00268848
0.00268498
0.00267602
0.00267665
0.00272722
0.00280112
0.00283184
0.00283382
0.00284081
0.00285071
0.0028549
0.00287214
0.0028643
0.00285984
0.00287573
0.00289861
0.00290223
0.00289569
0.00288507
0.00288197
0.00287303
0.00286765
0.00285728
0.00284824
0.00283834
0.00282976
0.00282736
0.00281734
0.00280719
0.0027993
0.00278979
0.00278062
0.00277543
0.00276563
0.00275587
0.00274954
0.00274025
0.00273069
0.00272232
0.00271333
0.00270396
0.00269486
0.00268801
0.00267886
0.00267029
0.00266432
0.00267437
0.00267172
0.00266737
0.00265966
0.00265316
0.00264469
0.00263699
0.00262913
0.00262049
0.00261676
0.00261836
0.00261253
0.00260538
0.00260188
0.00259697
0.00258879
0.00258099
0.00257274
0.00256457
0.00255642
0.00254832
0.00254075
0.00253367
0.00252598
0.0025188
0.00251995
0.00251324
0.00251461
0.00253031
0.00252479
0.00252134
0.00251702
0.00251539
0.00251306
0.00250956
0.0025025
0.002495
0.00248754
0.00248068
0.00247329
0.00246783
0.0024623
0.00246116
0.00246082
0.00245585
0.00245017
0.00244587
0.00243885
0.00243374
0.00242765
0.00242319
0.00243314
0.00243041
0.00242355
0.00241676
0.00241356
0.00240811
0.0024023
0.00240005
0.00239329
0.00238658
0.00238044
0.00237383
0.00236824
0.0023649
0.00235872
0.00235235
0.00234985
0.00234347
0.00233799
0.00233168
0.00232558
0.00231967
0.00231395
0.00230813
0.00230205
0.00229588
0.00229018
0.00228465
0.00228825
0.0022859
0.00228111
0.00227568
0.00227432
0.00227229
0.00226829
0.00226238
0.00225654
0.00225193
0.00224869
0.00224286
0.00223723
0.00223146
0.00222761
0.00222241
0.00222305
0.00221982
0.00222259
0.00222651
0.00222154
0.00221805
0.00221308
0.00220767
0.00220219
0.0021968
0.00219368
0.00219003
0.00218509
0.00217971
0.0021779
0.00217357
0.0021691
0.00216378
0.00215864
0.00215538
0.00215221
0.00214701
0.00214183
0.00213893
0.00213907
0.00213861
0.00213405
0.00213168
0.00213168
0.00213711
0.00214975
0.00215534
0.00215087
0.00214911
0.00214411
0.00213916
0.00213617
0.00213462
0.00213007
0.00213225
0.00213227
0.00213025
0.00212546
0.0021208
0.00211748
0.00211262
0.00210795
0.00210349
0.0020987
0.00209398
0.00208942
0.00208628
0.00208197
0.00207877
0.00207455
0.00207012
0.00206581
0.00206123
0.00205719
0.00205321
0.00204903
0.00204468
0.00204029
0.00203873
0.00203612
0.00203214
0.00202811
0.00202867
0.00202664
0.00202225
0.00201901
0.00201661
0.00201814
0.00201734
0.00201485
0.00201061
0.00201097
0.00200766
0.0020052
0.00200101
0.0019968
0.00199259
0.00198838
0.00198447
0.00198154
0.00197759
0.0019762
0.00197583
0.00197181
0.00197034
0.00196785
0.00196747
0.0019684
0.00196447
0.00196072
0.0019567
0.00195684
0.00195303
0.00194903
0.00194608
0.00194606
0.0019427
0.00193966
0.0019362
0.00193626
0.00193654
0.00193287
0.00192934
0.00192551
0.00192175
0.00191792
0.00191409
0.0019103
0.00190995
0.00190676
0.00190398
0.00190129
0.00189755
0.00189836
0.00189776
0.00189478
0.00189161
0.00188817
0.00188529
0.00188176
0.00188089
0.00187744
0.0018753
0.00187255
0.00186907
0.00186572
0.0018622
0.00185872
0.00185517
0.00185229
0.00184907
0.00184939
0.001846
0.0018439
0.00184153
0.0018395
0.00183818
0.0018358
0.00183335
0.00183132
0.00182954
0.00182684
0.00182466
0.00182505
0.00182444
0.00182535
0.00182214
0.00182071
0.00181765
0.00181464
0.00181141
0.00180934
0.00180684
0.00181321
0.00181297
0.00181154
0.0018113
0.00180915
0.00180905
0.00181521
0.00181555
0.00181489
0.00181253
0.00180933
0.00180717
0.00180421
0.00180244
0.00179979
0.00180145
0.00179849
0.00179549
0.0017924
0.00179107
0.00179126
0.00178911
0.00178829
0.00178683
0.0017846
0.00178151
0.00177946
0.00177637
0.00177396
0.00177114
0.00176933
0.00176689
0.00176386
0.00176083
0.00175784
0.00175491
0.00175323
0.00175124
0.00174829
0.00174535
0.0017442
0.0017413
0.00173835
0.00173553
0.00173263
0.00173019
0.00172731
0.00172449
0.00172162
0.00171886
0.00171601
0.00171315
0.00171079
0.00170916
0.00170652
0.00170406
0.00170139
0.00169875
0.00169602
0.00169538
0.00169476
0.00169735
0.00169858
0.00169696
0.00169429
0.00169162
0.00168994
0.00168891
0.00168688
0.00168454
0.00168187
0.00167938
0.00167685
0.00168068
0.00167914
0.0016766
0.00167398
0.00167769
0.00167818
0.0016835
0.00169594
0.00169904
0.00170255
0.00171363
0.00171837
0.00172052
0.00171871
0.00171601
0.00171371
0.00171102
0.00170859
0.00170596
0.00170334
0.00170069
0.00169807
0.00169545
0.00169299
0.00169045
0.0016881
0.00168609
0.00168412
0.00168224
0.00168043
0.00168201
0.00168137
0.00167881
0.00167656
0.00167428
0.00167277
0.00167032
0.00166838
0.00166589
0.00166341
0.00166089
0.00165904
0.00166183
0.00166227
0.0016599
0.00165762
0.00165676
0.00165804
0.00166334
0.0016698
0.00167173
0.00167074
0.00166989
0.00166746
0.00166541
0.00166535
0.00166962
0.0016693
0.00166728
0.00166636
0.00166644
0.001664
0.00166161
0.00165924
0.00165682
0.0016563
0.00165411
0.00165186
0.00164953
0.00164783
0.00164697
0.00164479
0.0016443
0.00164548
0.00164828
0.00164845
0.00164666
0.00164494
0.0016441
0.00164242
0.00164012
0.00163796
0.00163703
0.0016352
0.00163369
0.00163269
0.00163039
0.00162858
0.00162664
0.00162574
0.00162469
0.00162242
0.00162018
0.00161796
0.0016157
0.00161355
0.00161132
0.00160966
0.00160795
0.00160577
0.00160357
0.00160146
0.00159984
0.00159954
0.00159734
0.00159596
0.00159502
0.00159293
0.00159099
0.00158907
0.00158728
0.00158686
0.00158504
0.00158417
0.00158219
0.00158054
0.00157842
0.00157858
0.00157648
0.00157565
0.001574
0.00157202
0.00156996
0.00156858
0.00156649
0.00156441
0.00156238
0.00156032
0.00155836
0.00155656
0.00155449
0.00155242
0.00155042
0.00154848
0.00154705
0.00154634
0.00154477
0.00154303
0.00154103
0.0015391
0.00153739
0.0015359
0.00153414
0.00153263
0.00153122
0.00153425
0.00153993
0.00153794
0.00153652
0.00153599
0.00153454
0.00153289
0.00153122
0.00152971
0.00152791
0.00152595
0.00152569
0.00152424
0.00152228
0.00152243
0.0015213
0.00151964
0.00151845
0.00151737
0.00151562
0.00151373
0.00151194
0.00151134
0.00151128
0.00150953
0.00150785
0.001507
0.00150672
0.00150509
0.00150327
0.0015014
0.00149961
0.00149791
0.0014964
0.00149478
0.00149333
0.00149189
0.00149008
0.00148838
0.00148728
0.00148606
0.00148517
0.00148334
0.00148151
0.00148083
0.0014828
0.00148333
0.00148376
0.00148208
0.00148092
0.00148117
0.00148298
0.00148253
0.00148074
0.00147896
0.00147773
0.00147599
0.00147437
0.00147261
0.00147084
0.00146924
0.00146755
0.00146632
0.00146508
0.00146343
0.00146213
0.00146087
0.00145913
0.0014574
0.00145592
0.00145438
0.0014539
0.00145219
0.00145046
0.00144918
0.00144766
0.00144603
0.00144448
0.0014428
0.00144204
0.00144101
0.00144053
0.00144121
0.00144015
0.00143929
0.00143789
0.00143661
0.00143497
0.00143347
0.00143236
0.001431
0.00142998
0.0014289
0.00142756
0.0014259
0.00142426
0.00142376
0.00142221
0.00142087
0.00141973
0.0014182
0.00141665
0.00141505
0.00141375
0.00141374
0.0014129
0.00141145
0.00140995
0.00140854
0.00140846
0.00140685
0.00140614
0.00140475
0.00140315
0.00140209
0.0014005
0.00139968
0.00139813
0.00139658
0.0013955
0.00139412
0.00139287
0.00139216
0.00139117
0.00139051
0.00139125
0.00139195
0.00139344
0.00139546
0.00139686
0.00139813
0.00139936
0.00139824
0.00139753
0.00139636
0.00139496
0.0013954
0.00139458
0.00139315
0.00139254
0.00139264
0.00139412
0.00139349
0.00139247
0.0013912
0.00139002
0.00139033
0.00139106
0.00139033
0.00139074
0.0013931
0.00139592
0.00139708
0.00139575
0.00139443
0.00139294
0.00139187
0.00139098
0.00138974
0.00138912
0.00138868
0.00138758
0.00138642
0.00138497
0.00138372
0.00138319
0.00138172
0.00138029
0.00137882
0.00137735
0.00137621
0.00137847
0.00138015
0.00137913
0.00137775
0.00137678
0.00137546
0.00137442
0.00137449
0.00137473
0.00137449
0.00137334
0.00137235
0.00137397
0.00137374
0.00137358
0.00137305
0.00137294
0.00137157
0.00137025
0.00136915
0.00136797
0.00136717
0.00136603
0.0013648
0.00136339
0.00136209
0.00136103
0.00135969
0.00135838
0.00135812
0.00135828
0.00135789
0.00135657
0.00135517
0.00135379
0.00135257
0.0013513
0.00134994
0.00134893
0.00134788
0.00134847
0.00134933
0.0013488
0.00134781
0.00134644
0.00134507
0.00134372
0.00134237
0.00134108
0.00134078
0.00133955
0.00133821
0.00133686
0.00133684
0.00133583
0.00133462
0.00133446
0.00133453
0.00133408
0.00133277
0.00133152
0.00133023
0.00132923
