0
0.0149231
0.0277487
0.0196246
0.0152992
0.0125362
0.0105986
0.00918352
0.0104429
0.0121635
0.0123342
0.011467
0.0106395
0.0103162
0.00962963
0.00919509
0.00875627
0.00841194
0.00855584
0.00823911
0.00806751
0.00770878
0.00745966
0.0076396
0.00750041
0.00727818
0.00720047
0.00707425
0.00692198
0.00684035
0.0066407
0.00654693
0.00636276
0.00628101
0.00610345
0.00601914
0.00605446
0.00590056
0.00575961
0.00569841
0.0056955
0.00565666
0.00559536
0.00548525
0.00536536
0.00524978
0.00515001
0.00504466
0.00516988
0.00508813
0.00499606
0.00516603
0.00513856
0.00506376
0.00503838
0.00495066
0.00486369
0.00477975
0.00470586
0.00469221
0.00461553
0.00456488
0.00449189
0.00449373
0.0044434
0.00439851
0.00437123
0.00433646
0.00432881
0.00440896
0.00444871
0.00446392
0.00444594
0.00451092
0.00455765
0.00457
0.00451353
0.00445649
0.00441765
0.00436333
0.00432765
0.0043314
0.00428068
0.00423268
0.00420061
0.00415303
0.00414916
0.00416821
0.00423758
0.00427573
0.00423859
0.0042345
0.00425101
0.00427505
0.00427596
0.00427934
0.00433809
0.00442272
0.00441349
0.00441708
0.00443236
0.00439253
0.00441043
0.00438811
0.00434616
0.00430638
0.00427294
0.00424579
0.00420846
0.00421984
0.00426476
0.00424681
0.00421558
0.0041806
0.00414642
0.00412063
0.00409589
0.00406127
0.00402853
0.00399966
0.00397725
0.00394451
0.00392559
0.00389604
0.00387348
0.00384339
0.00382113
0.00379771
0.0037706
0.00375356
0.00372813
0.00371255
0.00368454
0.00366058
0.00363586
0.00364199
0.00363711
0.00361242
0.00359766
0.00358341
0.0035611
0.00355284
0.00352942
0.00350568
0.00348206
0.00345813
0.00343531
0.00341265
0.00339233
0.00339504
0.00337347
0.00335607
0.00333544
0.00331851
0.00329766
0.00327976
0.00326755
0.0032642
0.00324493
0.00322662
0.00320791
0.0032032
0.00318993
0.00317298
0.00316061
0.00314561
0.00312699
0.00311133
0.0031
0.00308182
0.00307296
0.00305828
0.00304733
0.00303023
0.00303316
0.00304072
0.00303598
0.00302125
0.00300466
0.00298871
0.00297729
0.00297258
0.00295797
0.00294761
0.0029402
0.00294216
0.00293937
0.0029316
0.00292256
0.00290719
0.00289361
0.00287931
0.00286528
0.00285054
0.0028548
0.00286483
0.00286186
0.00284743
0.0028396
0.00282556
0.00281765
0.00281903
0.00280583
0.00279469
0.0027926
0.00278405
0.00277632
0.00276385
0.00275113
0.0027391
0.00275547
0.00275707
0.00274476
0.00274347
0.00273858
0.00273588
0.00273508
0.00272363
0.00271454
0.00271525
0.00270966
0.0027002
0.00270303
0.00272088
0.00279338
0.0028313
0.00283879
0.00283062
0.00282895
0.00281792
0.0028071
0.00279808
0.00278849
0.00277999
0.00276867
0.00275758
0.00274897
0.00273805
0.00273006
0.00271875
0.00271071
0.00269953
0.00269636
0.0026984
0.00268772
0.00268607
0.00269665
0.00269833
0.00269186
0.00269003
0.00268655
0.00267757
0.00267824
0.00272881
0.00280257
0.00283317
0.00283515
0.00284216
0.00285205
0.00285624
0.00287345
0.00286559
0.00286114
0.00287705
0.00289994
0.00290357
0.00289704
0.00288642
0.00288334
0.0028744
0.00286901
0.00285864
0.00284958
0.00283967
0.00283109
0.00282867
0.00281864
0.00280849
0.00280058
0.00279106
0.00278189
0.00277669
0.00276688
0.00275712
0.00275079
0.0027415
0.00273193
0.00272356
0.00271458
0.0027052
0.00269609
0.00268924
0.00268009
0.00267151
0.00266551
0.0026755
0.00267281
0.00266847
0.00266076
0.00265424
0.00264575
0.00263807
0.0026302
0.00262156
0.00261787
0.00261949
0.00261367
0.00260652
0.00260303
0.0025981
0.00258992
0.00258211
0.00257385
0.00256569
0.00255753
0.00254943
0.00254186
0.00253478
0.00252707
0.00251989
0.00252095
0.00251422
0.00251559
0.00253127
0.00252575
0.00252231
0.00251799
0.00251636
0.00251403
0.00251052
0.00250345
0.00249595
0.00248848
0.00248162
0.00247423
0.00246877
0.00246325
0.00246213
0.0024618
0.00245683
0.00245114
0.00244682
0.00243979
0.00243468
0.00242859
0.00242414
0.0024341
0.00243136
0.0024245
0.00241771
0.00241451
0.00240905
0.00240324
0.00240097
0.0023942
0.0023875
0.00238135
0.00237473
0.00236915
0.00236582
0.00235964
0.00235326
0.00235076
0.00234438
0.0023389
0.00233259
0.00232649
0.00232056
0.00231485
0.00230904
0.00230295
0.00229677
0.00229107
0.00228556
0.00228917
0.00228682
0.00228204
0.00227661
0.00227526
0.00227325
0.00226925
0.00226333
0.00225749
0.00225289
0.00224966
0.00224382
0.00223819
0.00223242
0.00222856
0.00222336
0.002224
0.00222077
0.00222353
0.00222743
0.00222246
0.00221897
0.00221399
0.00220858
0.0022031
0.0021977
0.00219457
0.00219091
0.00218597
0.00218059
0.00217878
0.00217444
0.00216997
0.00216464
0.00215951
0.00215625
0.00215307
0.00214788
0.00214269
0.00213979
0.00213994
0.00213948
0.00213491
0.00213256
0.0021326
0.00213809
0.0021508
0.00215641
0.00215195
0.00215019
0.00214519
0.00214024
0.00213724
0.00213571
0.00213116
0.00213334
0.00213336
0.00213135
0.00212656
0.0021219
0.00211856
0.0021137
0.00210902
0.00210456
0.00209976
0.00209504
0.00209048
0.00208736
0.00208305
0.00207986
0.00207564
0.00207121
0.00206688
0.0020623
0.00205826
0.00205428
0.00205009
0.00204574
0.00204135
0.00203979
0.00203716
0.00203317
0.00202915
0.00202973
0.00202772
0.00202332
0.0020201
0.00201771
0.00201926
0.00201848
0.002016
0.00201176
0.00201212
0.00200879
0.00200632
0.00200213
0.00199792
0.0019937
0.00198948
0.00198557
0.00198264
0.00197869
0.0019773
0.00197693
0.00197291
0.00197141
0.00196894
0.00196858
0.00196952
0.00196559
0.00196183
0.00195781
0.00195794
0.00195413
0.00195013
0.00194717
0.00194715
0.00194379
0.00194074
0.00193729
0.00193737
0.00193764
0.00193398
0.00193045
0.00192662
0.00192286
0.00191902
0.00191519
0.00191139
0.00191103
0.00190784
0.00190505
0.00190235
0.0018986
0.00189941
0.00189879
0.0018958
0.00189264
0.00188919
0.00188632
0.00188278
0.00188192
0.00187847
0.00187632
0.00187356
0.00187009
0.00186674
0.00186321
0.00185973
0.00185618
0.00185329
0.00185007
0.00185039
0.001847
0.0018449
0.00184253
0.00184049
0.00183917
0.00183678
0.00183433
0.00183231
0.00183052
0.00182781
0.00182563
0.00182601
0.0018254
0.00182631
0.00182309
0.00182168
0.00181861
0.00181561
0.00181237
0.00181031
0.0018078
0.00181418
0.00181394
0.00181251
0.00181227
0.00181013
0.00181004
0.00181618
0.00181652
0.00181585
0.00181349
0.00181029
0.00180812
0.00180516
0.00180339
0.00180074
0.00180238
0.00179942
0.00179642
0.00179333
0.00179201
0.00179222
0.00179008
0.00178928
0.00178783
0.00178561
0.00178251
0.00178046
0.00177737
0.00177496
0.00177214
0.00177034
0.0017679
0.00176486
0.00176184
0.00175884
0.00175591
0.00175424
0.00175226
0.0017493
0.00174636
0.0017452
0.00174229
0.00173934
0.00173653
0.00173363
0.00173118
0.0017283
0.00172548
0.0017226
0.00171985
0.001717
0.00171414
0.00171177
0.00171014
0.0017075
0.00170502
0.00170235
0.0016997
0.00169697
0.00169636
0.00169576
0.00169838
0.00169961
0.001698
0.00169532
0.00169266
0.00169098
0.00168996
0.00168793
0.00168558
0.00168292
0.00168042
0.00167789
0.00168173
0.00168019
0.00167765
0.00167503
0.00167876
0.00167928
0.00168463
0.00169712
0.00170022
0.00170376
0.00171488
0.00171965
0.00172184
0.00172004
0.00171733
0.00171503
0.00171234
0.00170991
0.00170727
0.00170466
0.001702
0.00169938
0.00169676
0.0016943
0.00169176
0.0016894
0.00168739
0.00168541
0.00168353
0.00168171
0.00168327
0.00168263
0.00168006
0.00167781
0.00167553
0.00167402
0.00167157
0.00166963
0.00166713
0.00166465
0.00166213
0.00166027
0.00166305
0.00166347
0.00166109
0.00165881
0.00165795
0.00165922
0.00166453
0.001671
0.00167295
0.00167196
0.00167111
0.00166867
0.00166663
0.00166657
0.00167084
0.00167051
0.00166849
0.00166758
0.00166765
0.00166522
0.00166282
0.00166045
0.00165803
0.00165751
0.00165531
0.00165306
0.00165073
0.00164903
0.00164817
0.00164599
0.0016455
0.00164668
0.00164946
0.00164962
0.00164784
0.00164611
0.00164527
0.00164358
0.00164128
0.00163912
0.00163819
0.00163635
0.00163484
0.00163384
0.00163155
0.00162973
0.00162779
0.00162688
0.00162583
0.00162355
0.00162131
0.00161909
0.00161683
0.00161468
0.00161244
0.00161078
0.00160907
0.00160689
0.00160469
0.00160257
0.00160096
0.00160066
0.00159846
0.00159707
0.00159613
0.00159404
0.0015921
0.00159017
0.00158839
0.00158797
0.00158615
0.00158527
0.00158329
0.00158164
0.00157952
0.00157968
0.00157757
0.00157674
0.00157509
0.00157312
0.00157106
0.00156968
0.00156759
0.00156551
0.00156347
0.00156141
0.00155945
0.00155765
0.00155558
0.00155351
0.0015515
0.00154956
0.00154814
0.00154743
0.00154586
0.00154412
0.00154211
0.00154018
0.00153847
0.00153698
0.00153522
0.00153372
0.0015323
0.00153536
0.00154102
0.00153904
0.00153761
0.00153708
0.00153563
0.00153398
0.00153231
0.00153079
0.00152899
0.00152703
0.00152676
0.00152531
0.00152336
0.0015235
0.00152237
0.00152071
0.00151951
0.00151842
0.00151668
0.00151479
0.00151299
0.0015124
0.00151234
0.00151059
0.00150892
0.00150807
0.00150778
0.00150615
0.00150434
0.00150246
0.00150067
0.00149897
0.00149746
0.00149584
0.00149439
0.00149295
0.00149114
0.00148944
0.00148833
0.0014871
0.00148621
0.00148438
0.00148254
0.00148187
0.00148383
0.00148435
0.00148477
0.00148308
0.00148193
0.00148219
0.001484
0.00148355
0.00148176
0.00147998
0.00147875
0.001477
0.00147539
0.00147363
0.00147185
0.00147025
0.00146857
0.00146733
0.00146609
0.00146445
0.00146314
0.00146188
0.00146015
0.00145841
0.00145693
0.00145539
0.0014549
0.00145319
0.00145146
0.00145017
0.00144865
0.00144702
0.00144547
0.00144379
0.00144303
0.001442
0.00144153
0.00144219
0.00144113
0.00144027
0.00143886
0.00143759
0.00143595
0.00143444
0.00143334
0.00143197
0.00143095
0.00142987
0.00142853
0.00142687
0.00142523
0.00142474
0.00142318
0.00142184
0.0014207
0.00141917
0.00141761
0.00141601
0.00141471
0.00141469
0.00141385
0.00141239
0.0014109
0.00140949
0.00140941
0.0014078
0.00140708
0.00140569
0.00140409
0.00140303
0.00140143
0.00140062
0.00139907
0.00139751
0.00139643
0.00139505
0.0013938
0.00139309
0.00139209
0.00139143
0.00139217
0.00139287
0.00139434
0.00139636
0.00139775
0.00139903
0.00140026
0.00139914
0.00139843
0.00139727
0.00139587
0.00139631
0.00139549
0.00139405
0.00139345
0.00139355
0.00139502
0.00139438
0.00139337
0.0013921
0.00139092
0.00139123
0.00139195
0.00139122
0.00139163
0.00139398
0.00139679
0.00139795
0.00139662
0.0013953
0.0013938
0.00139273
0.00139184
0.0013906
0.00138998
0.00138954
0.00138843
0.00138727
0.00138582
0.00138456
0.00138404
0.00138256
0.00138113
0.00137966
0.00137819
0.00137705
0.00137932
0.001381
0.00137998
0.0013786
0.00137763
0.0013763
0.00137526
0.00137533
0.00137557
0.00137533
0.00137418
0.00137319
0.00137482
0.00137458
0.00137443
0.0013739
0.00137379
0.00137242
0.0013711
0.00137
0.00136882
0.00136802
0.00136687
0.00136564
0.00136423
0.00136293
0.00136187
0.00136053
0.00135922
0.00135896
0.00135911
0.00135872
0.0013574
0.001356
0.00135462
0.00135339
0.00135213
0.00135076
0.00134975
0.00134871
0.0013493
0.00135017
0.00134964
0.00134866
0.00134728
0.00134591
0.00134456
0.00134322
0.00134192
0.00134162
0.00134039
0.00133904
0.00133769
0.00133767
0.00133666
0.00133545
0.00133528
0.00133534
0.0013349
0.00133358
0.00133233
0.00133104
0.00133004
