0
6.38768e-05
4.29224e-05
3.47565e-05
3.17106e-05
2.60389e-05
2.35486e-05
2.51505e-05
2.35801e-05
2.11083e-05
1.96368e-05
1.79785e-05
1.66726e-05
1.58281e-05
1.48051e-05
1.57339e-05
1.49964e-05
1.59859e-05
1.53006e-05
1.47171e-05
1.52538e-05
1.64164e-05
1.82164e-05
1.85401e-05
1.99649e-05
1.94112e-05
1.95149e-05
1.88175e-05
1.81982e-05
1.76156e-05
1.73106e-05
1.72038e-05
1.6885e-05
1.63816e-05
1.60339e-05
1.62456e-05
1.61769e-05
1.57957e-05
1.59675e-05
1.56166e-05
1.52657e-05
1.4942e-05
1.47415e-05
1.44259e-05
1.41335e-05
1.38466e-05
1.35906e-05
1.339e-05
1.31562e-05
1.29683e-05
1.27115e-05
1.24668e-05
1.26088e-05
1.24478e-05
1.22229e-05
1.21152e-05
1.19712e-05
1.1763e-05
1.15622e-05
1.1422e-05
1.12622e-05
1.1155e-05
1.11541e-05
1.09795e-05
1.08962e-05
1.07872e-05
1.06618e-05
1.05192e-05
1.04672e-05
1.04192e-05
1.02935e-05
1.02066e-05
1.01583e-05
1.01079e-05
9.98034e-06
9.87091e-06
9.74436e-06
9.80388e-06
9.75898e-06
9.75935e-06
9.6792e-06
9.74984e-06
9.63168e-06
9.7404e-06
9.95581e-06
1.01877e-05
1.03058e-05
1.02015e-05
1.0115e-05
1.00668e-05
9.95721e-06
9.84925e-06
9.78781e-06
9.75407e-06
9.70424e-06
9.66878e-06
9.65304e-06
9.62672e-06
9.5686e-06
1.02172e-05
1.03095e-05
1.08009e-05
1.09938e-05
1.10207e-05
1.10609e-05
1.09569e-05
1.08541e-05
1.07535e-05
1.06651e-05
1.05712e-05
1.04849e-05
1.0461e-05
1.03722e-05
1.0281e-05
1.02044e-05
1.01187e-05
1.00529e-05
9.96813e-06
9.88477e-06
9.80423e-06
9.73053e-06
9.65084e-06
9.5738e-06
9.57992e-06
9.52189e-06
9.47962e-06
9.42687e-06
9.35583e-06
9.29235e-06
9.22342e-06
9.17304e-06
9.10373e-06
9.03529e-06
8.97354e-06
8.95761e-06
8.94118e-06
9.0114e-06
8.95527e-06
8.90698e-06
8.84808e-06
8.85015e-06
8.81977e-06
8.78142e-06
8.72039e-06
8.67799e-06
8.6231e-06
8.59277e-06
8.59982e-06
8.60142e-06
8.5623e-06
8.50541e-06
8.46103e-06
8.45945e-06
8.40444e-06
8.41217e-06
8.38518e-06
8.40556e-06
8.45528e-06
8.40515e-06
8.4436e-06
8.39553e-06
8.36574e-06
8.31875e-06
8.28048e-06
8.23831e-06
8.19561e-06
8.14774e-06
8.10135e-06
8.05498e-06
8.00749e-06
7.96061e-06
7.97196e-06
7.92579e-06
7.88223e-06
7.83753e-06
7.81644e-06
7.78639e-06
7.74315e-06
7.69991e-06
7.65973e-06
7.62382e-06
7.58194e-06
7.54042e-06
7.53219e-06
7.50104e-06
7.50669e-06
7.47425e-06
7.44267e-06
7.40883e-06
7.38259e-06
7.36465e-06
7.36874e-06
7.3318e-06
7.30934e-06
7.28662e-06
7.25016e-06
7.22646e-06
7.19452e-06
7.15831e-06
7.12955e-06
7.11588e-06
7.09647e-06
7.0711e-06
7.07653e-06
7.0798e-06
7.04601e-06
7.031e-06
7.00784e-06
6.98021e-06
7.03767e-06
7.00883e-06
6.98601e-06
6.95682e-06
6.9265e-06
6.89438e-06
6.8983e-06
6.9e-06
6.93269e-06
7.05123e-06
7.04595e-06
7.03457e-06
7.09274e-06
7.08583e-06
7.09597e-06
7.06615e-06
7.03761e-06
7.00659e-06
6.98011e-06
6.94964e-06
6.92221e-06
6.91015e-06
6.89241e-06
6.86453e-06
6.83532e-06
6.80658e-06
6.7856e-06
6.76064e-06
6.73946e-06
6.71236e-06
6.68486e-06
6.65966e-06
6.63477e-06
6.60875e-06
6.59272e-06
6.56912e-06
6.54346e-06
6.53367e-06
6.51472e-06
6.48858e-06
6.46432e-06
6.4531e-06
6.42856e-06
6.4249e-06
6.4023e-06
6.38916e-06
6.38347e-06
6.36009e-06
6.34271e-06
6.31841e-06
6.29547e-06
6.27389e-06
6.24993e-06
6.22897e-06
6.21177e-06
6.19013e-06
6.17213e-06
6.15469e-06
6.16347e-06
6.15051e-06
6.13158e-06
6.10921e-06
6.08823e-06
6.07331e-06
6.05185e-06
6.02991e-06
6.00882e-06
6.0027e-06
5.98129e-06
5.9698e-06
5.95964e-06
5.94758e-06
5.92877e-06
5.91135e-06
5.90033e-06
5.88169e-06
5.86217e-06
5.8444e-06
5.82488e-06
5.81477e-06
5.79777e-06
5.78071e-06
5.76136e-06
5.75232e-06
5.73364e-06
5.72563e-06
5.7234e-06
5.72727e-06
5.71355e-06
5.69508e-06
5.69103e-06
5.69493e-06
5.69903e-06
5.68074e-06
5.66957e-06
5.69043e-06
5.68335e-06
5.66997e-06
5.66279e-06
5.64591e-06
5.62816e-06
5.61254e-06
5.6068e-06
5.59642e-06
5.59211e-06
5.57929e-06
5.56169e-06
5.54801e-06
5.53086e-06
5.52033e-06
5.53362e-06
5.58411e-06
5.59473e-06
5.57752e-06
5.56031e-06
5.54321e-06
5.53163e-06
5.51486e-06
5.50021e-06
5.48346e-06
5.46797e-06
5.45257e-06
5.43617e-06
5.4207e-06
5.40472e-06
5.38872e-06
5.37517e-06
5.3674e-06
5.36333e-06
5.35088e-06
5.33513e-06
5.31978e-06
5.32006e-06
5.30591e-06
5.29218e-06
5.27682e-06
5.26825e-06
5.25383e-06
5.24017e-06
5.22517e-06
5.22215e-06
5.20771e-06
5.19514e-06
5.1815e-06
5.17615e-06
5.17037e-06
5.15648e-06
5.15034e-06
5.15663e-06
5.15672e-06
5.14806e-06
5.13385e-06
5.121e-06
5.10812e-06
5.09738e-06
5.08371e-06
5.06981e-06
5.05829e-06
5.06473e-06
5.06582e-06
5.07427e-06
5.0737e-06
5.06136e-06
5.04848e-06
5.05424e-06
5.04366e-06
5.03267e-06
5.03178e-06
5.02469e-06
5.0152e-06
5.01461e-06
5.00158e-06
5.0071e-06
4.99475e-06
4.99626e-06
4.98498e-06
4.98549e-06
4.98019e-06
4.96734e-06
4.9603e-06
4.94859e-06
4.93744e-06
4.92503e-06
4.91266e-06
4.90133e-06
4.88912e-06
4.87804e-06
4.86612e-06
4.85405e-06
4.8454e-06
4.83613e-06
4.82954e-06
4.81933e-06
4.80974e-06
4.79789e-06
4.78603e-06
4.77457e-06
4.76617e-06
4.79352e-06
4.81356e-06
4.80699e-06
4.7967e-06
4.78738e-06
4.77651e-06
4.76499e-06
4.76039e-06
4.74924e-06
4.74996e-06
4.76048e-06
4.78209e-06
4.81299e-06
4.84249e-06
4.84195e-06
4.84308e-06
4.8326e-06
4.82122e-06
4.81029e-06
4.80031e-06
4.79339e-06
4.78538e-06
4.77489e-06
4.76483e-06
4.75664e-06
4.75205e-06
4.74791e-06
4.75241e-06
4.7422e-06
4.73298e-06
4.72803e-06
4.71798e-06
4.70724e-06
4.70342e-06
4.71382e-06
4.70349e-06
4.70435e-06
4.69438e-06
4.68846e-06
4.68389e-06
4.68823e-06
4.67802e-06
4.66839e-06
4.65869e-06
4.65334e-06
4.6455e-06
4.63575e-06
4.63031e-06
4.63624e-06
4.64799e-06
4.65427e-06
4.66114e-06
4.66473e-06
4.67074e-06
4.66515e-06
4.67497e-06
4.67428e-06
4.68691e-06
4.68103e-06
4.6714e-06
4.68075e-06
4.6802e-06
4.67668e-06
4.66683e-06
4.65917e-06
4.65083e-06
4.6411e-06
4.63259e-06
4.62774e-06
4.62135e-06
4.61286e-06
4.60332e-06
4.61196e-06
4.62724e-06
4.63061e-06
4.62755e-06
4.61798e-06
4.61084e-06
4.60146e-06
4.59229e-06
4.59673e-06
4.5895e-06
4.5807e-06
4.57136e-06
4.56606e-06
4.55759e-06
4.55585e-06
4.56614e-06
4.55822e-06
4.56054e-06
4.55796e-06
4.54883e-06
4.54061e-06
4.53158e-06
4.52254e-06
4.51369e-06
4.50878e-06
4.5096e-06
4.50144e-06
4.49668e-06
4.48807e-06
4.47926e-06
4.48181e-06
4.47571e-06
4.46732e-06
4.45878e-06
4.45581e-06
4.44792e-06
4.44239e-06
4.43826e-06
4.42971e-06
4.42145e-06
4.41773e-06
4.41366e-06
4.41317e-06
4.4132e-06
4.4123e-06
4.40437e-06
4.39748e-06
4.38988e-06
4.38539e-06
4.37772e-06
4.37007e-06
4.36223e-06
4.35476e-06
4.34674e-06
4.33878e-06
4.33232e-06
4.32596e-06
4.32e-06
4.31214e-06
4.30422e-06
4.29702e-06
4.28907e-06
4.2864e-06
4.28363e-06
4.2767e-06
4.26887e-06
4.26155e-06
4.25528e-06
4.24752e-06
4.24458e-06
4.23746e-06
4.23327e-06
4.22733e-06
4.22409e-06
4.2245e-06
4.21934e-06
4.21334e-06
4.20693e-06
4.1994e-06
4.19217e-06
4.18559e-06
4.17826e-06
4.1725e-06
4.1669e-06
4.16138e-06
4.15621e-06
4.1489e-06
4.14586e-06
4.15505e-06
4.16411e-06
4.16711e-06
4.18466e-06
4.18234e-06
4.18874e-06
4.18162e-06
4.17564e-06
4.16888e-06
4.17332e-06
4.16827e-06
4.16778e-06
4.16125e-06
4.16077e-06
4.15664e-06
4.15791e-06
4.15888e-06
4.1574e-06
4.152e-06
4.15022e-06
4.14344e-06
4.14189e-06
4.1397e-06
4.13495e-06
4.13248e-06
4.12611e-06
4.11994e-06
4.11517e-06
4.10885e-06
4.10433e-06
4.09772e-06
4.09106e-06
4.08431e-06
4.07828e-06
4.07716e-06
4.0704e-06
4.07001e-06
4.0675e-06
4.08228e-06
4.11328e-06
4.15769e-06
4.1742e-06
4.19581e-06
4.19148e-06
4.18838e-06
4.18155e-06
4.17619e-06
4.1831e-06
4.17631e-06
4.17374e-06
4.17098e-06
4.16477e-06
4.16032e-06
4.15692e-06
4.15455e-06
4.14788e-06
4.14417e-06
4.14811e-06
4.15284e-06
4.17189e-06
4.18676e-06
4.20066e-06
4.19816e-06
4.21581e-06
4.22525e-06
4.23624e-06
4.26468e-06
4.27106e-06
4.27846e-06
4.27216e-06
4.26596e-06
4.25933e-06
4.25341e-06
4.24746e-06
4.24118e-06
4.23753e-06
4.23467e-06
4.23755e-06
4.23216e-06
4.22762e-06
4.22176e-06
4.21691e-06
4.21044e-06
4.20473e-06
4.20284e-06
4.19871e-06
4.19811e-06
4.19333e-06
4.18799e-06
4.18362e-06
4.17758e-06
4.17248e-06
4.16652e-06
4.16035e-06
4.1547e-06
4.14882e-06
4.14422e-06
4.14892e-06
4.16292e-06
4.15735e-06
4.15123e-06
4.14553e-06
4.14087e-06
4.14142e-06
4.14393e-06
4.14131e-06
4.13605e-06
4.13214e-06
4.12765e-06
4.12588e-06
4.11994e-06
4.11417e-06
4.11125e-06
4.10871e-06
4.1052e-06
4.10009e-06
4.09487e-06
4.08945e-06
4.08388e-06
4.07815e-06
4.08117e-06
4.07594e-06
4.07003e-06
4.06823e-06
4.06264e-06
4.05697e-06
4.05113e-06
4.0455e-06
4.03996e-06
4.03518e-06
4.02939e-06
4.02379e-06
4.01892e-06
4.01471e-06
4.00924e-06
4.00391e-06
3.99821e-06
3.9942e-06
3.98875e-06
3.98452e-06
3.98009e-06
3.97506e-06
3.97077e-06
3.96564e-06
3.96385e-06
3.96091e-06
3.95616e-06
3.95064e-06
3.94946e-06
3.94569e-06
3.94028e-06
3.93557e-06
3.93018e-06
3.92474e-06
3.91981e-06
3.91447e-06
3.91698e-06
3.91158e-06
3.90639e-06
3.90161e-06
3.89629e-06
3.89095e-06
3.88574e-06
3.88049e-06
3.87689e-06
3.87405e-06
3.8688e-06
3.87172e-06
3.8698e-06
3.86458e-06
3.86011e-06
3.85489e-06
3.85468e-06
3.85205e-06
3.84718e-06
3.84333e-06
3.8405e-06
3.84612e-06
3.84116e-06
3.83825e-06
3.83405e-06
3.82907e-06
3.82421e-06
3.82034e-06
3.8165e-06
3.81405e-06
3.8093e-06
3.80928e-06
3.80853e-06
3.80386e-06
3.80278e-06
3.79785e-06
3.79499e-06
3.791e-06
3.78607e-06
3.78353e-06
3.77876e-06
3.77717e-06
3.77576e-06
3.77932e-06
3.77486e-06
3.77053e-06
3.76598e-06
3.76174e-06
3.75966e-06
3.75489e-06
3.75085e-06
3.74909e-06
3.74902e-06
3.75229e-06
3.74749e-06
3.74268e-06
3.73863e-06
3.73429e-06
3.73119e-06
3.72643e-06
3.72167e-06
3.71797e-06
3.71325e-06
3.70877e-06
3.70946e-06
3.7126e-06
3.71232e-06
3.7077e-06
3.70304e-06
3.70022e-06
3.6959e-06
3.69236e-06
3.68772e-06
3.68325e-06
3.68008e-06
3.67547e-06
3.67217e-06
3.66839e-06
3.66467e-06
3.66098e-06
3.6594e-06
3.6568e-06
3.65393e-06
3.65048e-06
3.64826e-06
3.64375e-06
3.64109e-06
3.63665e-06
3.63248e-06
3.62969e-06
3.62633e-06
3.62379e-06
3.62274e-06
3.62079e-06
3.6209e-06
3.61663e-06
3.61437e-06
3.60998e-06
3.60644e-06
3.60216e-06
3.59782e-06
3.59393e-06
3.58966e-06
3.58659e-06
3.583e-06
3.58261e-06
3.57849e-06
3.57722e-06
3.57298e-06
3.56879e-06
3.56467e-06
3.56082e-06
3.55684e-06
3.55261e-06
3.54962e-06
3.54668e-06
3.54246e-06
3.53851e-06
3.53569e-06
3.53159e-06
3.52767e-06
3.52423e-06
3.52169e-06
3.51756e-06
3.51366e-06
3.51083e-06
3.50677e-06
3.50392e-06
3.50175e-06
3.50174e-06
3.49911e-06
3.49914e-06
3.49528e-06
3.4913e-06
3.48741e-06
3.48351e-06
3.47946e-06
3.4764e-06
3.474e-06
3.47502e-06
3.47379e-06
3.47132e-06
3.4698e-06
3.4658e-06
3.46436e-06
3.46097e-06
3.45749e-06
3.45512e-06
3.45439e-06
3.4525e-06
3.45075e-06
3.45532e-06
3.45372e-06
3.44997e-06
3.4476e-06
3.44466e-06
3.44331e-06
3.44018e-06
3.43629e-06
3.43395e-06
3.43045e-06
3.42711e-06
3.4233e-06
3.41973e-06
3.41673e-06
3.41295e-06
3.40912e-06
3.40585e-06
3.40217e-06
3.39851e-06
3.39559e-06
3.39398e-06
3.3902e-06
3.38761e-06
3.38599e-06
3.3852e-06
3.38205e-06
3.38256e-06
3.38115e-06
3.38034e-06
3.37662e-06
3.37342e-06
3.37001e-06
3.36713e-06
3.36344e-06
3.36009e-06
3.35827e-06
3.35476e-06
3.3512e-06
3.34788e-06
3.34582e-06
3.34239e-06
3.33957e-06
3.33657e-06
3.33294e-06
3.32996e-06
3.32787e-06
3.32427e-06
3.32357e-06
3.31999e-06
3.31665e-06
3.31319e-06
3.3102e-06
3.30675e-06
3.30353e-06
3.30026e-06
3.29738e-06
3.29396e-06
3.29067e-06
3.2872e-06
3.28475e-06
3.2825e-06
3.27966e-06
3.28085e-06
3.2796e-06
3.27676e-06
3.27613e-06
3.27363e-06
3.27251e-06
3.27038e-06
3.26691e-06
3.26346e-06
3.26088e-06
3.25783e-06
3.25464e-06
3.25389e-06
3.25085e-06
3.24857e-06
3.2477e-06
3.24551e-06
3.24447e-06
3.24139e-06
3.23812e-06
3.23548e-06
3.23224e-06
3.22936e-06
3.22759e-06
3.22501e-06
3.22169e-06
3.21842e-06
3.21568e-06
3.21433e-06
3.211e-06
3.20772e-06
3.2044e-06
3.20145e-06
3.20193e-06
3.20114e-06
3.19785e-06
3.19459e-06
3.19146e-06
3.19028e-06
3.18703e-06
3.18663e-06
3.1864e-06
3.18693e-06
3.18637e-06
3.18475e-06
3.18392e-06
3.18155e-06
3.17836e-06
3.17596e-06
3.17277e-06
3.17069e-06
3.17115e-06
3.1683e-06
3.16694e-06
3.164e-06
3.16172e-06
3.15854e-06
3.15553e-06
3.15481e-06
3.15261e-06
3.15176e-06
3.14863e-06
3.14553e-06
3.14267e-06
