2.10507
2.11655
2.13178
2.14855
2.16376
2.17266
2.16972
2.15089
2.11586
2.06831
2.01443
1.9605
1.91122
1.86973
1.83917
1.82352
1.8267
1.85044
1.89293
1.94866
2.00965
2.06775
2.11747
2.15728
2.18849
2.21233
2.2279
2.23373
2.23174
2.22883
2.23356
2.25076
2.27867
2.31012
2.3361
2.34855
2.34244
2.31679
2.27441
2.22052
2.16084
2.10083
2.046
2.00173
1.97205
1.95878
1.96182
1.97888
2.00523
2.03446
2.06061
2.07916
2.08709
2.08282
2.06732
2.0447
2.02164
2.00488
1.9991
2.00601
2.02467
2.05184
2.08312
2.1155
2.14832
2.18043
2.20674
2.21877
2.2086
2.17376
2.12085
2.06523
2.02355
2.00407
2.00531
2.02297
2.05426
2.09589
2.14099
2.17946
2.20141
2.20151
2.18094
2.14639
2.10736
2.07318
2.05059
2.043
2.05117
2.07292
2.10146
2.12559
2.13497
2.12529
2.09971
2.06661
2.03609
2.0167
2.01311
2.02487
2.04745
2.07459
2.10136
2.12559
2.147
2.16542
2.18022
2.19147
2.20082
2.21043
2.2207
2.22906
2.2303
2.21844
2.1894
2.14242
2.08022
2.00855
1.93574
1.87169
1.8254
1.80186
1.80114
1.8201
1.85489
1.90286
1.96189
2.02761
2.09251
2.14883
2.19164
2.21928
2.23226
2.23157
2.21792
2.19208
2.15682
2.11792
2.08169
2.05227
2.03181
2.02196
2.02309
2.03284
2.04666
2.05972
2.06955
2.07698
2.08513
2.09716
2.11475
2.13825
2.16691
2.19766
2.22496
2.24169
2.24123
2.21938
2.1758
2.11428
2.04191
1.96736
1.90038
1.85169
1.82958
1.83411
1.8566
1.88665
1.91765
1.94702
1.974
1.9987
2.02252
2.04821
2.07856
2.11487
2.15585
2.19758
2.23479
2.26274
2.27858
2.28202
2.27512
2.26228
2.24955
2.24265
2.24548
2.25921
2.28106
2.30341
2.31662
2.31369
2.2932
2.25875
2.21662
2.17356
2.13529
2.10617
2.08896
2.08397
2.08814
2.09528
2.0979
2.08962
2.06737
2.03293
1.99265
1.95513
1.9277
1.91363
1.91183
1.9195
1.9353
1.95937
1.99038
2.02363
2.05358
2.07755
2.09735
2.11715
2.13989
2.16512
2.18909
2.20576
2.20772
2.18795
2.14288
2.076
1.99933
1.93152
1.89247
1.89567
1.94098
2.0138
2.09307
2.16183
2.21178
2.24165
2.25304
2.24837
2.23052
2.20288
2.16831
2.12774
2.08057
2.02706
1.97106
1.92031
1.88283
1.86189
1.85478
1.85666
1.86615
1.88722
1.92673
1.98831
2.06739
2.15208
2.22923
2.28999
2.33066
2.35057
2.34975
2.32783
2.28453
2.22142
2.14332
2.05798
1.97489
1.90457
1.85813
1.84405
1.86177
1.90121
1.95077
2.00301
2.05401
2.10022
2.13724
2.16089
2.1699
2.16758
2.16102
2.15666
2.15595
2.15444
2.14558
2.1258
2.09722
2.06635
2.04017
2.02292
2.01509
2.0141
2.01564
2.01583
2.01317
2.00876
2.00563
2.00761
2.01792
2.03876
2.07097
2.11326
2.16101
2.2067
2.24322
2.26686
2.27804
2.27888
2.27094
2.2544
2.22937
2.19742
2.16203
2.12901
2.10532
2.09568
2.10015
2.11604
2.14217
2.17807
2.21832
2.25233
2.26997
2.26591
2.23981
2.19453
2.13485
2.06896
2.00758
1.95939
1.92854
1.91591
1.91968
1.93385
1.9497
1.96179
1.97274
1.99191
2.02846
2.08428
2.15215
2.21938
2.27407
2.30944
2.32492
2.32481
2.31532
2.30124
2.28463
2.26526
2.24222
2.21451
2.18098
2.14072
2.09425
2.04423
1.99504
1.95291
1.92473
1.91647
1.93002
1.96043
1.99699
2.02759
2.04423
2.04656
2.04218
2.04176
2.05141
2.06936
2.09014
2.11102
2.13393
2.16188
2.19391
2.22352
2.24182
2.24403
2.23314
2.21621
2.19675
2.17248
2.1395
2.09718
2.05015
2.007
1.97675
1.96448
1.96937
1.98652
2.01029
2.03558
2.05724
2.07027
2.07141
2.06088
2.04273
2.02407
2.01246
2.0127
2.02418
2.04232
2.06267
2.08343
2.10457
2.12532
2.14323
2.1548
2.15732
2.1498
2.13322
2.11004
2.08329
2.0561
2.03177
2.01364
2.00475
2.00632
2.01681
2.03221
2.04777
2.05987
2.06644
2.06681
2.06132
2.05139
2.03985
2.03031
2.02559
2.02701
2.03513
2.05055
2.07421
2.1064
2.14528
2.1867
2.22502
2.25466
2.27125
2.27162
2.25291
2.21199
2.1465
2.05831
1.95822
1.86633
1.80418
1.78199
1.79464
1.83039
1.88035
1.94012
2.00745
2.07956
2.15197
2.21898
2.27467
2.31391
2.33298
2.32979
2.30486
2.26192
2.20737
2.14881
2.09341
2.04713
2.0141
1.99567
1.99058
1.99562
2.00719
2.02254
2.03998
2.05831
2.07635
2.09317
2.10855
2.12218
2.13265
2.13681
2.1313
2.11606
2.09616
2.07906
2.06867
2.06309
2.05852
2.05319
2.04655
2.03819
2.02891
2.02257
2.02314
2.02898
2.03312
2.02975
2.01826
2.00207
1.98547
1.9722
1.96533
1.96709
1.97757
1.99422
2.01319
2.03186
2.04998
2.06849
2.08666
2.10076
2.1056
2.0978
2.07813
2.05219
2.0283
2.01332
2.00938
2.01467
2.02617
2.0411
2.05629
2.06808
2.07353
2.07286
2.07047
2.07323
2.08624
2.10936
2.1371
2.16122
2.17325
2.16626
2.13721
2.0909
2.04275
2.0122
2.00649
2.01567
2.02591
2.03198
2.03779
2.05041
2.0742
2.10827
2.14758
2.18605
2.21896
2.24362
2.25882
2.26421
2.26043
2.24942
2.2335
2.21395
2.19008
2.16069
2.12642
2.09103
2.05961
2.0348
2.01432
1.99206
1.96198
1.92205
1.87585
1.83223
1.80273
1.79715
1.8177
1.85757
1.90636
1.95659
2.00461
2.04899
2.08943
2.12629
2.15996
2.18934
2.21137
2.22158
2.21588
2.19175
2.14989
2.09474
2.03538
1.98526
1.9583
1.96227
1.99404
2.04154
2.09005
2.12808
2.15031
2.15755
2.15517
2.15157
2.15664
2.17884
2.21929
2.26792
2.30816
2.32681
2.32006
2.29279
2.25336
2.20817
2.15938
2.10713
2.05369
2.00654
1.97737
1.97564
2.00095
2.04278
2.08701
2.1227
2.1441
2.14978
2.14136
2.12244
2.09802
2.07413
2.05769
2.05544
2.07069
2.09939
2.12956
2.14663
2.14136
2.1139
2.07226
2.02817
1.99297
1.9748
1.97765
2.0017
2.044
2.09757
2.15115
2.19227
2.21176
2.20651
2.17931
2.13756
2.09127
2.05008
2.0195
1.99902
1.98512
1.97588
1.97259
1.97816
1.99477
2.02263
2.05963
2.10161
2.14378
2.18227
2.21491
2.24064
2.25856
2.2674
2.26608
2.25477
2.23519
2.2096
2.17894
2.14233
2.09822
2.0465
1.99042
1.93673
1.89462
1.87411
1.88352
1.92576
1.99585
2.0816
2.16806
2.2425
2.29619
2.3244
2.32649
2.30582
2.26818
2.21988
2.16651
2.11306
2.06464
2.02711
2.00652
2.00683
2.0271
2.0615
2.10189
2.14009
2.16837
2.18048
2.17334
2.1473
2.10419
2.04667
1.98111
1.91951
1.87386
1.84806
1.83813
1.8393
1.84992
1.86964
1.89759
1.9327
1.97426
2.02152
2.07237
2.12234
2.1637
2.18733
2.18678
2.16208
2.12084
2.07466
2.03401
2.0055
1.99345
2.00172
2.03313
2.08724
2.15906
2.23977
2.31869
2.38498
2.42943
2.44552
2.43069
2.38697
2.32115
2.24397
2.16829
2.10638
2.06668
2.05166
2.0586
2.08141
2.11142
2.13888
2.15583
2.15834
2.14771
2.1304
2.11564
2.11094
2.11854
2.13584
2.1584
2.18147
2.19966
2.20869
2.20763
2.19862
2.18386
2.16338
2.13562
2.10048
2.06195
2.02701
2.00067
1.98231
1.96767
1.95357
1.94035
1.93066
1.92679
1.92928
1.93682
1.94741
1.95868
1.96798
1.97255
1.97161
1.96727
1.96381
1.96576
1.97601
1.99547
2.02366
2.05919
2.09985
2.14283
2.18469
2.22099
2.24667
2.25739
2.25124
2.22942
2.19533
2.15388
2.11138
2.07432
2.04656
2.02761
2.01482
2.00638
2.00207
2.00278
2.01046
2.02803
2.05658
2.09122
2.12175
2.13878
2.13881
2.12494
2.10472
2.08711
2.07969
2.08629
2.10572
2.13343
2.16503
2.19733
2.22624
2.24547
2.24926
2.23631
2.21092
2.18024
2.14976
2.12088
2.09119
2.05744
2.02012
1.98547
1.96257
1.95771
1.97071
1.99559
2.02382
2.04791
2.06336
2.06925
2.06754
2.06134
2.05209
2.03802
2.01649
1.98816
1.95972
1.9426
1.94645
1.97146
2.00885
2.05054
2.09617
2.14953
2.21087
2.27416
2.3307
2.37297
2.39583
2.39612
2.37248
2.32608
2.26215
2.1917
2.13071
2.09449
2.09013
2.11364
2.15354
2.19574
2.22843
2.24532
2.24619
2.23423
2.21239
2.18169
2.14136
2.09049
2.03027
1.9658
1.90605
1.86061
1.83461
1.82563
1.82738
1.83682
1.85611
1.88713
1.92637
1.96655
2.00093
2.02464
2.03469
2.03079
2.01612
1.99735
1.98254
1.97757
1.98408
1.99984
2.02083
2.04275
2.06196
2.07582
2.0827
2.08138
2.07067
2.04975
2.01983
1.98536
1.9535
1.932
1.9261
1.93707
1.96343
2.00247
2.05052
2.10179
2.14836
2.18196
2.19709
2.19272
2.17258
2.14413
2.11657
2.09819
2.09288
2.09857
2.10904
2.11741
2.11768
2.10616
2.08378
2.05807
2.03994
2.03526
2.04109
2.05149
2.06409
2.08016
2.10079
2.12484
2.15014
2.17511
2.19918
2.22162
2.24048
2.25314
2.2573
2.25148
2.23503
2.20855
2.17488
2.13954
2.10955
2.09023
2.08239
2.08168
2.08061
2.07157
2.04999
2.01574
1.97317
1.93071
1.89942
1.88901
1.90297
1.9367
1.98113
2.02827
2.07379
2.11595
2.15304
2.18262
2.2038
2.21977
2.2362
2.25626
2.27755
2.29415
2.30108
2.29609
2.27881
2.25031
2.21424
2.17783
2.15085
2.14237
2.15582
2.18596
2.22101
2.24802
2.25655
2.23956
2.19349
2.12117
2.03449
