1.40338
1.41103
1.42118
1.43237
1.44251
1.44844
1.44648
1.43393
1.41057
1.37887
1.34295
1.307
1.27415
1.24649
1.22611
1.21568
1.2178
1.23363
1.26195
1.29911
1.33977
1.3785
1.41165
1.43819
1.45899
1.47488
1.48527
1.48915
1.48783
1.48589
1.48904
1.50051
1.51912
1.54008
1.5574
1.5657
1.56163
1.54453
1.51627
1.48035
1.44056
1.40055
1.364
1.33449
1.3147
1.30585
1.30788
1.31926
1.33682
1.35631
1.37374
1.3861
1.39139
1.38855
1.37821
1.36313
1.34776
1.33659
1.33273
1.33734
1.34978
1.3679
1.38874
1.41034
1.43222
1.45362
1.47116
1.47918
1.4724
1.44918
1.4139
1.37682
1.34903
1.33605
1.33687
1.34864
1.3695
1.39726
1.42733
1.45297
1.46761
1.46767
1.45396
1.43093
1.40491
1.38212
1.36706
1.362
1.36744
1.38195
1.40097
1.41706
1.42332
1.41686
1.3998
1.37774
1.35739
1.34447
1.34207
1.34991
1.36497
1.38306
1.40091
1.41706
1.43134
1.44361
1.45348
1.46098
1.46721
1.47362
1.48047
1.48604
1.48686
1.47896
1.4596
1.42828
1.38682
1.33903
1.2905
1.2478
1.21693
1.20124
1.20076
1.2134
1.23659
1.26857
1.30792
1.35174
1.395
1.43255
1.46109
1.47952
1.48817
1.48771
1.47861
1.46139
1.43788
1.41195
1.38779
1.36818
1.35454
1.34797
1.34872
1.35523
1.36444
1.37315
1.3797
1.38465
1.39009
1.39811
1.40983
1.4255
1.44461
1.46511
1.48331
1.49446
1.49416
1.47959
1.45053
1.40952
1.36127
1.31157
1.26692
1.23446
1.21972
1.22274
1.23774
1.25777
1.27844
1.29801
1.316
1.33247
1.34835
1.36548
1.38571
1.40992
1.43723
1.46505
1.48986
1.50849
1.51905
1.52134
1.51675
1.50818
1.4997
1.4951
1.49699
1.50614
1.52071
1.53561
1.54441
1.54246
1.5288
1.50583
1.47775
1.44904
1.42352
1.40412
1.39264
1.38931
1.39209
1.39685
1.3986
1.39308
1.37825
1.35529
1.32844
1.30342
1.28513
1.27575
1.27455
1.27966
1.2902
1.30625
1.32692
1.34909
1.36905
1.38503
1.39823
1.41143
1.42659
1.44342
1.45939
1.4705
1.47181
1.45863
1.42859
1.384
1.33289
1.28768
1.26165
1.26378
1.29399
1.34254
1.39538
1.44122
1.47452
1.49443
1.50203
1.49891
1.48701
1.46859
1.44554
1.41849
1.38705
1.35137
1.31404
1.28021
1.25522
1.24126
1.23652
1.23777
1.2441
1.25815
1.28449
1.32554
1.37826
1.43472
1.48616
1.52666
1.55377
1.56704
1.5665
1.55188
1.52302
1.48095
1.42888
1.37198
1.3166
1.26971
1.23875
1.22936
1.24118
1.26748
1.30052
1.33534
1.36934
1.40015
1.42483
1.44059
1.4466
1.44506
1.44068
1.43777
1.4373
1.43629
1.43039
1.4172
1.39815
1.37756
1.36012
1.34861
1.34339
1.34273
1.34376
1.34389
1.34211
1.33917
1.33708
1.33841
1.34528
1.35917
1.38065
1.40884
1.44068
1.47113
1.49548
1.51124
1.51869
1.51925
1.51396
1.50294
1.48625
1.46495
1.44135
1.41934
1.40355
1.39712
1.4001
1.41069
1.42812
1.45205
1.47888
1.50155
1.51331
1.5106
1.49321
1.46302
1.42324
1.37931
1.33839
1.30626
1.28569
1.27727
1.27979
1.28923
1.2998
1.30786
1.31516
1.32794
1.35231
1.38952
1.43476
1.47959
1.51604
1.53962
1.54995
1.54987
1.54355
1.53416
1.52309
1.51017
1.49481
1.47634
1.45399
1.42715
1.39617
1.36282
1.33003
1.30194
1.28316
1.27765
1.28668
1.30696
1.33132
1.35173
1.36282
1.36437
1.36146
1.36118
1.3676
1.37957
1.39343
1.40735
1.42262
1.44125
1.46261
1.48235
1.49455
1.49602
1.48876
1.47747
1.4645
1.44832
1.42633
1.39812
1.36677
1.338
1.31783
1.30965
1.31291
1.32435
1.34019
1.35705
1.37149
1.38018
1.38094
1.37392
1.36182
1.34938
1.34164
1.3418
1.34946
1.36155
1.37512
1.38895
1.40305
1.41688
1.42882
1.43653
1.43821
1.4332
1.42215
1.40669
1.38886
1.37074
1.35452
1.34243
1.3365
1.33755
1.34454
1.35481
1.36518
1.37325
1.37763
1.37787
1.37422
1.36759
1.3599
1.35354
1.35039
1.35134
1.35675
1.36704
1.38281
1.40426
1.43018
1.4578
1.48335
1.50311
1.51417
1.51441
1.50194
1.47466
1.431
1.37221
1.30548
1.24422
1.20279
1.188
1.19642
1.22026
1.25357
1.29342
1.3383
1.38637
1.43465
1.47932
1.51645
1.54261
1.55532
1.55319
1.53657
1.50795
1.47158
1.43254
1.39561
1.36475
1.34273
1.33045
1.32705
1.33041
1.33813
1.34836
1.35999
1.3722
1.38423
1.39545
1.4057
1.41479
1.42177
1.42454
1.42087
1.41071
1.39744
1.38604
1.37912
1.37539
1.37235
1.36879
1.36437
1.35879
1.35261
1.34838
1.34876
1.35265
1.35541
1.35317
1.3455
1.33472
1.32365
1.3148
1.31022
1.31139
1.31838
1.32948
1.34213
1.35457
1.36665
1.379
1.39111
1.40051
1.40374
1.39854
1.38542
1.36813
1.3522
1.34221
1.33959
1.34311
1.35078
1.36073
1.37086
1.37872
1.38235
1.38191
1.38031
1.38216
1.39083
1.40624
1.42473
1.44081
1.44883
1.44418
1.4248
1.39394
1.36184
1.34147
1.33766
1.34378
1.35061
1.35465
1.35853
1.36694
1.3828
1.40551
1.43172
1.45737
1.47931
1.49575
1.50588
1.50948
1.50696
1.49961
1.489
1.47597
1.46005
1.44046
1.41761
1.39402
1.37307
1.35653
1.34288
1.32804
1.30799
1.28136
1.25056
1.22148
1.20182
1.1981
1.2118
1.23838
1.27091
1.30439
1.3364
1.366
1.39295
1.41753
1.43998
1.45956
1.47425
1.48106
1.47725
1.46117
1.43326
1.39649
1.35692
1.3235
1.30553
1.30818
1.32936
1.36103
1.39336
1.41872
1.43354
1.43837
1.43678
1.43438
1.43776
1.45256
1.47953
1.51195
1.53878
1.5512
1.5467
1.52853
1.50224
1.47211
1.43959
1.40475
1.36913
1.3377
1.31825
1.31709
1.33397
1.36186
1.39134
1.41513
1.4294
1.43319
1.42757
1.41496
1.39868
1.38276
1.37179
1.37029
1.38046
1.3996
1.4197
1.43109
1.42758
1.40927
1.38151
1.35211
1.32864
1.31653
1.31843
1.33447
1.36267
1.39838
1.4341
1.46151
1.47451
1.47101
1.45288
1.42504
1.39418
1.36672
1.34633
1.33268
1.32342
1.31726
1.31506
1.31877
1.32985
1.34842
1.37309
1.40108
1.42919
1.45485
1.47661
1.49376
1.50571
1.5116
1.51072
1.50318
1.49013
1.47307
1.45263
1.42822
1.39881
1.36433
1.32695
1.29115
1.26308
1.24941
1.25568
1.28384
1.33057
1.38773
1.44537
1.495
1.53079
1.5496
1.55099
1.53721
1.51212
1.47992
1.44434
1.4087
1.37642
1.35141
1.33768
1.33789
1.3514
1.37433
1.40126
1.42672
1.44558
1.45365
1.44889
1.43153
1.40279
1.36445
1.32074
1.27967
1.24924
1.23204
1.22542
1.2262
1.23328
1.24643
1.26506
1.28847
1.31618
1.34768
1.38158
1.41489
1.44246
1.45822
1.45785
1.44139
1.41389
1.38311
1.356
1.337
1.32897
1.33448
1.35542
1.39149
1.43938
1.49318
1.54579
1.58999
1.61962
1.63035
1.62046
1.59131
1.54744
1.49598
1.44553
1.40426
1.37779
1.36777
1.3724
1.38761
1.40762
1.42592
1.43722
1.4389
1.4318
1.42027
1.41043
1.40729
1.41236
1.42389
1.43894
1.45431
1.46644
1.47246
1.47175
1.46574
1.45591
1.44225
1.42375
1.40032
1.37464
1.35134
1.33378
1.32154
1.31178
1.30238
1.29357
1.28711
1.28453
1.28619
1.29121
1.29827
1.30579
1.31198
1.31503
1.31441
1.31152
1.3092
1.31051
1.31734
1.33031
1.34911
1.3728
1.3999
1.42855
1.45646
1.48066
1.49778
1.50493
1.50082
1.48628
1.46355
1.43592
1.40759
1.38288
1.36437
1.35174
1.34321
1.33758
1.33471
1.33519
1.3403
1.35202
1.37105
1.39415
1.4145
1.42585
1.42587
1.41663
1.40315
1.39141
1.38646
1.39086
1.40381
1.42229
1.44336
1.46489
1.48416
1.49698
1.49951
1.49087
1.47395
1.45349
1.43317
1.41392
1.39413
1.37162
1.34675
1.32365
1.30838
1.30514
1.3138
1.33039
1.34922
1.36527
1.37557
1.3795
1.37836
1.37423
1.36806
1.35868
1.34433
1.32544
1.30648
1.29507
1.29763
1.31431
1.33923
1.36703
1.39744
1.43302
1.47391
1.51611
1.5538
1.58198
1.59722
1.59741
1.58165
1.55072
1.5081
1.46113
1.42047
1.39632
1.39342
1.40909
1.43569
1.46382
1.48562
1.49688
1.49746
1.48948
1.47493
1.45446
1.42757
1.39366
1.35351
1.31053
1.2707
1.24041
1.22307
1.21709
1.21826
1.22454
1.2374
1.25809
1.28424
1.31103
1.33395
1.34976
1.35646
1.35386
1.34408
1.33156
1.3217
1.31838
1.32272
1.33323
1.34722
1.36183
1.37464
1.38388
1.38846
1.38759
1.38045
1.3665
1.34656
1.32358
1.30233
1.288
1.28407
1.29138
1.30895
1.33498
1.36701
1.40119
1.43224
1.45464
1.46473
1.46182
1.44839
1.42942
1.41104
1.39879
1.39525
1.39905
1.40603
1.4116
1.41178
1.40411
1.38919
1.37205
1.35996
1.35684
1.36073
1.36766
1.37606
1.38677
1.40053
1.41656
1.43343
1.45007
1.46612
1.48108
1.49365
1.50209
1.50487
1.50099
1.49002
1.47237
1.44992
1.42636
1.40637
1.39348
1.38826
1.38779
1.38707
1.38105
1.36666
1.34383
1.31545
1.28714
1.26628
1.25934
1.26865
1.29113
1.32075
1.35218
1.38253
1.41063
1.43536
1.45508
1.4692
1.47985
1.4908
1.50417
1.51836
1.52944
1.53406
1.53073
1.51921
1.50021
1.47616
1.45188
1.4339
1.42824
1.43721
1.45731
1.48067
1.49868
1.50437
1.49304
1.46233
1.41411
1.35633
