2.06545
1.94336
1.70587
1.50904
1.50369
1.63814
1.85672
2.02112
2.06015
2.02902
1.98585
1.94293
1.92197
1.95127
2.00692
2.02341
1.96151
1.84379
1.73615
1.67487
1.63592
1.58704
1.525
1.47741
1.47321
1.50132
1.52915
1.54085
1.53614
1.51567
1.47845
1.42782
1.37495
1.33414
1.3128
1.30837
1.31513
1.327
1.3344
1.32863
1.31075
1.29302
1.29015
1.30779
1.33994
1.37652
1.41072
1.43987
1.46299
1.4799
1.49155
1.50114
1.51312
1.53074
1.55421
1.58129
1.60959
1.63787
1.66586
1.69336
1.71942
1.74234
1.76009
1.7708
1.77336
1.76754
1.75437
1.73637
1.71699
1.69961
1.68679
1.67898
1.67347
1.66501
1.64928
1.62617
1.60087
1.58117
1.57294
1.5769
1.58961
1.6065
1.62402
1.63974
1.65148
1.65693
1.65452
1.64453
1.62968
1.61416
1.60233
1.5976
1.602
1.61596
1.63835
1.66708
1.69964
1.73329
1.7643
1.78763
1.79775
1.79074
1.7663
1.72856
1.68512
1.6442
1.61145
1.58836
1.57315
1.56294
1.55474
1.54591
1.53452
1.51998
1.50368
1.48874
1.47828
1.47363
1.47365
1.47587
1.47813
1.48095
1.49035
1.51616
1.56249
1.62075
1.67546
1.71503
1.7357
1.74014
1.73409
1.72318
1.71122
1.69933
1.68639
1.66998
1.64826
1.62213
1.59604
1.57679
1.57106
1.58253
1.6098
1.646
1.68106
1.70615
1.7174
1.71659
1.70822
1.69627
1.68337
1.67123
1.66014
1.64822
1.63272
1.61244
1.58925
1.56758
1.55165
1.54218
1.53717
1.53506
1.53505
1.53575
1.53564
1.5343
1.53263
1.53211
1.53409
1.53905
1.54649
1.5549
1.56204
1.56557
1.56431
1.55904
1.55212
1.54647
1.54444
1.54759
1.55665
1.57164
1.59207
1.61705
1.64519
1.67437
1.70144
1.72228
1.73251
1.7292
1.71229
1.6853
1.6546
1.62623
1.60307
1.58463
1.56877
1.55386
1.5402
1.52986
1.52509
1.52609
1.53106
1.53782
1.54595
1.55763
1.57605
1.60287
1.6364
1.67238
1.70593
1.73307
1.75076
1.7569
1.75002
1.72971
1.69676
1.65327
1.60325
1.55351
1.51321
1.49116
1.49165
1.51208
1.54454
1.57962
1.60966
1.63026
1.63993
1.63929
1.63026
1.61592
1.60107
1.5919
1.59341
1.60583
1.62455
1.64405
1.66067
1.67246
1.67808
1.67684
1.66973
1.6596
1.64909
1.63923
1.62968
1.61997
1.61038
1.60228
1.59739
1.59667
1.59978
1.60475
1.60877
1.60906
1.60354
1.5915
1.57395
1.55365
1.53509
1.52334
1.5223
1.53323
1.55468
1.58372
1.61692
1.65058
1.68081
1.70412
1.71785
1.72024
1.7108
1.69087
1.66433
1.63753
1.61773
1.60944
1.6114
1.6175
1.62077
1.61679
1.60471
1.58685
1.56756
1.55162
1.54256
1.54166
1.54786
1.55864
1.5717
1.58599
1.60178
1.6197
1.63933
1.65889
1.67572
1.6873
1.6922
1.69095
1.68644
1.6835
1.68688
1.69852
1.71626
1.73488
1.74867
1.75308
1.74483
1.722
1.68443
1.63411
1.57528
1.51332
1.45375
1.40169
1.36282
1.34378
1.34923
1.37686
1.41737
1.4597
1.49603
1.52316
1.54155
1.55432
1.56587
1.58033
1.59994
1.62433
1.65116
1.6778
1.70247
1.72416
1.74175
1.75362
1.758
1.75413
1.74303
1.72751
1.71137
1.698
1.68912
1.68391
1.67974
1.674
1.66536
1.65387
1.64032
1.62583
1.61173
1.59915
1.5884
1.57827
1.56659
1.55131
1.53211
1.51155
1.4952
1.48965
1.49865
1.52018
1.54745
1.57289
1.59144
1.60117
1.60244
1.5975
1.59006
1.58456
1.58472
1.5922
1.60594
1.62274
1.63871
1.65042
1.65577
1.65438
1.64707
1.63542
1.62167
1.60951
1.60275
1.60291
1.60721
1.61046
1.60917
1.6032
1.5946
1.58568
1.578
1.57217
1.56841
1.56681
1.56744
1.57015
1.57522
1.58374
1.59781
1.62011
1.65205
1.69112
1.73038
1.76071
1.77458
1.76889
1.74575
1.71181
1.67602
1.64691
1.62987
1.62626
1.63432
1.65046
1.67072
1.69133
1.70861
1.71903
1.71948
1.70821
1.6849
1.65053
1.60672
1.55539
1.49886
1.43991
1.38176
1.32791
1.28172
1.2465
1.22556
1.2219
1.23703
1.26997
1.31682
1.37158
1.42747
1.47835
1.52015
1.55165
1.5746
1.59307
1.61206
1.63565
1.66566
1.70123
1.73913
1.77442
1.80163
1.8161
1.81589
1.80271
1.78111
1.75698
1.73527
1.71841
1.70627
1.69724
1.68956
1.68206
1.67399
1.66457
1.65301
1.63892
1.62298
1.60649
1.59019
1.57366
1.55551
1.53484
1.51244
1.49081
1.47364
1.46434
1.46512
1.47641
1.49699
1.52464
1.55679
1.59123
1.62597
1.65874
1.68666
1.70675
1.71687
1.7166
1.70762
1.69307
1.67654
1.66099
1.64831
1.63958
1.63537
1.63555
1.63906
1.64386
1.64742
1.64783
1.6448
1.63932
1.6323
1.62339
1.61123
1.59534
1.57729
1.56027
1.54718
1.53907
1.53543
1.53561
1.53938
1.54641
1.5551
1.56241
1.56513
1.56168
1.55279
1.54153
1.53234
1.52965
1.53642
1.55322
1.57774
1.60543
1.63059
1.64755
1.65174
1.64091
1.61638
1.58415
1.55432
1.53783
1.54114
1.56283
1.59534
1.62953
1.65828
1.67723
1.68398
1.67732
1.6575
1.62672
1.58939
1.55141
1.51876
1.49649
1.48819
1.4955
1.51772
1.55214
1.59497
1.64215
1.68937
1.73193
1.7651
1.78481
1.78855
1.77595
1.74876
1.71037
1.66481
1.61582
1.56677
1.52133
1.48409
1.46006
1.45299
1.46371
1.48984
1.52667
1.56866
1.61046
1.64741
1.67556
1.69191
1.69485
1.68481
1.6643
1.63757
1.60923
1.58313
1.56135
1.54442
1.53183
1.52279
1.51664
1.51318
1.51224
1.51328
1.5152
1.51729
1.52039
1.52679
1.53926
1.55925
1.58628
1.61814
1.65152
1.68246
1.70696
1.72125
1.72212
1.70724
1.67573
1.62963
1.57461
1.5189
1.47003
1.4327
1.41045
1.40785
1.42906
1.47387
1.53496
1.59956
1.65385
1.68744
1.69576
1.67976
1.64485
1.59899
1.5513
1.51053
1.48365
1.47474
1.48422
1.50921
1.545
1.58645
1.62858
1.66681
1.69712
1.71615
1.72132
1.71146
1.68792
1.65529
1.6209
1.59246
1.57589
1.57384
1.58543
1.60686
1.63247
1.65623
1.67347
1.68184
1.68139
1.67426
1.66382
1.65378
1.64785
1.64902
1.65738
1.66828
1.67332
1.66461
1.6389
1.59979
1.55782
1.52716
1.51746
1.52821
1.55203
1.58151
1.61162
1.63848
1.65804
1.66672
1.66255
1.64649
1.62283
1.59869
1.58194
1.57795
1.58739
1.60609
1.6273
1.64492
1.65587
1.66012
1.65818
1.64863
1.62905
1.5992
1.56302
1.52739
1.49883
1.47997
1.46883
1.46125
1.4545
1.44915
1.44818
1.45439
1.46843
1.489
1.51439
1.54308
1.57325
1.60241
1.62748
1.64579
1.65616
1.65942
1.65825
1.6562
1.65573
1.65722
1.65964
1.66175
1.66326
1.66467
1.66683
1.67024
1.6751
1.68135
1.68883
1.69724
1.70608
1.71467
1.72188
1.72575
1.72337
1.71187
1.68963
1.65732
1.61791
1.57599
1.53676
1.50517
1.48479
1.47709
1.48069
1.49171
1.50497
1.51567
1.52119
1.52181
1.52045
1.52109
1.52717
1.54059
1.56126
1.58741
1.61662
1.64692
1.67693
1.70537
1.7295
1.74461
1.74611
1.7324
1.70662
1.67561
1.64661
1.624
1.60835
1.59795
1.59088
1.58634
1.58468
1.58697
1.59382
1.60435
1.61544
1.62249
1.62116
1.60931
1.58784
1.56009
1.53039
1.50315
1.48208
1.46943
1.46576
1.47052
1.48299
1.50262
1.52877
1.56032
1.59553
1.63252
1.6694
1.70408
1.73428
1.7577
1.77265
1.77863
1.77626
1.76642
1.75003
1.7281
1.70214
1.67433
1.64717
1.6231
1.60376
1.58923
1.57797
1.56789
1.55762
1.54707
1.53715
1.52864
1.52126
1.51365
1.50446
1.49397
1.48411
1.47737
1.47557
1.47932
1.4887
1.50357
1.5232
1.54558
1.56801
1.588
1.60458
1.6191
1.63444
1.65306
1.67547
1.69947
1.72112
1.73668
1.744
1.74305
1.73519
1.72169
1.70243
1.67661
1.64363
1.60403
1.55947
1.51252
1.46695
1.42782
1.39995
1.3859
1.38499
1.39451
1.41217
1.43765
1.47248
1.51811
1.57337
1.63333
1.69036
1.73644
1.76596
1.77718
1.77233
1.75644
1.73581
1.71618
1.70152
1.6933
1.69083
1.69175
1.69276
1.69046
1.68213
1.66666
1.64543
1.62254
1.6038
1.59435
1.59621
1.6074
1.62278
1.636
1.64154
1.63622
1.62002
1.59593
1.56868
1.54315
1.52301
1.50975
1.50287
1.5007
1.50103
1.50171
1.50078
1.49696
1.49032
1.48286
1.47866
1.48282
1.49944
1.52888
1.56661
1.60479
1.63529
1.6526
1.65502
1.64467
1.62626
1.60534
1.58725
1.57666
1.57713
1.59026
1.61446
1.64497
1.67511
1.69872
1.71174
1.71261
1.70184
1.68111
1.6531
1.62125
1.58945
1.56146
1.5403
1.52779
1.52443
1.52925
1.53985
1.55278
1.56407
1.57004
1.56884
1.56165
1.5528
1.54836
1.55333
1.56946
1.59461
1.62396
1.65205
1.67428
1.68777
1.69156
1.68681
1.6766
1.66558
1.65878
1.66009
1.67081
1.68963
1.71324
1.73674
1.75409
1.7592
1.74797
1.72004
1.67917
1.63168
1.58404
1.54096
1.50459
1.475
1.45184
1.43578
1.42899
1.43422
1.45237
1.48086
1.51361
1.54307
1.56269
1.56852
1.55991
1.53919
1.51148
1.484
1.4648
1.46063
1.47496
1.50707
1.5521
1.60236
1.64976
1.68791
1.71344
1.72643
1.72993
1.7282
1.72516
1.72302
1.7222
1.72206
1.72203
1.7225
1.72432
1.7275
1.73005
1.7281
1.71788
1.69723
1.6663
1.6276
1.5857
1.54644
1.51544
1.49655
