-4.69798
-4.68673
-4.68257
-4.70032
-4.7189
-4.73167
-4.73336
-4.72365
-4.71655
-4.71879
-4.7202
-4.72512
-4.73189
-4.73869
-4.73753
-4.72992
-4.72353
-4.71745
-4.72157
-4.72393
-4.72503
-4.72166
-4.72081
-4.72297
-4.72745
-4.72558
-4.72365
-4.72062
-4.71745
-4.71775
-4.71645
-4.7143
-4.71781
-4.71669
-4.71732
-4.71675
-4.71693
-4.71698
-4.71498
-4.71383
-4.71348
-4.71307
-4.71508
-4.71662
-4.71751
-4.7162
-4.71351
-4.71228
-4.71199
-4.71106
-4.7097
-4.71071
-4.70922
-4.70985
-4.70936
-4.71055
-4.71058
-4.70602
-4.70825
-4.70849
-4.70956
-4.71043
-4.70948
-4.70741
-4.70657
-4.70608
-4.70449
-4.70419
-4.70392
-4.70396
-4.70481
-4.70458
-4.70486
-4.70104
-4.69892
-4.69937
-4.70151
-4.7057
-4.70762
-4.70772
-4.7064
-4.70692
-4.70781
-4.70622
-4.7044
-4.70464
-4.70415
-4.70447
-4.70323
-4.70341
-4.70431
-4.7071
-4.70903
-4.70898
-4.70875
-4.70989
-4.71046
-4.71234
-4.71117
-4.70945
-4.70787
-4.70574
-4.70415
-4.70223
-4.70212
-4.70242
-4.70533
-4.70526
-4.70882
-4.70947
-4.70823
-4.7061
-4.70481
-4.70453
-4.70386
-4.70548
-4.70443
-4.7053
-4.70597
-4.70605
-4.70666
-4.70856
-4.70748
-4.71148
-4.71165
-4.71104
-4.7109
-4.70808
-4.70464
-4.70525
-4.70485
-4.70202
-4.70429
-4.70362
-4.70113
-4.70097
-4.70075
-4.70115
-4.70183
-4.70096
-4.70388
-4.70659
-4.70885
-4.7105
-4.7092
-4.70952
-4.7088
-4.7088
-4.71023
-4.71036
-4.71134
-4.71114
-4.7115
-4.71224
-4.71274
-4.71199
-4.70932
-4.71039
-4.71107
-4.71065
-4.70969
-4.7093
-4.70976
-4.70845
-4.7067
-4.70531
-4.70633
-4.70717
-4.70714
-4.70775
-4.70599
-4.7076
-4.70863
-4.70817
-4.70835
-4.70709
-4.70611
-4.70703
-4.70523
-4.70806
-4.70931
-4.70859
-4.70942
-4.70657
-4.70678
-4.70447
-4.70599
-4.70544
-4.70192
-4.70245
-4.70187
-4.70312
-4.70474
-4.70487
-4.70541
-4.70415
-4.70527
-4.70599
-4.70491
-4.70247
-4.70405
-4.70326
-4.70482
-4.70428
-4.70385
-4.7073
-4.70908
-4.71151
-4.71229
-4.71032
-4.71146
-4.71096
-4.70924
-4.70702
-4.70665
-4.70662
-4.7048
-4.70296
-4.70133
-4.69892
-4.69974
-4.70093
-4.70478
-4.7064
-4.70935
-4.7085
-4.70964
-4.7089
-4.70781
-4.7072
-4.70553
-4.70426
-4.70291
-4.70316
-4.70304
-4.70523
-4.70651
-4.7083
-4.70756
-4.70571
-4.70374
-4.70307
-4.70326
-4.7054
-4.70512
-4.70485
-4.70453
-4.70548
-4.70459
-4.70353
-4.70392
-4.70532
-4.70724
-4.70793
-4.70832
-4.70717
-4.70652
-4.7072
-4.70482
-4.70444
-4.70425
-4.70485
-4.70637
-4.70623
-4.70907
-4.71095
-4.71246
-4.7123
-4.71046
-4.71025
-4.70789
-4.7067
-4.70491
-4.70402
-4.70562
-4.70244
-4.70087
-4.70044
-4.70183
-4.70444
-4.70612
-4.70463
-4.70521
-4.70452
-4.70141
-4.70164
-4.70309
-4.70485
-4.70608
-4.70543
-4.70363
-4.70407
-4.70329
-4.70286
-4.7049
-4.70604
-4.70498
-4.70532
-4.70464
-4.70382
-4.70341
-4.70483
-4.70724
-4.70899
-4.70967
-4.70814
-4.70609
-4.70496
-4.7029
-4.70303
-4.70098
-4.69894
-4.69707
-4.69674
-4.69694
-4.69766
-4.69933
-4.70262
-4.70638
-4.7072
-4.70786
-4.70689
-4.70767
-4.70478
-4.70469
-4.70371
-4.70383
-4.70493
-4.70709
-4.70973
-4.71144
-4.71195
-4.71072
-4.71134
-4.70923
-4.70855
-4.70644
-4.70467
-4.7031
-4.70383
-4.70332
-4.70502
-4.70774
-4.7083
-4.70598
-4.70282
-4.7051
-4.7055
-4.70665
-4.70436
-4.70543
-4.70725
-4.70739
-4.70702
-4.70576
-4.7034
-4.70245
-4.7029
-4.70402
-4.70409
-4.70424
-4.70323
-4.70434
-4.70512
-4.70428
-4.705
-4.70587
-4.70316
-4.70347
-4.70519
-4.70524
-4.70467
-4.70449
-4.70459
-4.7043
-4.70244
-4.70273
-4.70208
-4.70449
-4.70318
-4.70316
-4.70224
-4.7039
-4.7071
-4.70756
-4.70721
-4.70767
-4.70762
-4.70717
-4.70756
-4.7074
-4.70599
-4.7062
-4.70837
-4.70858
-4.70782
-4.70907
-4.70984
-4.7086
-4.70922
-4.7098
-4.70826
-4.70714
-4.70642
-4.70517
-4.70097
-4.7005
-4.69892
-4.70053
-4.7035
-4.70485
-4.70646
-4.70777
-4.70739
-4.70889
-4.70969
-4.70819
-4.70894
-4.70782
-4.70596
-4.70609
-4.70215
-4.69936
-4.69873
-4.69641
-4.69666
-4.69823
-4.69884
-4.70011
-4.70042
-4.70041
-4.70257
-4.70509
-4.70638
-4.70845
-4.71048
-4.71056
-4.71044
-4.70877
-4.70909
-4.70907
-4.70825
-4.7092
-4.70883
-4.70623
-4.70924
-4.7076
-4.70769
-4.70887
-4.7058
-4.70502
-4.70361
-4.70147
-4.70151
-4.70161
-4.70342
-4.70317
-4.70467
-4.70441
-4.70341
-4.70591
-4.70572
-4.70547
-4.70394
-4.7074
-4.7048
-4.70223
-4.70117
-4.70029
-4.7007
-4.69869
-4.70058
-4.70446
-4.70669
-4.70905
-4.71071
-4.71056
-4.71274
-4.71112
-4.70929
-4.70759
-4.70887
-4.70562
-4.70438
-4.70397
-4.70007
-4.7013
-4.70062
-4.69833
-4.70049
-4.70182
-4.70257
-4.704
-4.70375
-4.70529
-4.70495
-4.70471
-4.70305
-4.70113
-4.7016
-4.70145
-4.70248
-4.70243
-4.70114
-4.70432
-4.70687
-4.70703
-4.70622
-4.70695
-4.70699
-4.70702
-4.70793
-4.70698
-4.70665
-4.70769
-4.70545
-4.70633
-4.70697
-4.70485
-4.70634
-4.70639
-4.70472
-4.70657
-4.7082
-4.70828
-4.70816
-4.70703
-4.70553
-4.70538
-4.70285
-4.70177
-4.70292
-4.70528
-4.70677
-4.70994
-4.70805
-4.70593
-4.70512
-4.70576
-4.70181
-4.70058
-4.69872
-4.69934
-4.70123
-4.70011
-4.70332
-4.70322
-4.70317
-4.70422
-4.70783
-4.71007
-4.71092
-4.71262
-4.71189
-4.71104
-4.70985
-4.70981
-4.70727
-4.70565
-4.70281
-4.70327
-4.70473
-4.7033
-4.7026
-4.70434
-4.70526
-4.70641
-4.70908
-4.71039
-4.71148
-4.71137
-4.71012
-4.70908
-4.70867
-4.70737
-4.70893
-4.70611
-4.70625
-4.70492
-4.70531
-4.70244
-4.70293
-4.70501
-4.70508
-4.70571
-4.70663
-4.70754
-4.70745
-4.7076
-4.7073
-4.70766
-4.70722
-4.70641
-4.70615
-4.70594
-4.7072
-4.70945
-4.70875
-4.70861
-4.70808
-4.70687
-4.70765
-4.70437
-4.70147
-4.70058
-4.69947
-4.70018
-4.70084
-4.70477
-4.70812
-4.70841
-4.71088
-4.71394
-4.71493
-4.7145
-4.71184
-4.70684
-4.7046
-4.70176
-4.69833
-4.69805
-4.7003
-4.69979
-4.70373
-4.70561
-4.70895
-4.71091
-4.71301
-4.71168
-4.71052
-4.70795
-4.70924
-4.7073
-4.70647
-4.70402
-4.70317
-4.70101
-4.70062
-4.70158
-4.70394
-4.70638
-4.70563
-4.70794
-4.70608
-4.70399
-4.70219
-4.7003
-4.70015
-4.69998
-4.69985
-4.70074
-4.70231
-4.70342
-4.70462
-4.70607
-4.70565
-4.70206
-4.69913
-4.69826
-4.70004
-4.70379
-4.70797
-4.71161
-4.71247
-4.71208
-4.70999
-4.71074
-4.7098
-4.70856
-4.7063
-4.70076
-4.70294
-4.70042
-4.70119
-4.70454
-4.70637
-4.70856
-4.70812
-4.70656
-4.70553
-4.70329
-4.70296
-4.70076
-4.69968
-4.69815
-4.69884
-4.6967
-4.69698
-4.70179
-4.70526
-4.70542
-4.70548
-4.70543
-4.70475
-4.70425
-4.70466
-4.70489
-4.70529
-4.70262
-4.70523
-4.70464
-4.70472
-4.70621
-4.70608
-4.7029
-4.70232
-4.70467
-4.70391
-4.70666
-4.7057
-4.70499
-4.70592
-4.70725
-4.70639
-4.70588
-4.70765
-4.7094
-4.70854
-4.70602
-4.70667
-4.70595
-4.70702
-4.70654
-4.70769
-4.70666
-4.70428
-4.70243
-4.70163
-4.70101
-4.70351
-4.70385
-4.70541
-4.70439
-4.70469
-4.70322
-4.70381
-4.70109
-4.70281
-4.70277
-4.70213
-4.70448
-4.70516
-4.70787
-4.70981
-4.71217
-4.71139
-4.71076
-4.71035
-4.71041
-4.71039
-4.71018
-4.70963
-4.70723
-4.70765
-4.70626
-4.70612
-4.70393
-4.70293
-4.70301
-4.70458
-4.70548
-4.70291
-4.7027
-4.70283
-4.70176
-4.70158
-4.70027
-4.69926
-4.69951
-4.7
-4.6983
-4.69771
-4.69915
-4.70121
-4.70243
-4.70234
-4.70249
-4.70355
-4.70456
-4.70775
-4.7095
-4.71138
-4.71178
-4.71263
-4.71391
-4.71268
-4.71546
-4.71488
-4.71207
-4.70998
-4.70767
-4.70868
-4.70981
-4.70887
-4.70882
-4.70935
-4.7062
-4.70671
-4.70648
-4.70669
-4.70834
-4.70829
-4.70733
-4.70809
-4.70889
-4.70862
-4.70721
-4.70768
-4.70699
-4.70589
-4.70568
-4.70493
-4.70614
-4.70572
-4.70463
-4.70502
-4.70645
-4.70759
-4.70888
-4.70599
-4.70787
-4.70972
-4.71077
-4.71464
-4.71297
-4.71219
-4.7124
-4.71219
-4.71045
-4.70597
-4.70315
-4.70221
-4.70119
-4.70048
-4.70054
-4.7005
-4.70044
-4.70181
-4.70274
-4.706
-4.70674
-4.70825
-4.70784
-4.70698
-4.7075
-4.70854
-4.70995
-4.71231
-4.71369
-4.71456
-4.71181
-4.71063
-4.70952
-4.70815
-4.70803
-4.70919
-4.7076
-4.7079
-4.70821
-4.70641
-4.70755
-4.70737
-4.70622
-4.7052
-4.70386
-4.70315
-4.70264
-4.7011
-4.70286
-4.70426
-4.70366
-4.70503
-4.70545
-4.70447
-4.70365
-4.70333
-4.70375
-4.70371
-4.70509
-4.70607
-4.70708
-4.70408
-4.70313
-4.70456
-4.70675
-4.70651
-4.70652
-4.70728
-4.70804
-4.70702
-4.7078
-4.70979
-4.71025
-4.70842
-4.70735
-4.70492
-4.70247
-4.70493
-4.7042
-4.70435
-4.70601
-4.70527
-4.70753
-4.70877
-4.71098
-4.71025
-4.71183
-4.71046
-4.70825
-4.70771
-4.7052
-4.70573
-4.70713
-4.70464
-4.70446
-4.70436
-4.70459
-4.70443
-4.7047
-4.70591
-4.70565
-4.70929
-4.70736
-4.70795
-4.70663
-4.70463
-4.7026
-4.70567
-4.70772
-4.7085
-4.70956
-4.71022
-4.71131
-4.71091
-4.71014
-4.7108
-4.7105
-4.70979
-4.7098
-4.70968
-4.71132
-4.71095
-4.71024
-4.7122
-4.71017
-4.70887
-4.70661
-4.70414
-4.70274
-4.70024
-4.69797
-4.69833
-4.69796
-4.69566
-4.69765
-4.69992
-4.70025
-4.70171
-4.70279
-4.70345
-4.70402
-4.70476
-4.70542
-4.70535
-4.7041
-4.70102
-4.70127
-4.69997
-4.69996
-4.70107
-4.70328
-4.70277
-4.70465
-4.70331
-4.70356
-4.70525
-4.70523
-4.70373
-4.70404
-4.70356
-4.70316
-4.70255
-4.70387
-4.70271
-4.70184
-4.70057
-4.70317
-4.70521
-4.70408
-4.70479
-4.70551
-4.7071
-4.7045
-4.70278
-4.69958
-4.69643
-4.69578
-4.69766
-4.6968
-4.70103
