1.38974
1.37501
1.35613
1.33342
1.30741
1.2792
1.25137
1.22818
1.21282
1.20432
1.19898
1.19588
1.19886
1.21296
1.239
1.27169
1.30271
1.32472
1.33346
1.32741
1.30674
1.27327
1.23122
1.18772
1.15141
1.12955
1.12566
1.1397
1.16922
1.20939
1.25301
1.2929
1.32462
1.34722
1.36195
1.37043
1.37316
1.36945
1.35873
1.34213
1.32271
1.30425
1.28957
1.2795
1.27327
1.26943
1.26633
1.26246
1.25691
1.25003
1.24359
1.24006
1.24137
1.24808
1.25902
1.27156
1.28228
1.28813
1.28761
1.28113
1.27067
1.25871
1.24786
1.24083
1.24035
1.24837
1.2652
1.289
1.31572
1.33971
1.35504
1.35703
1.34362
1.31638
1.28029
1.24244
1.21001
1.18849
1.17994
1.18243
1.19147
1.20276
1.2142
1.22569
1.23757
1.24937
1.25985
1.268
1.27404
1.28027
1.29137
1.31155
1.34016
1.37145
1.39929
1.42025
1.43349
1.43905
1.4371
1.42802
1.41311
1.39431
1.37343
1.35161
1.33008
1.31134
1.29867
1.2941
1.29633
1.30085
1.30248
1.29843
1.28947
1.279
1.2712
1.26943
1.27535
1.28905
1.30919
1.33298
1.35654
1.37552
1.38598
1.38589
1.37657
1.36249
1.34847
1.33679
1.32656
1.31546
1.30174
1.28465
1.26447
1.24269
1.22215
1.20628
1.19802
1.19847
1.20619
1.21811
1.23135
1.24438
1.25657
1.26714
1.27483
1.27856
1.27797
1.27381
1.2677
1.26155
1.25649
1.25267
1.24904
1.24409
1.23696
1.2281
1.21882
1.21051
1.2044
1.20159
1.20239
1.20563
1.20929
1.21194
1.2138
1.21666
1.22281
1.23387
1.2498
1.26843
1.28641
1.30059
1.3089
1.31104
1.30825
1.30283
1.29737
1.29374
1.29234
1.29201
1.29084
1.28725
1.28092
1.27277
1.26475
1.25964
1.25997
1.26627
1.27601
1.2848
1.28952
1.29039
1.29054
1.29391
1.3029
1.31691
1.33217
1.34322
1.34517
1.33568
1.31621
1.29189
1.27001
1.25774
1.25946
1.27498
1.29958
1.32589
1.34682
1.35799
1.35837
1.3497
1.33498
1.31674
1.29642
1.27486
1.25348
1.23499
1.2228
1.21942
1.22506
1.23755
1.25343
1.26936
1.28291
1.29248
1.29724
1.29691
1.29151
1.28118
1.26637
1.24804
1.22739
1.20549
1.18324
1.16191
1.1437
1.13153
1.12798
1.13408
1.1489
1.16996
1.19422
1.21903
1.24313
1.26656
1.28998
1.3135
1.33647
1.35814
1.37823
1.39668
1.41286
1.42528
1.43221
1.43234
1.42569
1.41409
1.40059
1.38808
1.37718
1.36582
1.35076
1.32984
1.30343
1.27442
1.24718
1.22596
1.21307
1.20808
1.20857
1.21126
1.213
1.2113
1.20487
1.19436
1.18227
1.17205
1.1668
1.16911
1.18122
1.20457
1.23805
1.27687
1.31361
1.34088
1.35358
1.34969
1.33044
1.30051
1.26814
1.244
1.23807
1.25486
1.2904
1.33347
1.37195
1.39817
1.41004
1.40918
1.39886
1.3825
1.36282
1.34233
1.32435
1.31367
1.31448
1.32602
1.34153
1.35265
1.35383
1.34374
1.32452
1.30018
1.27502
1.25221
1.23344
1.21953
1.21124
1.20973
1.21584
1.22945
1.24903
1.27188
1.29466
1.31381
1.32583
1.32797
1.31913
1.30072
1.27655
1.25174
1.23112
1.21756
1.21131
1.21082
1.2141
1.21971
1.22679
1.23508
1.24463
1.25529
1.2663
1.27602
1.28232
1.28313
1.27669
1.26196
1.2391
1.20998
1.17855
1.15033
1.13101
1.12395
1.12848
1.14049
1.15504
1.16851
1.17893
1.18535
1.18819
1.18976
1.19339
1.20179
1.21561
1.23314
1.25104
1.26553
1.27351
1.2736
1.26714
1.25856
1.25419
1.25981
1.27791
1.30681
1.34178
1.37718
1.40795
1.4299
1.44005
1.4377
1.42479
1.40511
1.38289
1.36152
1.34276
1.32662
1.31199
1.29805
1.28522
1.27539
1.27106
1.27389
1.28342
1.29672
1.3093
1.31638
1.31444
1.30242
1.28277
1.26076
1.24184
1.22889
1.22156
1.21825
1.21856
1.22375
1.23499
1.25135
1.27048
1.29031
1.30992
1.32891
1.34644
1.36068
1.36951
1.37157
1.3667
1.35573
1.34012
1.32204
1.30405
1.28857
1.27726
1.27057
1.2678
1.2675
1.26798
1.26766
1.26554
1.26165
1.25742
1.25548
1.25823
1.26607
1.27622
1.28387
1.28466
1.2768
1.26125
1.24057
1.21774
1.19618
1.17965
1.17141
1.1725
1.18131
1.19503
1.21108
1.22835
1.24748
1.2699
1.29564
1.32205
1.34457
1.3591
1.36458
1.36354
1.36064
1.35992
1.36213
1.3646
1.36325
1.355
1.33915
1.31779
1.29551
1.27883
1.27482
1.28864
1.31922
1.35757
1.39069
1.40795
1.40432
1.38031
1.34054
1.292
1.24257
1.19966
1.16883
1.15285
1.15115
1.16028
1.17473
1.18869
1.19824
1.20278
1.20466
1.20714
1.21221
1.21951
1.22687
1.23151
1.23169
1.22744
1.22059
1.21442
1.21258
1.21783
1.23031
1.24738
1.26476
1.27818
1.28484
1.28424
1.27856
1.27192
1.26819
1.26847
1.27066
1.27243
1.27344
1.27478
1.27707
1.28007
1.28377
1.28925
1.29833
1.31252
1.33185
1.3543
1.37581
1.39143
1.39678
1.38979
1.37168
1.34663
1.32035
1.29824
1.28435
1.28025
1.28396
1.28985
1.29145
1.28473
1.26947
1.24875
1.228
1.21368
1.21155
1.22453
1.25114
1.28602
1.32243
1.35443
1.37788
1.38994
1.3893
1.37711
1.35764
1.33715
1.32192
1.31634
1.32153
1.33493
1.3509
1.36256
1.3641
1.35252
1.32844
1.29623
1.26272
1.23477
1.21641
1.20708
1.20296
1.20003
1.19644
1.19263
1.18995
1.1894
1.19125
1.19532
1.20082
1.20618
1.20985
1.21212
1.21599
1.2254
1.24198
1.26344
1.28468
1.30056
1.30787
1.30637
1.29854
1.28836
1.27885
1.27056
1.26217
1.25242
1.24179
1.23278
1.2292
1.23429
1.24903
1.27183
1.29928
1.32762
1.35385
1.37603
1.39278
1.40279
1.405
1.39938
1.38654
1.36753
1.34384
1.31767
1.29249
1.273
1.26409
1.26784
1.28095
1.2957
1.30458
1.30519
1.30164
1.30119
1.30865
1.32325
1.33969
1.3516
1.35523
1.35141
1.34453
1.33964
1.33958
1.34341
1.347
1.34564
1.33717
1.32299
1.30689
1.29286
1.28343
1.27882
1.27755
1.27728
1.27579
1.2718
1.26536
1.25741
1.24903
1.24078
1.23282
1.225
1.21721
1.20973
1.20315
1.19785
1.19394
1.19236
1.19561
1.20638
1.22582
1.25273
1.28399
1.3156
1.34363
1.36526
1.37958
1.38795
1.3931
1.39764
1.40265
1.40683
1.40648
1.39549
1.36641
1.31389
1.2429
1.17685
1.14125
1.13257
1.13112
1.12867
1.12713
1.12903
1.13534
1.14802
1.17057
1.20406
1.2442
1.28407
1.31827
1.34393
1.35996
1.36647
1.36467
1.35653
1.34442
1.33062
1.31687
1.3044
1.29391
1.28531
1.27723
1.26719
1.25299
1.23399
1.21183
1.18999
1.17308
1.16492
1.1665
1.17505
1.18554
1.19336
1.19639
1.19555
1.19415
1.19616
1.2042
1.2182
1.2361
1.25534
1.27381
1.29006
1.30321
1.31309
1.32061
1.3277
1.33633
1.34723
1.35906
1.36911
1.37471
1.37458
1.36897
1.35898
1.34609
1.33167
1.31665
1.30134
1.28626
1.27249
1.26149
1.2542
1.25102
1.25188
1.25678
1.26569
1.27805
1.29227
1.30567
1.31539
1.31904
1.31524
1.30386
1.28618
1.26477
1.24334
1.22586
1.21581
1.21517
1.22427
1.24197
1.26629
1.29498
1.32581
1.35672
1.38565
1.41048
1.42877
1.43762
1.43423
1.41681
1.38583
1.34523
1.30189
1.26302
1.23248
1.20984
1.19293
1.18037
1.17212
1.16864
1.17015
1.17627
1.18592
1.19754
1.20948
1.22003
1.22708
1.22851
1.22369
1.2142
1.20337
1.19423
1.18793
1.18354
1.17946
1.17526
1.17301
1.1777
1.19499
1.22654
1.26722
1.30825
1.34311
1.37031
1.39227
1.412
1.42976
1.44164
1.44175
1.42599
1.3949
1.3542
1.31241
1.27721
1.25276
1.23941
1.23519
1.237
1.24135
1.24509
1.24661
1.24656
1.24761
1.25303
1.26484
1.28259
1.30368
1.32477
1.34287
1.35592
1.36287
1.36307
1.35607
1.34171
1.32066
1.29463
1.26622
1.23834
1.21378
1.19501
1.18452
1.18461
1.19646
1.21914
1.2491
1.28065
1.30747
1.32423
1.32769
1.31714
1.29439
1.26355
1.23023
1.20054
1.17968
1.17099
1.17534
1.1912
1.21512
1.24281
1.2702
1.29436
1.31389
1.32947
1.3432
1.35714
1.37152
1.38417
1.39164
1.39061
1.37857
1.35488
1.32228
1.28834
1.26338
1.25563
1.2665
1.29022
1.31741
1.33948
1.35094
1.34946
1.33517
1.31024
1.27882
1.24691
1.22102
1.20609
1.20418
1.2146
1.23502
1.26176
1.28956
1.31187
1.32238
1.3165
1.29286
1.25424
1.20785
1.16472
1.13725
1.13543
1.16254
1.21307
1.27499
1.33527
1.38443
1.41795
1.43604
1.44235
1.44166
1.4367
1.42661
1.40913
1.38457
1.3577
1.33515
1.32079
1.31388
1.31101
1.30934
1.30796
1.30721
1.30726
1.30677
1.30311
1.29369
1.27729
1.25485
1.22932
1.20512
1.1869
1.17801
1.17895
1.18711
1.19881
1.21212
1.22727
1.24466
1.26294
1.27925
1.29127
1.29928
1.30613
1.3153
1.32821
1.34272
1.35377
1.35582
1.3458
1.3248
1.29761
1.27065
1.24967
1.23852
1.23901
1.25094
1.27244
1.30055
1.33192
1.36309
1.39067
1.41161
1.42368
1.42591
1.41887
1.40468
1.38656
1.36794
1.35133
1.33719
1.32394
1.3091
1.29088
1.26875
1.2431
1.21519
1.18751
1.16389
1.14848
1.1445
1.15359
1.17503
1.2046
1.2359
1.26347
1.28503
1.30093
1.31271
1.32142
1.32688
1.32797
1.32344
1.31236
1.29446
1.2707
1.24414
1.21975
1.20287
1.19717
