-4.09669
-4.09735
-4.09804
-4.09913
-4.0987
-4.10015
-4.09891
-4.09897
-4.10051
-4.10253
-4.10475
-4.10433
-4.1044
-4.1063
-4.10746
-4.10617
-4.10493
-4.1038
-4.10228
-4.09843
-4.09892
-4.09663
-4.09521
-4.09699
-4.09582
-4.09838
-4.10049
-4.10368
-4.10503
-4.10544
-4.105
-4.10626
-4.10164
-4.10002
-4.09866
-4.09813
-4.09658
-4.0965
-4.09711
-4.09482
-4.09472
-4.09578
-4.0955
-4.09712
-4.09629
-4.09555
-4.09358
-4.09369
-4.0944
-4.09464
-4.09458
-4.09682
-4.09666
-4.09548
-4.09658
-4.09751
-4.09891
-4.0993
-4.09801
-4.09725
-4.09847
-4.09717
-4.09852
-4.10029
-4.10049
-4.10055
-4.1034
-4.10643
-4.10514
-4.10391
-4.10089
-4.09831
-4.09539
-4.09332
-4.09157
-4.09095
-4.09292
-4.09612
-4.09963
-4.09868
-4.09927
-4.09743
-4.09741
-4.09972
-4.0988
-4.09837
-4.09677
-4.09964
-4.10236
-4.10208
-4.10258
-4.10438
-4.10362
-4.10121
-4.10065
-4.09951
-4.09836
-4.09916
-4.09708
-4.09835
-4.09796
-4.09915
-4.09604
-4.09532
-4.09651
-4.09849
-4.09867
-4.10149
-4.10349
-4.10176
-4.10101
-4.10014
-4.09932
-4.09911
-4.10339
-4.10317
-4.10308
-4.1019
-4.1017
-4.10163
-4.10028
-4.09924
-4.09902
-4.09713
-4.09768
-4.09933
-4.09961
-4.10125
-4.10225
-4.09936
-4.09824
-4.09675
-4.09703
-4.09505
-4.09778
-4.09875
-4.10036
-4.10194
-4.10118
-4.09927
-4.09899
-4.0989
-4.09677
-4.09806
-4.09849
-4.09881
-4.10079
-4.10037
-4.09959
-4.09873
-4.097
-4.09615
-4.09606
-4.09738
-4.0964
-4.09689
-4.09857
-4.09946
-4.09924
-4.10142
-4.1019
-4.10113
-4.09943
-4.10313
-4.10248
-4.10347
-4.10186
-4.10265
-4.10227
-4.10242
-4.10529
-4.10612
-4.10323
-4.1027
-4.10213
-4.10001
-4.10019
-4.10119
-4.10211
-4.10212
-4.10087
-4.10141
-4.10007
-4.09897
-4.09855
-4.09825
-4.1008
-4.10189
-4.1027
-4.10385
-4.10252
-4.10409
-4.10529
-4.10635
-4.10529
-4.10386
-4.10232
-4.10286
-4.1009
-4.09694
-4.09352
-4.09401
-4.09435
-4.09754
-4.09748
-4.10185
-4.10459
-4.10454
-4.10394
-4.10264
-4.10111
-4.09901
-4.09704
-4.09472
-4.09447
-4.0934
-4.09427
-4.09659
-4.09876
-4.09984
-4.1001
-4.09956
-4.10172
-4.1041
-4.10262
-4.10389
-4.10475
-4.1056
-4.10356
-4.10349
-4.1032
-4.10278
-4.10252
-4.10176
-4.09856
-4.09852
-4.0976
-4.09972
-4.10115
-4.10192
-4.10499
-4.10374
-4.10301
-4.10392
-4.10444
-4.10374
-4.10637
-4.10439
-4.10359
-4.10336
-4.1041
-4.10447
-4.10305
-4.10332
-4.10269
-4.10066
-4.09813
-4.09794
-4.09922
-4.09916
-4.09703
-4.09734
-4.09559
-4.09175
-4.09079
-4.09203
-4.09461
-4.09739
-4.09997
-4.10034
-4.09961
-4.09967
-4.10027
-4.09832
-4.09761
-4.09684
-4.09559
-4.09807
-4.09937
-4.10134
-4.0994
-4.10206
-4.1036
-4.10512
-4.10384
-4.09999
-4.09886
-4.09639
-4.09308
-4.09175
-4.09319
-4.09661
-4.10022
-4.10515
-4.10813
-4.1082
-4.10609
-4.10429
-4.10155
-4.09956
-4.09747
-4.09583
-4.09586
-4.09533
-4.09639
-4.09758
-4.10038
-4.10252
-4.10337
-4.1041
-4.10207
-4.10049
-4.0991
-4.10064
-4.0979
-4.0981
-4.09781
-4.09989
-4.10081
-4.10192
-4.10503
-4.10347
-4.10158
-4.10083
-4.09956
-4.0984
-4.09514
-4.09448
-4.0945
-4.09462
-4.09546
-4.09643
-4.09768
-4.09915
-4.10144
-4.10117
-4.10354
-4.10478
-4.10432
-4.10418
-4.10404
-4.10255
-4.1054
-4.10504
-4.10338
-4.10369
-4.10121
-4.1035
-4.10109
-4.09686
-4.09726
-4.09823
-4.09896
-4.10085
-4.1036
-4.10237
-4.10403
-4.10206
-4.10053
-4.09862
-4.09888
-4.10349
-4.10308
-4.10456
-4.10528
-4.10657
-4.10534
-4.10325
-4.10209
-4.1003
-4.09896
-4.09946
-4.10159
-4.10437
-4.10523
-4.10522
-4.10566
-4.10692
-4.10747
-4.1036
-4.10041
-4.09863
-4.09797
-4.09764
-4.09951
-4.09691
-4.09767
-4.09831
-4.10006
-4.10048
-4.10175
-4.10175
-4.10049
-4.10127
-4.10371
-4.10749
-4.10536
-4.10518
-4.10268
-4.09901
-4.09858
-4.09903
-4.09982
-4.10075
-4.10404
-4.10425
-4.1026
-4.10346
-4.105
-4.10494
-4.10613
-4.1029
-4.10251
-4.10529
-4.10267
-4.10038
-4.1004
-4.09739
-4.09673
-4.09656
-4.09246
-4.09327
-4.09576
-4.09694
-4.09926
-4.09895
-4.10234
-4.10193
-4.10418
-4.10137
-4.09977
-4.10152
-4.1007
-4.09932
-4.10143
-4.10204
-4.10105
-4.09865
-4.0961
-4.09386
-4.09354
-4.09204
-4.09489
-4.09539
-4.09483
-4.09526
-4.09528
-4.09687
-4.09866
-4.09887
-4.10036
-4.10271
-4.10424
-4.10458
-4.10045
-4.10304
-4.10037
-4.10011
-4.10014
-4.09927
-4.09976
-4.0981
-4.09878
-4.0992
-4.0948
-4.09442
-4.09293
-4.09103
-4.09569
-4.0965
-4.10058
-4.10286
-4.1033
-4.10087
-4.09988
-4.09796
-4.09584
-4.09595
-4.09528
-4.0961
-4.09856
-4.09842
-4.10133
-4.10293
-4.10381
-4.10347
-4.10397
-4.1035
-4.10483
-4.10535
-4.10436
-4.10478
-4.10529
-4.10441
-4.10512
-4.10408
-4.10126
-4.10241
-4.10443
-4.10212
-4.10294
-4.1029
-4.10391
-4.10359
-4.09948
-4.09642
-4.09512
-4.09467
-4.09358
-4.09518
-4.09404
-4.09572
-4.0946
-4.09683
-4.09825
-4.09741
-4.09814
-4.09863
-4.09904
-4.10232
-4.10249
-4.10315
-4.10721
-4.1057
-4.10248
-4.10069
-4.09918
-4.09747
-4.09526
-4.09198
-4.09007
-4.0928
-4.09518
-4.09726
-4.09736
-4.09758
-4.09461
-4.09286
-4.09632
-4.09749
-4.09703
-4.10016
-4.10307
-4.10377
-4.10414
-4.10514
-4.10475
-4.10385
-4.10199
-4.10238
-4.09898
-4.09869
-4.10102
-4.09932
-4.10257
-4.10309
-4.10522
-4.1031
-4.10225
-4.09944
-4.09806
-4.09711
-4.09642
-4.09843
-4.09906
-4.09927
-4.09938
-4.10175
-4.09976
-4.09934
-4.09908
-4.09935
-4.09874
-4.10136
-4.09873
-4.09981
-4.10222
-4.10193
-4.10094
-4.10184
-4.10127
-4.10323
-4.1039
-4.1031
-4.10035
-4.09766
-4.09455
-4.09359
-4.09256
-4.09148
-4.09352
-4.09273
-4.09283
-4.09286
-4.09599
-4.09711
-4.1005
-4.10317
-4.10477
-4.10321
-4.10372
-4.10226
-4.10186
-4.10126
-4.09917
-4.09829
-4.09781
-4.0968
-4.09696
-4.09738
-4.09434
-4.09291
-4.0971
-4.10221
-4.10334
-4.10547
-4.10437
-4.10054
-4.09885
-4.09946
-4.10109
-4.103
-4.10533
-4.10409
-4.1043
-4.10237
-4.10187
-4.10056
-4.10053
-4.10127
-4.10028
-4.10177
-4.09978
-4.09778
-4.09688
-4.09726
-4.09848
-4.10021
-4.1002
-4.10083
-4.10144
-4.10209
-4.10072
-4.10009
-4.09866
-4.09672
-4.0974
-4.09938
-4.101
-4.10037
-4.10079
-4.1
-4.09923
-4.10012
-4.10323
-4.10225
-4.10353
-4.10188
-4.10277
-4.10214
-4.10282
-4.10331
-4.10286
-4.09957
-4.09629
-4.09539
-4.0977
-4.09806
-4.09834
-4.09689
-4.09567
-4.09434
-4.09115
-4.08855
-4.09021
-4.09661
-4.09668
-4.09638
-4.09694
-4.09441
-4.09567
-4.09837
-4.10188
-4.10583
-4.10919
-4.10865
-4.10713
-4.10599
-4.10523
-4.10474
-4.1021
-4.10294
-4.10152
-4.10113
-4.09974
-4.10083
-4.10271
-4.10238
-4.09741
-4.09762
-4.09842
-4.0964
-4.09673
-4.09941
-4.1008
-4.10157
-4.10468
-4.10697
-4.10795
-4.1062
-4.10393
-4.10549
-4.10416
-4.10539
-4.10423
-4.1052
-4.10563
-4.106
-4.10277
-4.1048
-4.10469
-4.10581
-4.10536
-4.10191
-4.10234
-4.1056
-4.10458
-4.10127
-4.10271
-4.10124
-4.10167
-4.10092
-4.10168
-4.1004
-4.09864
-4.09826
-4.09953
-4.09867
-4.09802
-4.09853
-4.09881
-4.10169
-4.10326
-4.10257
-4.10412
-4.10389
-4.1017
-4.0994
-4.09993
-4.09693
-4.09545
-4.0947
-4.09296
-4.09398
-4.09398
-4.09521
-4.09782
-4.10124
-4.10361
-4.10443
-4.10815
-4.11025
-4.11072
-4.10959
-4.10912
-4.10703
-4.10581
-4.10481
-4.1031
-4.10129
-4.09819
-4.09629
-4.09586
-4.09631
-4.09599
-4.09571
-4.09674
-4.09801
-4.09772
-4.09686
-4.09823
-4.09983
-4.09926
-4.09846
-4.09966
-4.10091
-4.1002
-4.09892
-4.09741
-4.09502
-4.09639
-4.09777
-4.09783
-4.0983
-4.09536
-4.09737
-4.09899
-4.10247
-4.10498
-4.1101
-4.10979
-4.10823
-4.10802
-4.10539
-4.10358
-4.10402
-4.10447
-4.10408
-4.10059
-4.10038
-4.09877
-4.09832
-4.09918
-4.09899
-4.09974
-4.09999
-4.10144
-4.10304
-4.10411
-4.10643
-4.10414
-4.10538
-4.10453
-4.10508
-4.1025
-4.10322
-4.10442
-4.10415
-4.10221
-4.1007
-4.0994
-4.09608
-4.09562
-4.09844
-4.09592
-4.09505
-4.09363
-4.09233
-4.09368
-4.09475
-4.09554
-4.09727
-4.09934
-4.1001
-4.10108
-4.10145
-4.10155
-4.09907
-4.09631
-4.09494
-4.09567
-4.09424
-4.09372
-4.09505
-4.09639
-4.09899
-4.09991
-4.10398
-4.10452
-4.10474
-4.10345
-4.10313
-4.10309
-4.10232
-4.10224
-4.10268
-4.10359
-4.10274
-4.10297
-4.10114
-4.10066
-4.09903
-4.09788
-4.09592
-4.09936
-4.10095
-4.10407
-4.10364
-4.10307
-4.10145
-4.0996
-4.09696
-4.09808
-4.0984
-4.09853
-4.09835
-4.09616
-4.10032
-4.10032
-4.10072
-4.10163
-4.10219
-4.10247
-4.10144
-4.10052
-4.09818
-4.09661
-4.09516
-4.09385
-4.09342
-4.09735
-4.10298
-4.10481
-4.10776
-4.10901
-4.10916
-4.10506
-4.10359
-4.09957
-4.09756
-4.09746
-4.09684
-4.0936
-4.09306
-4.09099
-4.09185
-4.09228
-4.09485
-4.09635
-4.097
-4.09545
-4.0955
-4.09725
-4.09731
-4.09865
-4.09957
-4.09758
-4.09915
-4.10005
-4.09831
-4.0976
-4.09851
-4.10003
-4.10071
-4.10212
-4.10114
-4.10136
-4.10202
-4.10262
-4.10254
-4.10233
-4.10001
-4.10057
-4.102
-4.10059
-4.09945
-4.09933
-4.09833
-4.09728
-4.09642
-4.09575
-4.09469
-4.09491
-4.09584
-4.09784
-4.09832
-4.10025
-4.10113
-4.10315
-4.10595
-4.10628
-4.10484
-4.10233
-4.10251
-4.10104
-4.10043
-4.09928
-4.10125
-4.10142
-4.10182
-4.09951
-4.09976
-4.09773
-4.0965
-4.09593
-4.09321
-4.09304
-4.09174
-4.09205
-4.09487
-4.09644
-4.09971
-4.10228
-4.10429
-4.10468
-4.10418
-4.10326
-4.10382
-4.10332
-4.10352
-4.10134
-4.10349
-4.10191
-4.09992
-4.0986
-4.09727
-4.09593
-4.09412
-4.09367
-4.09451
