-6.76344
-6.63009
-6.38843
-6.20936
-6.22259
-6.36982
-6.59008
-6.74476
-6.7767
-6.74782
-6.70606
-6.66805
-6.65386
-6.68996
-6.74444
-6.75333
-6.68504
-6.56125
-6.45772
-6.3988
-6.36094
-6.3087
-6.24581
-6.20038
-6.20066
-6.2269
-6.2528
-6.26147
-6.25359
-6.23342
-6.1949
-6.14212
-6.09276
-6.05083
-6.03013
-6.02512
-6.03206
-6.04398
-6.04939
-6.04247
-6.02423
-6.00608
-6.00522
-6.02441
-6.05745
-6.09272
-6.12422
-6.15215
-6.17498
-6.19096
-6.20125
-6.21185
-6.22235
-6.24059
-6.26357
-6.29184
-6.32017
-6.34389
-6.37411
-6.40185
-6.42898
-6.45278
-6.46957
-6.47821
-6.47993
-6.47362
-6.45886
-6.44056
-6.42091
-6.40357
-6.3916
-6.38355
-6.37832
-6.36606
-6.34821
-6.32554
-6.30238
-6.28687
-6.28056
-6.28462
-6.29601
-6.31343
-6.33183
-6.34596
-6.35588
-6.36157
-6.35867
-6.349
-6.33291
-6.31757
-6.30664
-6.3047
-6.31103
-6.32494
-6.3471
-6.37697
-6.41011
-6.44562
-6.47547
-6.49708
-6.50562
-6.49648
-6.47045
-6.43079
-6.38724
-6.34662
-6.31679
-6.29362
-6.28197
-6.27241
-6.26297
-6.25201
-6.23933
-6.22451
-6.20754
-6.19422
-6.18271
-6.17893
-6.17962
-6.18192
-6.18479
-6.18951
-6.19784
-6.22763
-6.27414
-6.33179
-6.38635
-6.42311
-6.44033
-6.44539
-6.43894
-6.42521
-6.41551
-6.40295
-6.38751
-6.37095
-6.34901
-6.32328
-6.29787
-6.27775
-6.27494
-6.28912
-6.31864
-6.3565
-6.39026
-6.41567
-6.4262
-6.42539
-6.41845
-6.40663
-6.39471
-6.38238
-6.37164
-6.36045
-6.34546
-6.32443
-6.29857
-6.27797
-6.26272
-6.25283
-6.24686
-6.24435
-6.24481
-6.2442
-6.24235
-6.23961
-6.23896
-6.23928
-6.24124
-6.2468
-6.25248
-6.26249
-6.27067
-6.27375
-6.27267
-6.26613
-6.25824
-6.2535
-6.24967
-6.25565
-6.26596
-6.28023
-6.30149
-6.32362
-6.35198
-6.37883
-6.40743
-6.42772
-6.43443
-6.43165
-6.41415
-6.38842
-6.35934
-6.3311
-6.30847
-6.28878
-6.27404
-6.25985
-6.24511
-6.23233
-6.22915
-6.22935
-6.23588
-6.2421
-6.2498
-6.26493
-6.28513
-6.31438
-6.3487
-6.3827
-6.4174
-6.44403
-6.46
-6.46392
-6.45667
-6.43634
-6.40157
-6.35622
-6.30458
-6.25243
-6.21295
-6.19209
-6.19643
-6.21848
-6.25389
-6.28812
-6.3193
-6.33916
-6.34775
-6.34648
-6.33579
-6.32018
-6.30398
-6.29506
-6.29646
-6.31106
-6.33106
-6.35234
-6.36824
-6.37816
-6.38182
-6.37991
-6.37299
-6.365
-6.35422
-6.34408
-6.33421
-6.32545
-6.31497
-6.30581
-6.30131
-6.302
-6.30701
-6.31267
-6.31709
-6.31623
-6.31006
-6.29869
-6.27877
-6.2581
-6.23934
-6.22819
-6.22867
-6.23945
-6.26376
-6.29467
-6.32938
-6.36288
-6.39127
-6.41437
-6.42574
-6.42694
-6.41571
-6.39489
-6.36994
-6.33997
-6.3186
-6.30988
-6.31322
-6.32193
-6.32689
-6.32142
-6.30991
-6.29137
-6.26897
-6.25326
-6.24565
-6.24651
-6.25394
-6.26406
-6.27532
-6.29006
-6.30507
-6.32256
-6.34422
-6.36494
-6.38069
-6.39262
-6.39684
-6.39477
-6.38985
-6.38833
-6.39413
-6.40751
-6.42594
-6.44302
-6.45476
-6.45804
-6.44774
-6.42504
-6.38541
-6.33305
-6.27235
-6.21007
-6.15069
-6.09935
-6.06216
-6.04641
-6.05561
-6.08406
-6.12523
-6.16659
-6.2037
-6.22794
-6.24624
-6.25803
-6.2697
-6.28526
-6.30703
-6.33406
-6.36259
-6.38975
-6.41319
-6.43549
-6.45098
-6.46217
-6.46444
-6.4588
-6.44613
-6.43134
-6.4147
-6.40302
-6.39686
-6.39221
-6.38573
-6.37682
-6.37047
-6.35937
-6.34697
-6.33019
-6.31717
-6.3064
-6.29579
-6.28529
-6.27236
-6.25472
-6.23456
-6.21446
-6.19922
-6.19374
-6.20289
-6.22341
-6.25179
-6.27801
-6.29572
-6.30618
-6.3083
-6.30066
-6.29353
-6.28975
-6.28996
-6.29687
-6.31043
-6.32733
-6.34301
-6.35286
-6.3585
-6.35647
-6.35156
-6.3386
-6.32482
-6.31175
-6.30665
-6.31001
-6.31477
-6.31768
-6.31684
-6.31082
-6.30176
-6.29324
-6.2854
-6.27816
-6.27461
-6.27518
-6.27602
-6.27797
-6.2843
-6.29358
-6.3064
-6.32933
-6.36185
-6.39937
-6.43751
-6.46713
-6.47976
-6.46986
-6.44625
-6.41073
-6.37655
-6.35041
-6.33472
-6.33272
-6.34209
-6.35785
-6.37961
-6.40102
-6.4168
-6.42797
-6.4273
-6.41418
-6.39099
-6.35268
-6.30608
-6.25412
-6.19527
-6.13657
-6.07999
-6.02675
-5.98183
-5.94691
-5.92597
-5.92448
-5.94213
-5.97635
-6.02526
-6.08206
-6.13803
-6.18879
-6.22892
-6.26074
-6.28367
-6.30132
-6.32126
-6.34448
-6.37189
-6.41046
-6.44673
-6.48211
-6.5105
-6.5219
-6.52091
-6.50631
-6.48258
-6.45849
-6.43688
-6.42184
-6.40944
-6.40191
-6.39397
-6.38547
-6.3799
-6.37029
-6.35848
-6.34286
-6.33038
-6.31129
-6.29242
-6.27483
-6.2558
-6.23554
-6.21113
-6.19139
-6.1781
-6.17103
-6.17417
-6.18712
-6.20755
-6.23738
-6.2679
-6.30052
-6.33356
-6.3676
-6.39228
-6.41113
-6.42084
-6.41667
-6.40891
-6.39369
-6.37487
-6.36148
-6.35013
-6.34215
-6.33938
-6.3393
-6.34435
-6.34882
-6.35213
-6.35088
-6.34593
-6.34092
-6.33375
-6.32587
-6.31366
-6.29647
-6.28161
-6.26714
-6.25421
-6.24529
-6.24238
-6.24259
-6.2464
-6.25434
-6.26207
-6.26906
-6.27281
-6.26712
-6.25912
-6.2485
-6.23719
-6.23599
-6.24281
-6.25794
-6.28431
-6.31363
-6.33887
-6.35571
-6.35878
-6.34645
-6.32176
-6.287
-6.25609
-6.24076
-6.24642
-6.2696
-6.30528
-6.33758
-6.36422
-6.38235
-6.38974
-6.37913
-6.35808
-6.32544
-6.28873
-6.25264
-6.21888
-6.19981
-6.19142
-6.19868
-6.22194
-6.25996
-6.30504
-6.35308
-6.40199
-6.44382
-6.47613
-6.49465
-6.49836
-6.48321
-6.45441
-6.41318
-6.36809
-6.32055
-6.27007
-6.22393
-6.18843
-6.16532
-6.1594
-6.17279
-6.20023
-6.23815
-6.28003
-6.32058
-6.35648
-6.38423
-6.39928
-6.40378
-6.39092
-6.37055
-6.34248
-6.31454
-6.28557
-6.26428
-6.24943
-6.23691
-6.22851
-6.22327
-6.22072
-6.2197
-6.22088
-6.2225
-6.22495
-6.2276
-6.2332
-6.24542
-6.26519
-6.29347
-6.3276
-6.36026
-6.39107
-6.41504
-6.42812
-6.42977
-6.41161
-6.3772
-6.33021
-6.27408
-6.21908
-6.17086
-6.13746
-6.11857
-6.11626
-6.13995
-6.1878
-6.24989
-6.31406
-6.36569
-6.39428
-6.40036
-6.38152
-6.34318
-6.29704
-6.2516
-6.21032
-6.18738
-6.18035
-6.19317
-6.22012
-6.25801
-6.29813
-6.3391
-6.37476
-6.40636
-6.42345
-6.42779
-6.41548
-6.39109
-6.3563
-6.32151
-6.29404
-6.27983
-6.28021
-6.29106
-6.31481
-6.33854
-6.36022
-6.37566
-6.38214
-6.38155
-6.37425
-6.36368
-6.35452
-6.35016
-6.35244
-6.36201
-6.37435
-6.37897
-6.36667
-6.33804
-6.29805
-6.25786
-6.23095
-6.22543
-6.23982
-6.26449
-6.29359
-6.32161
-6.34922
-6.36784
-6.37528
-6.36885
-6.34725
-6.32577
-6.29912
-6.28313
-6.28249
-6.29376
-6.31465
-6.33542
-6.35148
-6.3614
-6.36341
-6.36114
-6.34939
-6.32873
-6.29735
-6.26186
-6.22408
-6.19581
-6.18176
-6.1741
-6.16667
-6.15998
-6.15459
-6.15293
-6.15864
-6.17309
-6.1939
-6.21968
-6.24569
-6.27848
-6.30706
-6.3322
-6.352
-6.36224
-6.36231
-6.36058
-6.36087
-6.35964
-6.36388
-6.36533
-6.36674
-6.36917
-6.37192
-6.37322
-6.37612
-6.38275
-6.39075
-6.39737
-6.40326
-6.41275
-6.42062
-6.4289
-6.43229
-6.43106
-6.41853
-6.39391
-6.35975
-6.31954
-6.27701
-6.24027
-6.20902
-6.1902
-6.18148
-6.18538
-6.19493
-6.20878
-6.21676
-6.224
-6.22458
-6.22259
-6.22557
-6.23233
-6.24846
-6.27107
-6.29958
-6.32801
-6.35768
-6.38728
-6.41578
-6.43989
-6.45479
-6.45574
-6.43963
-6.41427
-6.38187
-6.35273
-6.32793
-6.31128
-6.30096
-6.29546
-6.29181
-6.28759
-6.28968
-6.29665
-6.30611
-6.31702
-6.32276
-6.32042
-6.30882
-6.28784
-6.25839
-6.22809
-6.2023
-6.18329
-6.17186
-6.1681
-6.17301
-6.18654
-6.20717
-6.23653
-6.26982
-6.30691
-6.3443
-6.38202
-6.41799
-6.44696
-6.47316
-6.48753
-6.49069
-6.48624
-6.47409
-6.45871
-6.4379
-6.41101
-6.38315
-6.35652
-6.3293
-6.31047
-6.29571
-6.28467
-6.27623
-6.26591
-6.2544
-6.24525
-6.23754
-6.22988
-6.22086
-6.21214
-6.20096
-6.19
-6.18305
-6.18049
-6.18545
-6.19442
-6.2082
-6.22821
-6.25202
-6.27561
-6.29688
-6.31057
-6.32697
-6.34416
-6.36383
-6.39011
-6.41244
-6.43332
-6.44908
-6.45619
-6.4535
-6.44116
-6.42485
-6.40464
-6.37779
-6.3441
-6.30457
-6.25997
-6.21296
-6.16876
-6.13056
-6.10595
-6.09264
-6.09323
-6.10235
-6.11916
-6.14516
-6.18102
-6.22806
-6.28568
-6.34702
-6.40492
-6.44825
-6.47659
-6.4867
-6.48047
-6.46447
-6.44499
-6.42377
-6.40942
-6.40151
-6.39724
-6.3993
-6.40013
-6.39668
-6.38733
-6.37053
-6.34858
-6.32518
-6.3049
-6.29721
-6.30047
-6.31107
-6.32781
-6.34145
-6.346
-6.33988
-6.32335
-6.29969
-6.27239
-6.24824
-6.22908
-6.21682
-6.20695
-6.20383
-6.20559
-6.20846
-6.20729
-6.20347
-6.1976
-6.1909
-6.18568
-6.19061
-6.20923
-6.23913
-6.27503
-6.31214
-6.34021
-6.35508
-6.35995
-6.34887
-6.3306
-6.31135
-6.29252
-6.28419
-6.2859
-6.30124
-6.32471
-6.3568
-6.38558
-6.40697
-6.41946
-6.41781
-6.40757
-6.38824
-6.35774
-6.32572
-6.29381
-6.26606
-6.24473
-6.23248
-6.23033
-6.2349
-6.24913
-6.26014
-6.27202
-6.27667
-6.27347
-6.26424
-6.25848
-6.25607
-6.26183
-6.27902
-6.30484
-6.33527
-6.36296
-6.38442
-6.39857
-6.40206
-6.3966
-6.3864
-6.37526
-6.3701
-6.37104
-6.38105
-6.40182
-6.42341
-6.44561
-6.4607
-6.46334
-6.45071
-6.42028
-6.37714
-6.33001
-6.282
-6.23662
-6.20225
-6.17493
-6.15209
-6.13749
-6.13178
-6.13766
-6.15638
-6.18563
-6.21903
-6.24842
-6.26679
-6.26954
-6.26118
-6.23915
-6.21144
-6.18507
-6.16808
-6.1634
-6.17961
-6.21039
-6.25566
-6.30761
-6.35499
-6.39164
-6.41747
-6.42999
-6.43309
-6.43075
-6.42902
-6.42573
-6.42404
-6.42263
-6.42521
-6.42772
-6.4284
-6.4323
-6.43556
-6.4352
-6.42238
-6.40001
-6.36589
-6.32404
-6.28148
-6.2441
-6.21224
-6.19758
