1.37697
1.29558
1.13724
1.00603
1.00246
1.0921
1.23782
1.34741
1.37343
1.35268
1.3239
1.29529
1.28132
1.30085
1.33795
1.34894
1.30768
1.2292
1.15743
1.11658
1.09061
1.05802
1.01666
0.98494
0.982138
1.00088
1.01943
1.02723
1.02409
1.01045
0.985633
0.951879
0.916631
0.889426
0.875203
0.872246
0.876755
0.884668
0.889602
0.885756
0.873833
0.862013
0.860099
0.871858
0.893293
0.917682
0.940479
0.959913
0.975329
0.9866
0.994366
1.00076
1.00875
1.02049
1.03614
1.05419
1.07306
1.09191
1.11057
1.1289
1.14628
1.16156
1.17339
1.18053
1.18224
1.17836
1.16958
1.15758
1.14466
1.13307
1.12452
1.11932
1.11564
1.11001
1.09952
1.08412
1.06725
1.05411
1.04862
1.05126
1.05974
1.071
1.08268
1.09316
1.10099
1.10462
1.10301
1.09635
1.08645
1.0761
1.06822
1.06507
1.068
1.07731
1.09223
1.11138
1.1331
1.15552
1.1762
1.19175
1.1985
1.19382
1.17753
1.15237
1.12341
1.09613
1.0743
1.05891
1.04877
1.04196
1.03649
1.03061
1.02302
1.01332
1.00245
0.99249
0.985522
0.982418
0.982432
0.983911
0.985422
0.987301
0.993569
1.01077
1.04166
1.0805
1.11697
1.14335
1.15713
1.16009
1.15606
1.14879
1.14082
1.13289
1.12426
1.11332
1.09884
1.08142
1.06403
1.05119
1.04738
1.05502
1.0732
1.09733
1.12071
1.13743
1.14494
1.14439
1.13881
1.13085
1.12225
1.11416
1.10676
1.09881
1.08848
1.07496
1.0595
1.04506
1.03443
1.02812
1.02478
1.02337
1.02336
1.02383
1.02376
1.02287
1.02175
1.02141
1.02273
1.02603
1.03099
1.0366
1.04136
1.04372
1.04287
1.03936
1.03475
1.03098
1.02963
1.03172
1.03776
1.04776
1.06138
1.07803
1.09679
1.11624
1.13429
1.14819
1.15501
1.1528
1.14153
1.12353
1.10307
1.08415
1.06871
1.05642
1.04585
1.03591
1.0268
1.0199
1.01673
1.01739
1.02071
1.02521
1.03063
1.03842
1.0507
1.06858
1.09094
1.11492
1.13729
1.15538
1.16717
1.17127
1.16668
1.15314
1.13118
1.10218
1.06883
1.03567
1.00881
0.994105
0.994433
1.00805
1.02969
1.05308
1.07311
1.08684
1.09329
1.09286
1.08684
1.07728
1.06738
1.06127
1.06228
1.07055
1.08303
1.09603
1.10712
1.11497
1.11872
1.11789
1.11315
1.1064
1.0994
1.09282
1.08646
1.07998
1.07359
1.06819
1.06492
1.06445
1.06652
1.06983
1.07251
1.0727
1.06902
1.061
1.0493
1.03577
1.02339
1.01556
1.01487
1.02215
1.03645
1.05581
1.07795
1.10039
1.12054
1.13608
1.14523
1.14682
1.14053
1.12724
1.10955
1.09169
1.07849
1.07296
1.07426
1.07833
1.08052
1.07786
1.0698
1.0579
1.04504
1.03441
1.02838
1.02778
1.03191
1.03909
1.0478
1.05733
1.06785
1.0798
1.09288
1.10593
1.11714
1.12486
1.12813
1.1273
1.12429
1.12234
1.12459
1.13235
1.14418
1.15659
1.16578
1.16872
1.16322
1.148
1.12295
1.08941
1.05018
1.00888
0.96917
0.934462
0.908549
0.895856
0.899485
0.917908
0.944912
0.973133
0.997351
1.01544
1.0277
1.03621
1.04391
1.05355
1.06662
1.08289
1.10077
1.11853
1.13498
1.14944
1.16117
1.16908
1.172
1.16942
1.16202
1.15168
1.14092
1.132
1.12608
1.12261
1.11983
1.116
1.11024
1.10258
1.09354
1.08389
1.07449
1.0661
1.05894
1.05218
1.0444
1.03421
1.02141
1.0077
0.996802
0.993099
0.9991
1.01345
1.03163
1.04859
1.06096
1.06745
1.06829
1.065
1.06004
1.05637
1.05648
1.06147
1.07063
1.08183
1.09247
1.10028
1.10385
1.10292
1.09805
1.09028
1.08111
1.07301
1.0685
1.06861
1.07147
1.07364
1.07278
1.0688
1.06306
1.05712
1.052
1.04812
1.0456
1.04454
1.04496
1.04677
1.05015
1.05583
1.06521
1.08007
1.10137
1.12741
1.15358
1.17381
1.18306
1.17926
1.16383
1.14121
1.11735
1.09794
1.08658
1.08418
1.08955
1.10031
1.11382
1.12755
1.13907
1.14602
1.14632
1.13881
1.12327
1.10036
1.07115
1.03693
0.999241
0.959938
0.921176
0.885271
0.85448
0.830999
0.817042
0.814603
0.82469
0.846647
0.877879
0.914387
0.951647
0.985567
1.01343
1.03443
1.04973
1.06204
1.07471
1.09043
1.11044
1.13415
1.15942
1.18295
1.20109
1.21073
1.21059
1.2018
1.18741
1.17132
1.15685
1.14561
1.13751
1.13149
1.12637
1.12137
1.11599
1.10971
1.10201
1.09261
1.08199
1.07099
1.06013
1.04911
1.03701
1.02323
1.00829
0.993873
0.982423
0.976225
0.976747
0.984275
0.997994
1.01643
1.03786
1.06082
1.08398
1.10582
1.12444
1.13784
1.14458
1.1444
1.13841
1.12872
1.11769
1.10733
1.09887
1.09305
1.09025
1.09037
1.0927
1.09591
1.09828
1.09855
1.09654
1.09288
1.0882
1.08226
1.07415
1.06356
1.05153
1.04018
1.03146
1.02605
1.02362
1.02374
1.02625
1.03094
1.03673
1.04161
1.04342
1.04112
1.0352
1.02768
1.02156
1.01977
1.02428
1.03548
1.05183
1.07029
1.08706
1.09837
1.10116
1.09394
1.07759
1.0561
1.03621
1.02522
1.02743
1.04189
1.06356
1.08635
1.10552
1.11815
1.12265
1.11821
1.105
1.08448
1.05959
1.03427
1.01251
0.99766
0.992129
0.997001
1.01181
1.03476
1.06331
1.09477
1.12624
1.15462
1.17673
1.18987
1.19237
1.18397
1.16584
1.14025
1.10987
1.07721
1.04451
1.01422
0.989391
0.973374
0.968661
0.975808
0.993229
1.01778
1.04577
1.07364
1.09827
1.11704
1.12794
1.1299
1.1232
1.10953
1.09171
1.07282
1.05542
1.0409
1.02962
1.02122
1.01519
1.0111
1.00878
1.00816
1.00886
1.01013
1.01153
1.01359
1.01786
1.02618
1.0395
1.05752
1.07876
1.10101
1.12164
1.13797
1.1475
1.14808
1.13816
1.11716
1.08642
1.04974
1.0126
0.980017
0.955132
0.940299
0.938564
0.952709
0.982577
1.02331
1.06637
1.10257
1.12496
1.13051
1.11984
1.09657
1.06599
1.0342
1.00702
0.989102
0.98316
0.989477
1.00614
1.03
1.05763
1.08572
1.11121
1.13142
1.1441
1.14754
1.14097
1.12528
1.10353
1.0806
1.06164
1.05059
1.04922
1.05696
1.07124
1.08831
1.10415
1.11564
1.12122
1.12093
1.11618
1.10922
1.10252
1.09857
1.09935
1.10492
1.11219
1.11555
1.10974
1.0926
1.06652
1.03855
1.01811
1.01164
1.01881
1.03468
1.05434
1.07442
1.09232
1.10536
1.11114
1.10837
1.09766
1.08189
1.0658
1.05462
1.05197
1.05826
1.07073
1.08487
1.09661
1.10391
1.10674
1.10545
1.09909
1.08603
1.06613
1.04201
1.01826
0.999222
0.986647
0.979223
0.974168
0.969666
0.966103
0.965453
0.969595
0.978954
0.992669
1.0096
1.02872
1.04883
1.06828
1.08499
1.09719
1.10411
1.10628
1.1055
1.10413
1.10382
1.10482
1.10642
1.10784
1.10884
1.10978
1.11122
1.11349
1.11673
1.1209
1.12589
1.13149
1.13739
1.14311
1.14792
1.1505
1.14891
1.14125
1.12642
1.10488
1.07861
1.05066
1.02451
1.00345
0.98986
0.984725
0.987126
0.994473
1.00331
1.01045
1.01413
1.01454
1.01364
1.01406
1.01811
1.02706
1.04084
1.05828
1.07775
1.09794
1.11795
1.13691
1.153
1.16307
1.16407
1.15493
1.13775
1.11707
1.09774
1.08267
1.07223
1.0653
1.06059
1.05756
1.05645
1.05798
1.06255
1.06957
1.07696
1.08166
1.08077
1.07287
1.05856
1.04006
1.02026
1.0021
0.988054
0.97962
0.977177
0.980348
0.988657
1.00174
1.01918
1.04021
1.06368
1.08835
1.11293
1.13605
1.15619
1.1718
1.18177
1.18575
1.18417
1.17762
1.16669
1.15206
1.13476
1.11622
1.09811
1.08206
1.06917
1.05949
1.05198
1.04526
1.03841
1.03138
1.02477
1.0191
1.01417
1.0091
1.00298
0.995982
0.989404
0.984916
0.983711
0.986211
0.992465
1.00238
1.01546
1.03038
1.04534
1.05867
1.06972
1.0794
1.08963
1.10204
1.11698
1.13298
1.14742
1.15779
1.16266
1.16203
1.15679
1.1478
1.13495
1.11774
1.09575
1.06935
1.03965
1.00835
0.977969
0.951881
0.933303
0.923932
0.923324
0.929672
0.941448
0.958436
0.981653
1.01208
1.04891
1.08889
1.12691
1.15763
1.17731
1.18479
1.18155
1.17096
1.1572
1.14412
1.13435
1.12887
1.12722
1.12783
1.12851
1.12697
1.12142
1.11111
1.09695
1.0817
1.0692
1.0629
1.06414
1.0716
1.08185
1.09067
1.09436
1.09082
1.08002
1.06396
1.04579
1.02877
1.01534
1.0065
1.00192
1.00047
1.00069
1.00114
1.00052
0.997971
0.993545
0.988574
0.985772
0.988544
0.999627
1.01925
1.0444
1.06986
1.09019
1.10174
1.10334
1.09644
1.08417
1.07023
1.05817
1.05111
1.05142
1.06017
1.07631
1.09665
1.11674
1.13248
1.14116
1.14174
1.13456
1.12074
1.10207
1.08084
1.05963
1.04097
1.02687
1.01852
1.01628
1.0195
1.02656
1.03519
1.04271
1.04669
1.0459
1.0411
1.0352
1.03224
1.03555
1.04631
1.06308
1.08264
1.10137
1.11619
1.12518
1.12771
1.12454
1.11773
1.11039
1.10585
1.10673
1.11387
1.12642
1.14216
1.15783
1.16939
1.1728
1.16531
1.14669
1.11945
1.08779
1.05603
1.02731
1.00306
0.983335
0.967894
0.957187
0.952658
0.956145
0.968245
0.987243
1.00907
1.02871
1.04179
1.04568
1.03994
1.02612
1.00765
0.989335
0.976536
0.97375
0.983304
1.00472
1.03473
1.06824
1.09984
1.12527
1.14229
1.15095
1.15328
1.15214
1.1501
1.14868
1.14813
1.14804
1.14802
1.14834
1.14955
1.15167
1.15337
1.15207
1.14525
1.13149
1.11087
1.08507
1.05713
1.03096
1.01029
0.997699
