-3.7918
-3.7897
-3.79125
-3.79417
-3.79475
-3.79285
-3.79366
-3.79198
-3.79245
-3.79054
-3.79189
-3.79347
-3.79218
-3.79441
-3.79603
-3.79744
-3.79849
-3.80019
-3.8015
-3.80014
-3.79891
-3.79761
-3.79727
-3.7973
-3.79556
-3.79514
-3.79582
-3.79487
-3.79407
-3.79414
-3.79657
-3.79524
-3.79598
-3.7952
-3.79515
-3.79507
-3.79472
-3.79125
-3.78854
-3.78673
-3.78937
-3.7906
-3.79628
-3.79921
-3.79918
-3.80246
-3.80239
-3.80131
-3.80417
-3.80216
-3.80191
-3.80097
-3.79946
-3.79631
-3.79438
-3.79789
-3.79856
-3.79691
-3.79846
-3.79908
-3.80108
-3.8004
-3.80222
-3.80162
-3.80262
-3.8017
-3.80004
-3.79748
-3.79468
-3.7924
-3.79295
-3.79495
-3.79763
-3.79794
-3.79749
-3.79767
-3.79986
-3.79865
-3.79589
-3.794
-3.79163
-3.78973
-3.7886
-3.78997
-3.79232
-3.79258
-3.79268
-3.79329
-3.79383
-3.79556
-3.79599
-3.79363
-3.79276
-3.78929
-3.7894
-3.78919
-3.78964
-3.79271
-3.79694
-3.79958
-3.80064
-3.80079
-3.80318
-3.80354
-3.80423
-3.80422
-3.80254
-3.80226
-3.7983
-3.79937
-3.80194
-3.80247
-3.80045
-3.79661
-3.79608
-3.79503
-3.79442
-3.79162
-3.79172
-3.7928
-3.79461
-3.79696
-3.80008
-3.8015
-3.80453
-3.80478
-3.80506
-3.80503
-3.80676
-3.80623
-3.80182
-3.79869
-3.79826
-3.79564
-3.79372
-3.79195
-3.78837
-3.78967
-3.79183
-3.79264
-3.7946
-3.79378
-3.79383
-3.79543
-3.79621
-3.79497
-3.79561
-3.79843
-3.80064
-3.80147
-3.80368
-3.80328
-3.80271
-3.8033
-3.80031
-3.80113
-3.79848
-3.79625
-3.79616
-3.79374
-3.79053
-3.79146
-3.79151
-3.79486
-3.79769
-3.8003
-3.79987
-3.8031
-3.80042
-3.80376
-3.80286
-3.803
-3.80111
-3.79952
-3.79751
-3.79872
-3.80031
-3.80076
-3.79937
-3.79793
-3.79828
-3.79614
-3.79466
-3.79406
-3.79505
-3.79427
-3.79601
-3.79865
-3.79943
-3.79733
-3.79499
-3.79094
-3.78996
-3.79082
-3.78914
-3.7897
-3.79011
-3.79057
-3.79344
-3.79132
-3.79226
-3.79344
-3.79293
-3.79289
-3.78957
-3.79058
-3.79142
-3.79312
-3.79536
-3.79572
-3.79679
-3.79957
-3.80104
-3.80152
-3.80136
-3.80255
-3.80427
-3.80306
-3.80221
-3.8008
-3.80113
-3.80025
-3.79659
-3.79353
-3.79327
-3.79146
-3.79027
-3.7912
-3.78922
-3.79058
-3.79405
-3.79982
-3.80473
-3.80537
-3.80301
-3.79845
-3.79836
-3.79706
-3.79405
-3.79129
-3.78983
-3.78935
-3.78875
-3.78748
-3.79003
-3.78985
-3.79095
-3.79293
-3.79487
-3.79645
-3.79659
-3.79668
-3.79757
-3.79878
-3.79996
-3.80337
-3.80648
-3.80694
-3.80658
-3.80499
-3.80065
-3.79761
-3.79584
-3.79241
-3.78967
-3.78822
-3.78677
-3.78558
-3.78604
-3.79018
-3.79281
-3.79459
-3.79829
-3.80043
-3.80096
-3.80099
-3.80133
-3.79998
-3.79718
-3.7983
-3.79499
-3.79259
-3.79225
-3.79298
-3.79382
-3.7937
-3.79269
-3.79388
-3.79525
-3.79413
-3.79522
-3.7962
-3.79736
-3.79394
-3.79169
-3.79175
-3.79181
-3.79274
-3.7947
-3.79378
-3.79605
-3.7988
-3.79926
-3.79814
-3.79894
-3.79993
-3.79971
-3.79775
-3.79467
-3.79504
-3.79159
-3.78976
-3.78994
-3.78713
-3.78674
-3.78704
-3.7883
-3.7927
-3.79365
-3.79371
-3.79636
-3.7991
-3.79933
-3.79745
-3.79446
-3.78993
-3.78753
-3.78648
-3.78704
-3.78537
-3.78702
-3.78863
-3.79207
-3.79515
-3.79556
-3.79807
-3.79654
-3.79518
-3.79519
-3.79529
-3.79729
-3.79831
-3.80178
-3.80133
-3.7996
-3.79786
-3.79377
-3.79223
-3.79224
-3.79324
-3.79235
-3.79429
-3.79355
-3.79464
-3.79335
-3.79105
-3.78958
-3.78975
-3.78788
-3.78799
-3.78878
-3.79292
-3.79592
-3.79774
-3.79831
-3.7975
-3.79789
-3.79546
-3.79442
-3.79592
-3.79889
-3.79684
-3.79689
-3.79694
-3.7954
-3.79692
-3.79413
-3.79114
-3.79059
-3.79161
-3.79101
-3.79265
-3.79137
-3.79227
-3.78999
-3.79052
-3.79306
-3.79268
-3.79563
-3.79878
-3.80123
-3.80182
-3.80155
-3.80142
-3.80013
-3.79937
-3.79812
-3.79647
-3.79476
-3.79514
-3.79424
-3.79419
-3.7938
-3.79516
-3.79362
-3.79527
-3.79724
-3.79709
-3.79823
-3.79678
-3.79838
-3.79772
-3.79887
-3.79546
-3.79495
-3.79411
-3.79458
-3.79279
-3.79221
-3.79289
-3.79586
-3.79512
-3.79588
-3.79766
-3.79576
-3.79579
-3.79202
-3.79268
-3.79206
-3.79277
-3.79205
-3.79269
-3.79177
-3.79482
-3.79471
-3.79615
-3.79695
-3.79723
-3.79757
-3.79677
-3.79333
-3.79383
-3.79046
-3.78969
-3.78658
-3.78213
-3.78257
-3.78756
-3.79234
-3.79691
-3.79847
-3.80118
-3.80198
-3.80379
-3.80281
-3.80371
-3.8028
-3.80063
-3.80147
-3.79798
-3.79549
-3.79259
-3.79219
-3.78941
-3.7893
-3.78834
-3.79063
-3.79439
-3.79713
-3.7976
-3.80072
-3.80121
-3.80104
-3.79937
-3.80146
-3.79986
-3.79945
-3.79834
-3.79916
-3.79764
-3.79686
-3.79601
-3.79755
-3.79904
-3.79867
-3.80154
-3.8025
-3.79984
-3.79787
-3.79614
-3.79728
-3.79549
-3.79426
-3.79613
-3.79717
-3.79703
-3.79648
-3.7956
-3.79332
-3.79406
-3.79294
-3.79409
-3.79294
-3.79288
-3.7956
-3.79632
-3.79637
-3.79824
-3.79824
-3.79796
-3.79744
-3.7974
-3.79753
-3.7959
-3.7943
-3.79217
-3.79508
-3.79552
-3.79625
-3.79797
-3.79617
-3.79603
-3.79651
-3.79436
-3.79303
-3.79226
-3.79116
-3.79202
-3.79443
-3.79457
-3.7946
-3.79313
-3.79182
-3.78869
-3.78626
-3.78326
-3.78485
-3.78927
-3.79271
-3.79142
-3.79203
-3.79334
-3.79792
-3.79826
-3.80136
-3.80151
-3.80137
-3.80197
-3.79994
-3.7987
-3.79676
-3.79612
-3.79691
-3.79566
-3.79107
-3.7894
-3.78986
-3.79124
-3.79123
-3.79012
-3.7917
-3.79135
-3.79278
-3.79061
-3.79028
-3.79069
-3.79112
-3.79328
-3.79531
-3.8009
-3.80326
-3.80332
-3.80114
-3.80298
-3.80266
-3.79967
-3.79929
-3.79865
-3.79798
-3.79806
-3.79839
-3.79503
-3.79423
-3.7901
-3.78882
-3.78629
-3.78687
-3.78925
-3.79247
-3.79234
-3.79586
-3.79921
-3.80151
-3.79973
-3.79908
-3.79587
-3.795
-3.79573
-3.7968
-3.79584
-3.79794
-3.79788
-3.79586
-3.79462
-3.79418
-3.79647
-3.79502
-3.79203
-3.79103
-3.79041
-3.79093
-3.79314
-3.79297
-3.7946
-3.79912
-3.80031
-3.79922
-3.797
-3.79576
-3.79488
-3.79493
-3.79543
-3.7926
-3.79237
-3.79092
-3.79099
-3.79396
-3.79444
-3.79538
-3.79439
-3.79234
-3.79175
-3.78965
-3.78844
-3.79146
-3.79475
-3.79821
-3.7999
-3.80013
-3.79875
-3.79644
-3.7959
-3.79541
-3.79105
-3.7879
-3.78632
-3.78967
-3.79025
-3.79041
-3.7922
-3.79335
-3.79222
-3.79232
-3.79303
-3.7945
-3.79523
-3.79724
-3.79779
-3.79887
-3.79738
-3.7977
-3.79599
-3.79385
-3.79546
-3.7941
-3.79253
-3.79507
-3.79229
-3.79176
-3.79139
-3.78736
-3.78606
-3.78465
-3.7873
-3.78934
-3.79362
-3.79916
-3.80329
-3.80582
-3.80787
-3.80847
-3.80641
-3.80206
-3.79779
-3.79563
-3.79462
-3.79327
-3.79187
-3.79036
-3.79094
-3.79143
-3.79221
-3.79289
-3.79405
-3.79676
-3.79839
-3.79822
-3.79562
-3.79684
-3.79662
-3.79661
-3.79514
-3.79193
-3.7917
-3.79019
-3.79197
-3.79394
-3.79579
-3.7961
-3.79707
-3.79897
-3.79952
-3.80223
-3.80193
-3.80481
-3.80562
-3.80578
-3.80436
-3.80137
-3.7982
-3.795
-3.79386
-3.7912
-3.7936
-3.79425
-3.79183
-3.79531
-3.79785
-3.79957
-3.80423
-3.80362
-3.80525
-3.80511
-3.80363
-3.79974
-3.79831
-3.79395
-3.79298
-3.79291
-3.79214
-3.79106
-3.79331
-3.79544
-3.79556
-3.7978
-3.80025
-3.79946
-3.79937
-3.79932
-3.79688
-3.79423
-3.79405
-3.79414
-3.79375
-3.7936
-3.79336
-3.79397
-3.79275
-3.79329
-3.7929
-3.79328
-3.79165
-3.79015
-3.79112
-3.78968
-3.78844
-3.78912
-3.78983
-3.79043
-3.79036
-3.79051
-3.79215
-3.79074
-3.79189
-3.79448
-3.79668
-3.8
-3.79759
-3.79688
-3.79619
-3.79595
-3.79514
-3.79307
-3.79148
-3.79253
-3.79506
-3.79727
-3.79808
-3.80065
-3.79972
-3.8001
-3.80041
-3.79926
-3.79696
-3.79628
-3.79558
-3.79547
-3.79352
-3.79311
-3.79111
-3.79225
-3.79387
-3.79526
-3.79704
-3.79744
-3.79886
-3.80074
-3.79932
-3.80077
-3.80269
-3.80052
-3.79856
-3.79819
-3.79754
-3.79651
-3.79799
-3.79902
-3.80097
-3.80208
-3.80248
-3.80467
-3.80294
-3.79894
-3.79666
-3.79598
-3.7933
-3.79113
-3.79124
-3.79139
-3.79059
-3.79002
-3.7907
-3.79055
-3.78915
-3.79445
-3.79411
-3.79861
-3.80209
-3.79958
-3.79914
-3.79907
-3.79745
-3.79657
-3.79695
-3.79631
-3.79563
-3.79369
-3.78965
-3.7889
-3.79272
-3.79352
-3.79517
-3.79916
-3.80049
-3.80013
-3.80008
-3.80388
-3.80411
-3.80222
-3.79915
-3.79773
-3.79753
-3.79549
-3.79214
-3.79135
-3.79172
-3.79059
-3.79277
-3.79388
-3.79734
-3.80088
-3.80207
-3.80515
-3.80472
-3.8011
-3.79933
-3.79532
-3.79507
-3.79449
-3.79151
-3.79144
-3.78877
-3.79008
-3.79176
-3.79423
-3.79649
-3.7972
-3.79768
-3.80078
-3.80258
-3.80237
-3.80443
-3.80381
-3.80066
-3.80004
-3.79861
-3.79765
-3.79494
-3.79627
-3.79672
-3.7969
-3.7983
-3.79837
-3.79834
-3.79919
-3.79875
-3.79455
-3.79346
-3.7929
-3.79158
-3.78927
-3.78823
-3.78717
-3.78819
-3.79217
-3.79515
-3.79808
-3.79948
-3.79863
-3.79861
-3.79951
-3.79792
-3.79593
-3.79686
-3.79439
-3.79317
-3.7938
-3.79471
-3.79756
-3.79723
-3.80095
-3.7991
-3.79854
-3.79683
-3.7943
-3.79255
-3.79314
-3.79049
-3.79082
-3.79055
-3.79144
-3.79138
-3.7915
-3.79225
-3.79312
-3.79282
-3.79209
-3.7962
-3.79529
-3.79641
-3.79825
-3.79634
-3.79561
-3.79584
-3.79268
-3.79352
-3.79179
-3.79267
-3.78999
-3.79226
-3.79454
-3.79341
-3.79068
-3.79194
-3.79375
-3.79235
-3.79391
-3.7953
-3.79869
-3.80099
-3.80055
-3.80017
-3.79982
-3.79889
-3.79945
-3.79751
-3.79407
-3.79398
-3.79506
-3.79568
-3.79633
-3.79582
-3.79342
-3.79553
-3.79461
-3.79503
-3.79276
-3.79396
-3.79572
-3.79786
-3.79874
-3.80111
-3.80252
-3.80423
-3.80151
-3.79858
-3.79349
-3.78995
-3.78587
-3.78608
