-5.89688
-5.90624
-5.92303
-5.94272
-5.95851
-5.96551
-5.96338
-5.94288
-5.90831
-5.85886
-5.80632
-5.75398
-5.7034
-5.66415
-5.6352
-5.62095
-5.62519
-5.65063
-5.69443
-5.74881
-5.80856
-5.86536
-5.91474
-5.95458
-5.98405
-6.00746
-6.02373
-6.0286
-6.02581
-6.02297
-6.03012
-6.046
-6.07465
-6.10532
-6.13125
-6.14363
-6.13715
-6.10804
-6.06295
-6.00725
-5.9502
-5.89143
-5.84227
-5.80093
-5.77122
-5.76124
-5.76421
-5.78019
-5.8094
-5.83663
-5.86252
-5.88012
-5.88655
-5.87912
-5.8617
-5.84259
-5.8202
-5.80179
-5.79756
-5.80509
-5.82575
-5.85224
-5.88533
-5.91712
-5.95094
-5.98213
-6.00678
-6.01626
-6.00329
-5.96617
-5.9138
-5.86018
-5.82118
-5.80201
-5.8028
-5.82063
-5.85412
-5.89454
-5.93688
-5.97346
-5.99304
-5.99124
-5.96955
-5.93636
-5.89968
-5.86576
-5.84327
-5.83629
-5.845
-5.86848
-5.89745
-5.91922
-5.92773
-5.91458
-5.8891
-5.85581
-5.82573
-5.80941
-5.81004
-5.82444
-5.84809
-5.87538
-5.90455
-5.92913
-5.95123
-5.96964
-5.98276
-5.99373
-5.99912
-6.0098
-6.02264
-6.03154
-6.03075
-6.01504
-5.98548
-5.93744
-5.87465
-5.80017
-5.72746
-5.6645
-5.62001
-5.59882
-5.60122
-5.6216
-5.65942
-5.70763
-5.76694
-5.83264
-5.89927
-5.95506
-5.99346
-6.01797
-6.03051
-6.02721
-6.01164
-5.98403
-5.94519
-5.90759
-5.87352
-5.84491
-5.82641
-5.81574
-5.81691
-5.82827
-5.84286
-5.85469
-5.86516
-5.87541
-5.88577
-5.89863
-5.91843
-5.94153
-5.96962
-6.00096
-6.02527
-6.04282
-6.03971
-6.01563
-5.97196
-5.90802
-5.83244
-5.75882
-5.69189
-5.64654
-5.62728
-5.63441
-5.65648
-5.68975
-5.71807
-5.75078
-5.77687
-5.80171
-5.82364
-5.84773
-5.87607
-5.9136
-5.95616
-5.99834
-6.03417
-6.06067
-6.07686
-6.07816
-6.06978
-6.05633
-6.0446
-6.03692
-6.04149
-6.05786
-6.08049
-6.10075
-6.1116
-6.10462
-6.08316
-6.04958
-6.00576
-5.96326
-5.9254
-5.89674
-5.8824
-5.87528
-5.8804
-5.88872
-5.89083
-5.88251
-5.85694
-5.82351
-5.78408
-5.74824
-5.72306
-5.70935
-5.70862
-5.71907
-5.73634
-5.76089
-5.79174
-5.82618
-5.85785
-5.88061
-5.89956
-5.91795
-5.94102
-5.96537
-5.98568
-5.99928
-6.00099
-5.97941
-5.93315
-5.8672
-5.78855
-5.7221
-5.68652
-5.6955
-5.74571
-5.81917
-5.89609
-5.96028
-6.01014
-6.03871
-6.04709
-6.03966
-6.02035
-5.99224
-5.95706
-5.91522
-5.8706
-5.81692
-5.76201
-5.71324
-5.6777
-5.65834
-5.65137
-5.65333
-5.66372
-5.686
-5.72669
-5.79168
-5.87388
-5.95901
-6.03581
-6.09498
-6.1313
-6.14817
-6.14559
-6.12023
-6.0742
-6.00964
-5.93009
-5.84355
-5.76093
-5.69475
-5.65094
-5.63863
-5.66006
-5.70165
-5.75174
-5.804
-5.85534
-5.9002
-5.93442
-5.95919
-5.96489
-5.96017
-5.95327
-5.94964
-5.94977
-5.94814
-5.93827
-5.91968
-5.89247
-5.86048
-5.83539
-5.81912
-5.81245
-5.80804
-5.80733
-5.80758
-5.80498
-5.80151
-5.80032
-5.8014
-5.81397
-5.83756
-5.87023
-5.9114
-5.95995
-6.00664
-6.04293
-6.06461
-6.0727
-6.07392
-6.06253
-6.04416
-6.01931
-5.98455
-5.94877
-5.91605
-5.89362
-5.88839
-5.8938
-5.90974
-5.93854
-5.97718
-6.01765
-6.04978
-6.06443
-6.05584
-6.02734
-5.981
-5.92189
-5.85434
-5.7946
-5.74802
-5.72061
-5.71106
-5.71524
-5.73192
-5.74624
-5.75697
-5.76793
-5.7872
-5.82574
-5.88258
-5.95392
-6.02071
-6.07367
-6.10729
-6.1187
-6.11703
-6.10756
-6.09448
-6.07698
-6.05955
-6.03577
-6.00915
-5.97433
-5.93177
-5.88383
-5.83398
-5.78293
-5.7409
-5.71351
-5.70939
-5.72594
-5.75817
-5.7953
-5.82509
-5.84212
-5.84202
-5.8366
-5.83769
-5.8503
-5.86619
-5.88703
-5.90796
-5.92932
-5.9588
-5.98804
-6.01466
-6.03241
-6.03565
-6.02415
-6.00886
-5.98812
-5.96476
-5.92949
-5.8877
-5.84321
-5.79968
-5.77238
-5.76326
-5.7706
-5.78834
-5.81184
-5.837
-5.85737
-5.86963
-5.86954
-5.85735
-5.8375
-5.81921
-5.8067
-5.80689
-5.81798
-5.83748
-5.85629
-5.8787
-5.90181
-5.92241
-5.94147
-5.95158
-5.9557
-5.94752
-5.93209
-5.9055
-5.87825
-5.85022
-5.82635
-5.80643
-5.79696
-5.79921
-5.81268
-5.82733
-5.84366
-5.85754
-5.8622
-5.8626
-5.85335
-5.84407
-5.83191
-5.82308
-5.81763
-5.81971
-5.82689
-5.84537
-5.86892
-5.90254
-5.94222
-5.98393
-6.02259
-6.05143
-6.06458
-6.06544
-6.04337
-6.00169
-5.93308
-5.84045
-5.74079
-5.65389
-5.59652
-5.5789
-5.5931
-5.63157
-5.68233
-5.74392
-5.81026
-5.88327
-5.95477
-6.01961
-6.07614
-6.11189
-6.12847
-6.12238
-6.09705
-6.05133
-5.99667
-5.93715
-5.88404
-5.84152
-5.81123
-5.79326
-5.7913
-5.79683
-5.80823
-5.82191
-5.84144
-5.85817
-5.8758
-5.89151
-5.90771
-5.91983
-5.92951
-5.93282
-5.92885
-5.9151
-5.89483
-5.8806
-5.87117
-5.86293
-5.85639
-5.84932
-5.84383
-5.83368
-5.82318
-5.81869
-5.82031
-5.82601
-5.82959
-5.82535
-5.81158
-5.79613
-5.77841
-5.7663
-5.75827
-5.75996
-5.77316
-5.79054
-5.80957
-5.83009
-5.84821
-5.86645
-5.8841
-5.89816
-5.90313
-5.8937
-5.87243
-5.84436
-5.82338
-5.80884
-5.80563
-5.81264
-5.82235
-5.83713
-5.8528
-5.86244
-5.86656
-5.86512
-5.86163
-5.86526
-5.88067
-5.90393
-5.9317
-5.95435
-5.96507
-5.95495
-5.92346
-5.87416
-5.8276
-5.80147
-5.7992
-5.80709
-5.81795
-5.82531
-5.83571
-5.84867
-5.87557
-5.90978
-5.94896
-5.98802
-6.0189
-6.04233
-6.05558
-6.06033
-6.05734
-6.04508
-6.02457
-6.00335
-5.97993
-5.95193
-5.91765
-5.88114
-5.8513
-5.82615
-5.80709
-5.78267
-5.75226
-5.71273
-5.66697
-5.62551
-5.59804
-5.59806
-5.62097
-5.66089
-5.7075
-5.75957
-5.80726
-5.84867
-5.88872
-5.92494
-5.95794
-5.9874
-6.00976
-6.01661
-6.01011
-5.98185
-5.93871
-5.88103
-5.82225
-5.77451
-5.75077
-5.75461
-5.7899
-5.84075
-5.89155
-5.92781
-5.94939
-5.95342
-5.95017
-5.94729
-5.95344
-5.97467
-6.01723
-6.0658
-6.10402
-6.12143
-6.11424
-6.08926
-6.04838
-6.0002
-5.95041
-5.89754
-5.84463
-5.79968
-5.77034
-5.77024
-5.80007
-5.8431
-5.88623
-5.9197
-5.93986
-5.94466
-5.93629
-5.91787
-5.89062
-5.8665
-5.84861
-5.84643
-5.86465
-5.89383
-5.92494
-5.94102
-5.9337
-5.90565
-5.86191
-5.81661
-5.78443
-5.76955
-5.77586
-5.8016
-5.84413
-5.89632
-5.94759
-5.98817
-6.00717
-5.99757
-5.96722
-5.92388
-5.88094
-5.84034
-5.8099
-5.79123
-5.77847
-5.7681
-5.76491
-5.77119
-5.78927
-5.81786
-5.85688
-5.89941
-5.94265
-5.97965
-6.01262
-6.03663
-6.05241
-6.06286
-6.06019
-6.04729
-6.03026
-6.00189
-5.9707
-5.93373
-5.88558
-5.83256
-5.77507
-5.72403
-5.68396
-5.66774
-5.68268
-5.72905
-5.80168
-5.88947
-5.97653
-6.0489
-6.09825
-6.12219
-6.12211
-6.10044
-6.06145
-6.01176
-5.95687
-5.904
-5.85607
-5.81932
-5.7994
-5.80088
-5.82386
-5.85989
-5.90011
-5.93571
-5.96521
-5.9771
-5.96995
-5.94244
-5.89612
-5.83838
-5.77129
-5.71148
-5.6678
-5.64385
-5.63423
-5.63637
-5.64889
-5.66917
-5.69981
-5.73462
-5.77907
-5.82713
-5.87815
-5.9267
-5.96507
-5.98553
-5.98177
-5.95594
-5.91204
-5.86826
-5.82826
-5.79733
-5.78876
-5.79957
-5.83269
-5.89147
-5.96269
-6.04502
-6.1238
-6.18861
-6.22917
-6.24383
-6.22464
-6.17995
-6.11407
-6.03611
-5.95935
-5.89969
-5.86212
-5.84722
-5.8564
-5.88166
-5.91089
-5.93825
-5.95515
-5.95523
-5.94194
-5.92446
-5.90977
-5.90468
-5.91214
-5.9292
-5.95237
-5.97422
-5.99295
-6.00159
-6.00091
-5.99027
-5.97401
-5.9545
-5.92531
-5.88892
-5.85107
-5.81683
-5.7911
-5.77268
-5.75818
-5.74572
-5.73109
-5.72255
-5.72127
-5.72596
-5.73682
-5.745
-5.75556
-5.76417
-5.76851
-5.76676
-5.76035
-5.75528
-5.75829
-5.77107
-5.79273
-5.82175
-5.85984
-5.89957
-5.94292
-5.9851
-6.02025
-6.04363
-6.05367
-6.04682
-6.02489
-5.98884
-5.94699
-5.90249
-5.86657
-5.84043
-5.82287
-5.81186
-5.80382
-5.80093
-5.80352
-5.80978
-5.8288
-5.85927
-5.89174
-5.92031
-5.93697
-5.93634
-5.92145
-5.9027
-5.88614
-5.88067
-5.88836
-5.9082
-5.9381
-5.96797
-5.99627
-6.0229
-6.04145
-6.04256
-6.02744
-6.00216
-5.97163
-5.94035
-5.9109
-5.88189
-5.84799
-5.80927
-5.77992
-5.75668
-5.75632
-5.77279
-5.79517
-5.82297
-5.84698
-5.86081
-5.86582
-5.86449
-5.85766
-5.84771
-5.83171
-5.80614
-5.77706
-5.75244
-5.73612
-5.74162
-5.77061
-5.80934
-5.85067
-5.89625
-5.95341
-6.01498
-6.07638
-6.12985
-6.1707
-6.19336
-6.19161
-6.16462
-6.11743
-6.05387
-5.98229
-5.92349
-5.88837
-5.88746
-5.91452
-5.95561
-6.00089
-6.03315
-6.04642
-6.04552
-6.02955
-6.00746
-5.97617
-5.93288
-5.88193
-5.81904
-5.75588
-5.6978
-5.65485
-5.6311
-5.62283
-5.62507
-5.6376
-5.65869
-5.6895
-5.73079
-5.77035
-5.80159
-5.82468
-5.8333
-5.82843
-5.81106
-5.79362
-5.77927
-5.77447
-5.78237
-5.79821
-5.81916
-5.84193
-5.86071
-5.87037
-5.87616
-5.87428
-5.86225
-5.83903
-5.80807
-5.77253
-5.74169
-5.72417
-5.72125
-5.73515
-5.76291
-5.8011
-5.84913
-5.90129
-5.94627
-5.97789
-5.99395
-5.98711
-5.96576
-5.93794
-5.91128
-5.89575
-5.89011
-5.89952
-5.90815
-5.91595
-5.91451
-5.90046
-5.87633
-5.85121
-5.83043
-5.82608
-5.83164
-5.84294
-5.85547
-5.87166
-5.89304
-5.91796
-5.94296
-5.9672
-5.99537
-6.01691
-6.03689
-6.05139
-6.05364
-6.04709
-6.03088
-6.00124
-5.9684
-5.93133
-5.90222
-5.88021
-5.87465
-5.87622
-5.87402
-5.86226
-5.84193
-5.80949
-5.76552
-5.72462
-5.69472
-5.6877
-5.70396
-5.73725
-5.7813
-5.82809
-5.87268
-5.9154
-5.95056
-5.97669
-5.99778
-6.01483
-6.03188
-6.05259
-6.07337
-6.08758
-6.09661
-6.0907
-6.07384
-6.04307
-6.00819
-5.97355
-5.94871
-5.9411
-5.95693
-5.98848
-6.02524
-6.04953
-6.05513
-6.03305
-5.98344
-5.90704
-5.82057
