-6.1813
-6.15987
-6.13223
-6.09925
-6.05982
-6.01894
-5.97597
-5.94123
-5.91975
-5.90901
-5.90323
-5.89815
-5.90269
-5.92573
-5.96595
-6.01371
-6.059
-6.09088
-6.10247
-6.08955
-6.05904
-6.00653
-5.94204
-5.87856
-5.82294
-5.7927
-5.78899
-5.81323
-5.85887
-5.91952
-5.98452
-6.04561
-6.08858
-6.12085
-6.14159
-6.15377
-6.15632
-6.15067
-6.13521
-6.10802
-6.07878
-6.05215
-6.02985
-6.01637
-6.00619
-5.99969
-5.99308
-5.98738
-5.97977
-5.96969
-5.95997
-5.95691
-5.95872
-5.9676
-5.98511
-6.00485
-6.02232
-6.0315
-6.02942
-6.01895
-6.00447
-5.98523
-5.97031
-5.96154
-5.96101
-5.97311
-6.00119
-6.03992
-6.07872
-6.11348
-6.13345
-6.13385
-6.11082
-6.0679
-6.012
-5.9546
-5.90794
-5.87885
-5.86953
-5.87233
-5.88648
-5.90157
-5.91871
-5.93826
-5.95516
-5.97242
-5.98655
-6.00164
-6.01342
-6.02249
-6.03964
-6.0717
-6.11386
-6.15839
-6.19959
-6.22989
-6.24858
-6.25774
-6.25272
-6.24039
-6.21762
-6.19062
-6.15618
-6.12273
-6.09163
-6.0655
-6.04667
-6.04264
-6.04798
-6.05304
-6.05473
-6.04778
-6.03352
-6.01761
-6.01019
-6.00732
-6.0161
-6.03548
-6.06549
-6.1011
-6.13508
-6.16253
-6.178
-6.17597
-6.16254
-6.14306
-6.12232
-6.10644
-6.09209
-6.07256
-6.05085
-6.02373
-5.99373
-5.95908
-5.931
-5.90818
-5.8974
-5.89964
-5.91046
-5.92644
-5.94602
-5.96547
-5.98163
-5.99876
-6.01074
-6.01665
-6.01775
-6.01109
-6.00115
-5.99105
-5.98174
-5.97515
-5.96962
-5.96352
-5.95185
-5.93904
-5.9268
-5.91522
-5.90584
-5.90379
-5.90548
-5.90958
-5.91336
-5.92104
-5.92318
-5.92845
-5.93607
-5.95346
-5.97697
-6.00505
-6.03489
-6.05701
-6.06658
-6.06926
-6.06451
-6.05426
-6.04624
-6.04179
-6.04061
-6.04013
-6.03713
-6.03229
-6.02146
-6.00812
-5.99568
-5.98772
-5.99076
-6.0013
-6.01671
-6.03105
-6.03681
-6.03968
-6.0411
-6.04722
-6.05965
-6.07922
-6.10057
-6.1177
-6.11866
-6.10045
-6.06784
-6.03184
-5.99937
-5.98415
-5.98667
-6.01433
-6.05396
-6.09338
-6.12417
-6.13961
-6.13866
-6.12356
-6.09951
-6.06982
-6.03909
-6.00569
-5.97449
-5.94908
-5.93297
-5.92897
-5.93769
-5.95589
-5.98187
-6.00814
-6.02699
-6.04261
-6.0506
-6.05097
-6.04083
-6.02525
-6.00276
-5.97483
-5.94361
-5.91
-5.87342
-5.84139
-5.81315
-5.79702
-5.79312
-5.80304
-5.82834
-5.85869
-5.89433
-5.93247
-5.96912
-6.00358
-6.04133
-6.07465
-6.10831
-6.14057
-6.17144
-6.19949
-6.22234
-6.24124
-6.25101
-6.24917
-6.23667
-6.21907
-6.2001
-6.18128
-6.1628
-6.14607
-6.12172
-6.08651
-6.04594
-6.00365
-5.96538
-5.93633
-5.91957
-5.91246
-5.91246
-5.91656
-5.91978
-5.91527
-5.90491
-5.88838
-5.869
-5.85615
-5.84957
-5.85501
-5.87123
-5.90892
-5.96067
-6.02042
-6.07426
-6.11131
-6.12922
-6.12092
-6.08874
-6.04252
-5.9954
-5.96262
-5.95732
-5.98745
-6.04372
-6.10841
-6.16401
-6.20153
-6.21661
-6.21333
-6.19577
-6.16959
-6.14009
-6.10882
-6.08291
-6.06808
-6.0721
-6.09155
-6.11566
-6.13308
-6.13281
-6.1161
-6.08588
-6.05091
-6.01043
-5.97641
-5.94797
-5.92918
-5.91767
-5.91652
-5.92878
-5.94764
-5.97512
-6.00865
-6.04155
-6.06912
-6.08388
-6.08643
-6.07319
-6.0457
-6.01028
-5.97405
-5.94436
-5.92549
-5.9184
-5.9174
-5.9247
-5.93434
-5.94451
-5.9568
-5.97098
-5.98547
-6.00485
-6.01907
-6.02686
-6.02838
-6.01624
-5.99644
-5.95974
-5.91183
-5.86509
-5.82373
-5.79548
-5.78678
-5.79632
-5.81309
-5.83658
-5.85483
-5.86892
-5.87664
-5.88116
-5.88812
-5.89317
-5.90725
-5.9287
-5.95627
-5.98189
-6.00155
-6.01236
-6.0107
-5.99967
-5.9873
-5.98288
-5.99408
-6.0221
-6.06544
-6.11834
-6.17268
-6.21939
-6.24845
-6.26049
-6.25518
-6.23516
-6.20531
-6.17384
-6.13919
-6.11182
-6.08824
-6.06805
-6.04756
-6.02958
-6.01484
-6.00708
-6.01211
-6.02883
-6.05257
-6.06931
-6.07975
-6.07434
-6.05264
-6.02274
-5.99018
-5.96258
-5.94408
-5.93638
-5.93162
-5.93043
-5.93909
-5.95748
-5.98196
-6.01184
-6.03837
-6.06738
-6.09865
-6.12233
-6.1414
-6.15466
-6.15474
-6.14678
-6.13016
-6.10264
-6.07633
-6.05184
-6.0298
-6.01515
-6.00481
-6.00404
-6.00318
-6.00614
-6.00286
-5.99808
-5.994
-5.98683
-5.98254
-5.98878
-6.00115
-6.01537
-6.02445
-6.0231
-6.00906
-5.98541
-5.95289
-5.92151
-5.88967
-5.86431
-5.85237
-5.85403
-5.86884
-5.89121
-5.9155
-5.94289
-5.97392
-6.00908
-6.04805
-6.08352
-6.11989
-6.13902
-6.14698
-6.14545
-6.14024
-6.13964
-6.1413
-6.14568
-6.14409
-6.1273
-6.10315
-6.06961
-6.0343
-6.01393
-6.00872
-6.03353
-6.08169
-6.13966
-6.18691
-6.2118
-6.20443
-6.16631
-6.10677
-6.03327
-5.95996
-5.89805
-5.85166
-5.8306
-5.82966
-5.84423
-5.86556
-5.88701
-5.90085
-5.90899
-5.91233
-5.91506
-5.92309
-5.93456
-5.94471
-5.95238
-5.95162
-5.94242
-5.9333
-5.92606
-5.92099
-5.92968
-5.94836
-5.97498
-6.00073
-6.01675
-6.02367
-6.02148
-6.01251
-6.00146
-5.99746
-5.99674
-6.00171
-6.00324
-6.00699
-6.01042
-6.01302
-6.01824
-6.02429
-6.03292
-6.04981
-6.07126
-6.10093
-6.13866
-6.16941
-6.18962
-6.19586
-6.18386
-6.15498
-6.11521
-6.07251
-6.03743
-6.01932
-6.01556
-6.0232
-6.03214
-6.03476
-6.0217
-5.99706
-5.96944
-5.93949
-5.91754
-5.91748
-5.93985
-5.98048
-6.03317
-6.08878
-6.13639
-6.17067
-6.1869
-6.18633
-6.16465
-6.13515
-6.10674
-6.0822
-6.07708
-6.08539
-6.10761
-6.12945
-6.14609
-6.14558
-6.12684
-6.08976
-6.04077
-5.99251
-5.95122
-5.92389
-5.91001
-5.90618
-5.8998
-5.894
-5.88803
-5.88428
-5.88284
-5.88824
-5.89171
-5.90104
-5.91149
-5.9167
-5.91911
-5.92583
-5.93938
-5.9662
-5.99906
-6.03011
-6.05118
-6.05947
-6.05411
-6.0414
-6.0251
-6.00976
-5.99937
-5.98599
-5.97147
-5.95555
-5.94517
-5.94091
-5.95194
-5.97671
-6.01253
-6.05214
-6.09515
-6.13302
-6.1659
-6.19043
-6.20335
-6.2058
-6.19688
-6.1766
-6.14826
-6.11314
-6.07085
-6.03164
-6.0066
-5.99835
-6.0051
-6.0269
-6.04792
-6.05741
-6.05664
-6.05192
-6.05287
-6.06597
-6.0902
-6.11363
-6.13171
-6.13521
-6.12899
-6.11736
-6.10999
-6.11064
-6.11539
-6.12226
-6.11825
-6.10353
-6.08136
-6.05759
-6.03777
-6.02536
-6.01843
-6.01716
-6.01736
-6.01577
-6.00841
-5.99812
-5.98478
-5.97025
-5.95858
-5.94861
-5.93851
-5.92619
-5.91538
-5.90473
-5.89601
-5.89102
-5.89178
-5.89567
-5.9131
-5.94061
-5.98186
-6.02811
-6.07623
-6.11877
-6.15076
-6.16893
-6.17822
-6.18505
-6.19417
-6.20203
-6.20859
-6.20662
-6.18891
-6.14396
-6.06198
-5.9529
-5.85548
-5.80849
-5.79555
-5.79306
-5.78994
-5.78511
-5.78922
-5.80138
-5.82391
-5.86169
-5.91528
-5.97495
-6.03324
-6.0834
-6.12113
-6.14468
-6.1518
-6.14994
-6.13632
-6.11776
-6.09567
-6.07614
-6.05931
-6.04324
-6.02538
-6.01346
-5.9992
-5.97588
-5.94772
-5.91715
-5.88578
-5.8612
-5.85206
-5.85671
-5.87053
-5.88452
-5.89398
-5.90007
-5.89748
-5.89661
-5.89846
-5.91149
-5.93293
-5.96014
-5.98578
-6.01552
-6.03979
-6.06063
-6.07499
-6.08283
-6.09389
-6.1101
-6.12542
-6.13986
-6.15638
-6.1633
-6.16355
-6.15439
-6.14016
-6.11953
-6.09614
-6.07323
-6.05155
-6.02806
-6.00675
-5.99076
-5.98011
-5.97822
-5.98108
-5.98775
-6.00266
-6.02097
-6.0401
-6.05791
-6.07301
-6.07549
-6.0683
-6.0505
-6.02224
-5.99114
-5.95899
-5.934
-5.92153
-5.924
-5.94003
-5.96739
-6.00759
-6.05271
-6.09944
-6.14466
-6.18759
-6.22274
-6.24896
-6.26124
-6.25445
-6.2265
-6.17694
-6.11413
-6.04869
-5.99085
-5.94472
-5.91046
-5.88613
-5.86857
-5.8559
-5.84981
-5.85346
-5.86424
-5.87814
-5.89476
-5.91388
-5.93095
-5.94081
-5.94169
-5.93294
-5.91632
-5.90145
-5.88912
-5.87973
-5.87362
-5.86455
-5.86026
-5.85851
-5.86901
-5.89746
-5.94991
-6.01061
-6.0706
-6.12268
-6.16085
-6.19198
-6.22203
-6.24911
-6.26654
-6.26322
-6.23937
-6.19111
-6.12962
-6.06779
-6.01482
-5.97887
-5.95911
-5.95423
-5.95855
-5.96614
-5.97406
-5.97405
-5.97522
-5.97594
-5.98462
-5.99976
-6.0271
-6.05994
-6.0913
-6.11652
-6.13459
-6.1437
-6.14068
-6.12972
-6.111
-6.07692
-6.037
-5.99296
-5.94984
-5.91435
-5.88726
-5.87232
-5.87418
-5.89403
-5.92881
-5.97473
-6.02243
-6.06276
-6.08542
-6.08785
-6.07065
-6.03724
-5.98956
-5.93908
-5.89586
-5.86591
-5.85548
-5.86292
-5.89078
-5.92721
-5.96896
-6.00875
-6.04467
-6.07392
-6.09653
-6.11704
-6.13838
-6.16087
-6.179
-6.19043
-6.18705
-6.16852
-6.13135
-6.0813
-6.02842
-5.99443
-5.9844
-6.00382
-6.03898
-6.07919
-6.11068
-6.12601
-6.12116
-6.10084
-6.06375
-6.01675
-5.96872
-5.92768
-5.90945
-5.90658
-5.92261
-5.95416
-5.99483
-6.03681
-6.06924
-6.08409
-6.07293
-6.0359
-5.97653
-5.90563
-5.8405
-5.80322
-5.80612
-5.84862
-5.92736
-6.02148
-6.11207
-6.18171
-6.23052
-6.25362
-6.26108
-6.25995
-6.25189
-6.23352
-6.20675
-6.16785
-6.1284
-6.095
-6.07603
-6.06717
-6.06352
-6.05945
-6.05744
-6.05806
-6.05819
-6.0588
-6.05423
-6.03811
-6.01508
-5.98233
-5.9423
-5.90528
-5.87885
-5.86704
-5.86913
-5.88279
-5.89935
-5.91954
-5.94292
-5.96961
-5.99695
-6.02121
-6.03692
-6.04948
-6.06119
-6.07355
-6.09177
-6.1134
-6.12899
-6.13101
-6.11513
-6.08294
-6.04109
-6.00088
-5.97034
-5.95562
-5.95683
-5.97665
-6.0098
-6.05398
-6.10383
-6.15092
-6.19085
-6.21974
-6.23802
-6.23991
-6.22874
-6.2063
-6.18109
-6.15333
-6.12881
-6.10529
-6.08567
-6.06139
-6.03283
-5.99906
-5.95787
-5.91582
-5.873
-5.83789
-5.8176
-5.81319
-5.8301
-5.86482
-5.91119
-5.95853
-5.99939
-6.03079
-6.05522
-6.07238
-6.08565
-6.09166
-6.09545
-6.08707
-6.06847
-6.0403
-6.00333
-5.96213
-5.92375
-5.89797
-5.89026
