2.08462
2.06252
2.03419
2.00013
1.96112
1.9188
1.87706
1.84226
1.81923
1.80648
1.79848
1.79382
1.79829
1.81944
1.85849
1.90754
1.95407
1.98707
2.00018
1.99112
1.96011
1.9099
1.84682
1.78157
1.72711
1.69432
1.6885
1.70954
1.75384
1.81408
1.87952
1.93935
1.98693
2.02083
2.04293
2.05565
2.05974
2.05417
2.0381
2.0132
1.98406
1.95637
1.93435
1.91924
1.9099
1.90414
1.8995
1.89369
1.88537
1.87505
1.86539
1.86009
1.86205
1.87212
1.88853
1.90733
1.92341
1.93219
1.93141
1.9217
1.906
1.88807
1.87179
1.86125
1.86052
1.87255
1.89779
1.93349
1.97359
2.00956
2.03256
2.03554
2.01543
1.97458
1.92043
1.86366
1.81502
1.78273
1.7699
1.77365
1.78721
1.80414
1.82129
1.83853
1.85636
1.87405
1.88977
1.902
1.91106
1.92041
1.93706
1.96733
2.01023
2.05718
2.09893
2.13038
2.15023
2.15858
2.15565
2.14203
2.11966
2.09146
2.06014
2.02741
1.99512
1.96701
1.94801
1.94115
1.94449
1.95128
1.95372
1.94764
1.9342
1.9185
1.9068
1.90415
1.91302
1.93357
1.96379
1.99947
2.03481
2.06329
2.07898
2.07884
2.06486
2.04373
2.02271
2.00519
1.98984
1.97319
1.95261
1.92698
1.8967
1.86403
1.83322
1.80942
1.79703
1.7977
1.80929
1.82716
1.84703
1.86658
1.88486
1.90071
1.91225
1.91784
1.91696
1.91072
1.90155
1.89232
1.88474
1.879
1.87357
1.86614
1.85544
1.84215
1.82823
1.81576
1.80659
1.80238
1.80358
1.80844
1.81394
1.81791
1.8207
1.82498
1.83421
1.85081
1.8747
1.90264
1.92961
1.95089
1.96335
1.96656
1.96238
1.95425
1.94605
1.9406
1.93851
1.93801
1.93626
1.93088
1.92138
1.90915
1.89713
1.88947
1.88996
1.89941
1.91401
1.9272
1.93428
1.93559
1.93581
1.94087
1.95436
1.97536
1.99825
2.01484
2.01776
2.00352
1.97432
1.93783
1.90502
1.8866
1.88919
1.91247
1.94937
1.98884
2.02023
2.03698
2.03756
2.02455
2.00247
1.9751
1.94463
1.91229
1.88023
1.85248
1.8342
1.82913
1.83759
1.85632
1.88015
1.90404
1.92437
1.93872
1.94585
1.94537
1.93727
1.92176
1.89955
1.87206
1.84109
1.80824
1.77487
1.74287
1.71555
1.6973
1.69197
1.70112
1.72335
1.75495
1.79133
1.82855
1.86469
1.89983
1.93497
1.97026
2.00471
2.03721
2.06734
2.09502
2.11929
2.13792
2.14832
2.14851
2.13854
2.12113
2.10088
2.08211
2.06577
2.04873
2.02614
1.99476
1.95515
1.91162
1.87076
1.83894
1.8196
1.81212
1.81285
1.81689
1.8195
1.81695
1.8073
1.79154
1.77341
1.75808
1.7502
1.75367
1.77183
1.80686
1.85708
1.9153
1.97042
2.01132
2.03037
2.02453
1.99567
1.95077
1.90221
1.86601
1.8571
1.88229
1.93559
2.00021
2.05792
2.09725
2.11506
2.11377
2.09829
2.07375
2.04423
2.0135
1.98652
1.97051
1.97172
1.98903
2.01229
2.02898
2.03074
2.01561
1.98678
1.95027
1.91253
1.87831
1.85016
1.82929
1.81686
1.8146
1.82375
1.84417
1.87355
1.90782
1.94198
1.97072
1.98875
1.99195
1.97869
1.95107
1.91482
1.87762
1.84667
1.82634
1.81696
1.81623
1.82116
1.82956
1.84019
1.85262
1.86694
1.88293
1.89945
1.91404
1.92349
1.92469
1.91503
1.89294
1.85865
1.81497
1.76782
1.7255
1.69651
1.68593
1.69272
1.71073
1.73255
1.75277
1.7684
1.77802
1.78229
1.78464
1.79009
1.80269
1.82342
1.8497
1.87655
1.8983
1.91027
1.9104
1.90071
1.88784
1.88129
1.88971
1.91687
1.96022
2.01268
2.06576
2.11192
2.14485
2.16008
2.15655
2.13719
2.10767
2.07433
2.04228
2.01414
1.98993
1.96799
1.94708
1.92783
1.91309
1.90659
1.91084
1.92512
1.94508
1.96395
1.97457
1.97166
1.95362
1.92416
1.89114
1.86276
1.84334
1.83233
1.82737
1.82784
1.83563
1.85248
1.87702
1.90571
1.93547
1.96487
1.99337
2.01966
2.04102
2.05427
2.05735
2.05005
2.03359
2.01017
1.98306
1.95608
1.93286
1.91589
1.90586
1.9017
1.90125
1.90197
1.9015
1.89831
1.89248
1.88613
1.88321
1.88735
1.89911
1.91432
1.9258
1.927
1.9152
1.89187
1.86085
1.82662
1.79428
1.76948
1.75712
1.75875
1.77197
1.79255
1.81662
1.84253
1.87122
1.90485
1.94346
1.98307
2.01685
2.03865
2.04688
2.04532
2.04096
2.03988
2.0432
2.0469
2.04488
2.03249
2.00873
1.97668
1.94327
1.91824
1.91222
1.93295
1.97883
2.03636
2.08603
2.11192
2.10647
2.07047
2.01081
1.93799
1.86386
1.79949
1.75325
1.72927
1.72673
1.74042
1.76209
1.78304
1.79736
1.80416
1.80699
1.8107
1.81831
1.82927
1.8403
1.84726
1.84754
1.84115
1.83089
1.82163
1.81888
1.82674
1.84546
1.87107
1.89715
1.91727
1.92726
1.92636
1.91785
1.90788
1.90229
1.9027
1.90599
1.90864
1.91017
1.91217
1.9156
1.9201
1.92565
1.93388
1.94749
1.96877
1.99778
2.03145
2.06371
2.08714
2.09517
2.08468
2.05752
2.01995
1.98053
1.94736
1.92652
1.92037
1.92594
1.93478
1.93718
1.92709
1.9042
1.87312
1.842
1.82052
1.81733
1.83679
1.87671
1.92904
1.98364
2.03164
2.06681
2.08491
2.08395
2.06567
2.03646
2.00572
1.98289
1.97451
1.9823
2.0024
2.02635
2.04383
2.04615
2.02877
1.99265
1.94435
1.89408
1.85216
1.82462
1.81063
1.80444
1.80004
1.79466
1.78895
1.78493
1.7841
1.78688
1.79298
1.80123
1.80927
1.81477
1.81817
1.82399
1.8381
1.86297
1.89515
1.92701
1.95084
1.9618
1.95956
1.94782
1.93254
1.91827
1.90585
1.89326
1.87863
1.86269
1.84918
1.8438
1.85144
1.87354
1.90775
1.94893
1.99143
2.03077
2.06404
2.08918
2.10418
2.1075
2.09907
2.0798
2.0513
2.01576
1.9765
1.93873
1.9095
1.89613
1.90176
1.92143
1.94354
1.95686
1.95779
1.95247
1.95179
1.96297
1.98487
2.00954
2.02741
2.03284
2.02712
2.0168
2.00947
2.00936
2.01512
2.0205
2.01846
2.00575
1.98448
1.96033
1.9393
1.92515
1.91824
1.91633
1.91592
1.91369
1.9077
1.89803
1.88612
1.87354
1.86117
1.84923
1.8375
1.82582
1.8146
1.80473
1.79678
1.7909
1.78854
1.79342
1.80957
1.83873
1.87909
1.92598
1.97341
2.01545
2.0479
2.06937
2.08193
2.08966
2.09647
2.10397
2.11025
2.10972
2.09324
2.04962
1.97083
1.86434
1.76528
1.71188
1.69886
1.69668
1.693
1.6907
1.69355
1.70301
1.72203
1.75586
1.80609
1.86629
1.9261
1.97741
2.01589
2.03994
2.0497
2.047
2.03479
2.01663
1.99594
1.97531
1.95659
1.94086
1.92797
1.91584
1.90078
1.87949
1.85099
1.81774
1.78498
1.75963
1.74738
1.74974
1.76257
1.77832
1.79004
1.79458
1.79332
1.79122
1.79424
1.8063
1.8273
1.85414
1.883
1.91072
1.93509
1.95482
1.96963
1.98092
1.99155
2.0045
2.02085
2.03859
2.05366
2.06206
2.06188
2.05346
2.03848
2.01913
1.9975
1.97497
1.95201
1.92939
1.90873
1.89223
1.88131
1.87652
1.87782
1.88518
1.89854
1.91708
1.9384
1.9585
1.97309
1.97856
1.97285
1.95579
1.92927
1.89716
1.86501
1.83879
1.82371
1.82276
1.83641
1.86296
1.89944
1.94247
1.98872
2.03507
2.07847
2.11571
2.14315
2.15643
2.15135
2.12521
2.07875
2.01784
1.95283
1.89453
1.84872
1.81476
1.78939
1.77056
1.75818
1.75296
1.75523
1.76441
1.77888
1.79631
1.81422
1.83004
1.84062
1.84277
1.83554
1.82131
1.80506
1.79135
1.7819
1.77532
1.76919
1.76288
1.75952
1.76655
1.79248
1.83982
1.90082
1.96237
2.01466
2.05547
2.0884
2.11801
2.14463
2.16246
2.16263
2.13899
2.09234
2.03129
1.96861
1.91582
1.87914
1.85912
1.85279
1.85551
1.86203
1.86764
1.86991
1.86983
1.87141
1.87955
1.89726
1.92388
1.95552
1.98715
2.0143
2.03389
2.0443
2.0446
2.0341
2.01257
1.981
1.94195
1.89933
1.85751
1.82067
1.79252
1.77678
1.77691
1.79469
1.82871
1.87365
1.92098
1.96121
1.98634
1.99153
1.97571
1.94158
1.89532
1.84535
1.8008
1.76952
1.75648
1.76301
1.78679
1.82269
1.86422
1.90531
1.94154
1.97084
1.9942
2.0148
2.0357
2.05728
2.07626
2.08747
2.08591
2.06786
2.03232
1.98343
1.93251
1.89507
1.88345
1.89976
1.93534
1.97612
2.00923
2.02642
2.02419
2.00276
1.96535
1.91823
1.87037
1.83152
1.80913
1.80626
1.8219
1.85253
1.89264
1.93433
1.96781
1.98357
1.97475
1.93929
1.88136
1.81177
1.74708
1.70587
1.70314
1.74381
1.8196
1.91248
2.0029
2.07665
2.12693
2.15405
2.16352
2.16249
2.15505
2.13992
2.11369
2.07686
2.03656
2.00272
1.98119
1.97083
1.96652
1.96401
1.96194
1.96081
1.96088
1.96015
1.95467
1.94054
1.91594
1.88227
1.84399
1.80768
1.78034
1.76701
1.76842
1.78067
1.79821
1.81819
1.8409
1.86699
1.89441
1.91888
1.93691
1.94891
1.95919
1.97296
1.99232
2.01408
2.03066
2.03373
2.0187
1.9872
1.94641
1.90598
1.8745
1.85778
1.85851
1.8764
1.90866
1.95083
1.99788
2.04463
2.08601
2.11741
2.13551
2.13887
2.1283
2.10702
2.07984
2.05191
2.02699
2.00578
1.98591
1.96366
1.93633
1.90313
1.86466
1.82278
1.78126
1.74584
1.72273
1.71675
1.73039
1.76255
1.8069
1.85384
1.8952
1.92754
1.9514
1.96907
1.98213
1.99032
1.99196
1.98516
1.96855
1.94169
1.90606
1.8662
1.82963
1.8043
1.79575
