           1     7.60286     7.60286           0
           2     7.54178     7.57232     0.03054
           3     7.59422     7.57962   0.0190838
           4     7.60389     7.58568   0.0147958
           5     7.55627      7.5798   0.0128829
           6     7.62747     7.58775   0.0131824
           7     7.59034     7.58812   0.0111473
           8     7.61213     7.59112   0.0101099
           9     7.63112     7.59556  0.00996263
          10     7.59295      7.5953  0.00891469
          11     7.53315     7.58965  0.00984617
          12     7.52725     7.58445    0.010384
          13     7.62221     7.58736  0.00998361
          14      7.6039     7.58854  0.00931824
          15     7.64133     7.59206  0.00936147
          16     7.49871     7.58622   0.0105224
          17     7.58748      7.5863  0.00988434
          18     7.64051     7.58931  0.00979363
          19     7.68146     7.59416   0.0104567
          20     7.59573     7.59424  0.00992045
          21     7.53998     7.59165  0.00978354
          22     7.60815      7.5924  0.00935831
          23     7.56972     7.59142  0.00899638
          24     7.55804     7.59003  0.00872494
          25      7.5931     7.59015  0.00836957
          26     7.58461     7.58994  0.00804404
          27     7.59597     7.59016  0.00774361
          28     7.56522     7.58927   0.0075149
          29     7.51591     7.58674  0.00767974
          30     7.56459       7.586  0.00745598
          31     7.57715     7.58572  0.00721711
          32     7.59241     7.58592  0.00699107
          33     7.52105     7.58396  0.00705532
          34     7.57943     7.58383  0.00684596
          35     7.55625     7.58304    0.006694
          36     7.57464      7.5828  0.00650958
          37     7.55975     7.58218   0.0063618
          38     7.68303     7.58484  0.00673693
          39     7.58814     7.58492  0.00656246
          40     7.59364     7.58514  0.00640001
          41     7.61296     7.58582  0.00627873
          42     7.55806     7.58516  0.00616296
          43     7.61568     7.58587  0.00605965
          44     7.68844      7.5882  0.00636275
          45     7.61724     7.58884  0.00625315
          46     7.55803     7.58817  0.00615227
          47     7.61523     7.58875  0.00604741
          48     7.62242     7.58945  0.00596149
          49      7.5488     7.58862  0.00589721
          50     7.60758       7.589   0.0057905
          51     7.58957     7.58901  0.00567583
          52      7.6098     7.58941  0.00557996
          53     7.63483     7.59027  0.00554035
          54     7.58243     7.59012  0.00543872
          55     7.58191     7.58997  0.00534101
          56     7.55312     7.58931   0.0052859
          57     7.65725     7.59051  0.00532736
          58     7.62192     7.59105  0.00526265
          59     7.62478     7.59162  0.00520418
          60     7.49728     7.59005  0.00535286
          61     7.56716     7.58967  0.00527773
          62     7.58251     7.58956  0.00519319
          63     7.66122     7.59069  0.00523516
          64     7.58679     7.59063  0.00515307
          65     7.63641     7.59134  0.00512183
          66     7.56479     7.59094  0.00505964
          67     7.57628     7.59072  0.00498835
          68     7.57868     7.59054  0.00491763
          69     7.60113     7.59069  0.00484826
          70     7.57593     7.59048  0.00478315
          71     7.56683     7.59015  0.00472705
          72     7.69415     7.59159  0.00487962
          73     7.64045     7.59226  0.00485863
          74     7.57593     7.59204  0.00479761
          75     7.58007     7.59188   0.0047359
          76     7.58862     7.59184  0.00467336
          77     7.55731     7.59139  0.00463402
          78     7.57829     7.59122  0.00457731
          79     7.58097     7.59109  0.00452086
          80      7.5807     7.59096  0.00446588
          81     7.50271     7.58987    0.004543
          82     7.59252     7.58991  0.00448738
          83     7.66668     7.59083  0.00452847
          84     7.58315     7.59074  0.00447517
          85     7.61386     7.59101  0.00443056
          86     7.58784     7.59097   0.0043789
          87     7.57293     7.59077  0.00433324
          88     7.63968     7.59132  0.00431963
          89     7.59251     7.59134  0.00427084
          90     7.53169     7.59067   0.0042748
          91     7.56203     7.59036  0.00423927
          92     7.60545     7.59052  0.00419615
          93     7.60542     7.59068  0.00415387
          94     7.64384     7.59125  0.00414817
          95     7.63303     7.59169  0.00412777
          96     7.50731     7.59081  0.00417805
          97     7.56548     7.59055  0.00414299
          98     7.56835     7.59032  0.00410675
          99     7.52261     7.58964  0.00412219
         100     7.54438     7.58919  0.00410578
