0.0115332           0           0
0.0345996           0           0
0.0576661           0           0
0.0807325           0           0
0.103799           0           0
0.126865           0           0
0.149932           0           0
0.172998           0           0
0.196065           0           0
0.219131           0           0
0.242198           0           0
0.265264           0           0
0.28833           0           0
0.311397           0           0
0.334463           0           0
0.35753           0           0
0.380596           0           0
0.403663           0           0
0.426729           0           0
0.449795           0           0
0.472862           0           0
0.495928           0           0
0.518995           0           0
0.542061           0           0
0.565128           0           0
0.588194           0           0
0.61126           0           0
0.634327           0           0
0.657393           0           0
0.68046           0           0
0.703526           0           0
0.726593           0           0
0.749659           0           0
0.772725           0           0
0.795792           0           0
0.818858           0           0
0.841925           0           0
0.864991  1.1643e-06 8.64306e-07
0.888058 7.91635e-05 9.75401e-06
0.911124  0.00342066 6.12384e-05
0.93419   0.0469674  0.00023442
0.957257    0.293182 0.000683634
0.980323     1.00598  0.00127784
1.00339     2.23901  0.00162949
1.02646      3.6231   0.0015081
1.04952     4.61974  0.00161474
1.07259     4.90108  0.00223403
1.09566     4.49337  0.00225286
1.11872     3.65947  0.00186977
1.14179     2.69409  0.00111968
1.16485     1.81542   0.0010316
1.18792     1.13052 0.000932435
1.21099    0.652938 0.000779423
1.23405    0.352962 0.000592639
1.25712    0.179328 0.000488588
1.28019   0.0885982 0.000385947
1.30325   0.0491024 0.000305526
1.32632   0.0420053 0.000283251
1.34939   0.0602327 0.000296722
1.37245    0.105129 0.000370978
1.39552    0.183598 0.000423997
1.41859    0.299974 0.000454906
1.44165    0.453429 0.000457827
1.46472    0.630186 0.000466415
1.48778    0.797634 0.000594668
1.51085    0.921878 0.000789312
1.53392    0.971412    0.000843
1.55698     0.92926 0.000887063
1.58005    0.809053 0.000676617
1.60312     0.64054 0.000478769
1.62618    0.465119 0.000407957
1.64925    0.316149 0.000440804
1.67232    0.219126 0.000510881
1.69538    0.191558 0.000585562
1.71845    0.254709 0.000671403
1.74152    0.432715  0.00073084
1.76458    0.748859 0.000827999
1.78765     1.19628 0.000794033
1.81071     1.72734 0.000593989
1.83378     2.23546 0.000923371
1.85685     2.59934  0.00133906
1.87991      2.7166  0.00152775
1.90298     2.55802  0.00142632
1.92605     2.18137  0.00106852
1.94911     1.69132 0.000603895
1.97218     1.20055 0.000570871
1.99525    0.800716 0.000718332
2.01831    0.541744  0.00082378
2.04138    0.433574 0.000821857
2.06445    0.460123  0.00070915
2.08751    0.586844 0.000574359
2.11058    0.757647 0.000354247
2.13364    0.917678 0.000448411
2.15671     1.01436 0.000690979
2.17978     1.02204 0.000664702
2.20284    0.919726 0.000520858
2.22591    0.780856 0.000369355
2.24898     0.65346 0.000473081
2.27204    0.571359 0.000683429
2.29511    0.571888 0.000785743
