           1    -7.54497    -7.54497           0
           2    -7.55643     -7.5507  0.00573134
           3    -7.54595    -7.54912  0.00366749
           4    -7.54468    -7.54801  0.00282019
           5    -7.55284    -7.54898  0.00238848
           6    -7.54055    -7.54757  0.00240314
           7    -7.54692    -7.54748  0.00203314
           8      -7.544    -7.54704  0.00181355
           9    -7.53958    -7.54621  0.00180155
          10    -7.54672    -7.54627  0.00161216
          11    -7.55721    -7.54726  0.00176552
          12     -7.5585     -7.5482  0.00186387
          13    -7.54149    -7.54768  0.00179039
          14    -7.54524    -7.54751  0.00166674
          15    -7.53783    -7.54686  0.00168044
          16     -7.5637    -7.54791  0.00189161
          17    -7.54846    -7.54795  0.00177715
          18    -7.53759    -7.54737  0.00177148
          19    -7.53088     -7.5465  0.00188699
          20    -7.54679    -7.54652  0.00179021
          21    -7.55731    -7.54703  0.00177875
          22    -7.54414     -7.5469  0.00170104
          23    -7.55079    -7.54707  0.00163416
          24    -7.55363    -7.54734  0.00158826
          25    -7.54636     -7.5473  0.00152391
          26    -7.54767    -7.54732  0.00146419
          27    -7.54555    -7.54725  0.00141043
          28    -7.55202    -7.54742  0.00136977
          29    -7.56041    -7.54787  0.00139546
          30    -7.55136    -7.54799  0.00135316
          31     -7.5487    -7.54801  0.00130899
          32    -7.54704    -7.54798  0.00126779
          33    -7.55997    -7.54834  0.00128138
          34    -7.54944    -7.54838  0.00124354
          35    -7.55384    -7.54853  0.00121753
          36    -7.55057    -7.54859  0.00118458
          37    -7.55209    -7.54868    0.001156
          38    -7.53006    -7.54819  0.00122728
          39    -7.54742    -7.54817  0.00119556
          40    -7.54597    -7.54812  0.00116659
          41    -7.54318      -7.548  0.00114412
          42    -7.55265    -7.54811  0.00112204
          43    -7.54172    -7.54796  0.00110565
          44    -7.52945    -7.54754  0.00115923
          45    -7.54263    -7.54743  0.00113841
          46    -7.55284    -7.54755  0.00111959
          47    -7.54215    -7.54743  0.00110152
          48    -7.54085     -7.5473    0.001087
          49    -7.55441    -7.54744  0.00107445
          50    -7.54393    -7.54737  0.00105508
          51    -7.54707    -7.54736   0.0010342
          52     -7.5429    -7.54728  0.00101774
          53     -7.5389    -7.54712   0.0010108
          54    -7.54873    -7.54715 0.000992352
          55    -7.54911    -7.54719 0.000974795
          56    -7.55351     -7.5473 0.000963874
          57     -7.5346    -7.54708 0.000972656
          58    -7.54129    -7.54698 0.000960938
          59    -7.54084    -7.54687 0.000950214
          60    -7.56365    -7.54715 0.000975211
          61    -7.55147    -7.54722 0.000961695
          62    -7.54876    -7.54725 0.000946383
          63    -7.53412    -7.54704 0.000954272
          64    -7.54859    -7.54706 0.000939557
          65    -7.53834    -7.54693 0.000934665
          66    -7.55158      -7.547 0.000923093
          67    -7.55014    -7.54705 0.000910418
          68    -7.54882    -7.54707 0.000897306
          69    -7.54526    -7.54705 0.000884595
          70    -7.54991    -7.54709 0.000872825
          71    -7.55211    -7.54716 0.000863343
          72    -7.52807    -7.54689 0.000891614
          73    -7.53772    -7.54677 0.000888249
          74    -7.54919     -7.5468 0.000876773
          75    -7.54863    -7.54682 0.000865349
          76    -7.54745    -7.54683 0.000853927
          77    -7.55327    -7.54692 0.000846895
          78    -7.54857    -7.54694 0.000836235
          79    -7.54865    -7.54696 0.000825867
          80    -7.54954    -7.54699 0.000816114
          81     -7.5626    -7.54718 0.000828703
          82    -7.54733    -7.54719 0.000818536
          83    -7.53258    -7.54701 0.000827531
          84    -7.54894    -7.54703 0.000817942
          85    -7.54347    -7.54699 0.000809348
          86    -7.54815      -7.547 0.000799995
          87    -7.55019    -7.54704 0.000791592
          88    -7.53782    -7.54694 0.000789524
          89    -7.54685    -7.54694 0.000780603
          90    -7.55797    -7.54706 0.000781559
          91    -7.55286    -7.54712 0.000775551
          92    -7.54478     -7.5471 0.000767498
          93     -7.5455    -7.54708 0.000759395
          94    -7.53723    -7.54697 0.000758545
          95    -7.53882    -7.54689 0.000755414
          96    -7.56206    -7.54705 0.000764016
          97    -7.55133    -7.54709 0.000757386
          98    -7.55119    -7.54713 0.000750782
          99    -7.55953    -7.54726 0.000753628
         100    -7.55573    -7.54734 0.000750855
