164.862
157.249
149.758
144.827
139.363
133.959
131.06
127.287
124.195
120.934
117.353
114.085
113.224
108.783
109.212
107.817
106.465
105.433
104.625
104.624
105.487
104.611
105.121
105.591
105.177
105.702
104.216
103.754
104.781
104.199
104.111
103.067
101.318
100.097
100.723
101.836
100.984
100.729
101.415
102.572
101.182
99.9859
100.23
101.42
102.12
103.019
100.031
99.5225
98.3143
97.745
98.2433
99.3296
99.4634
98.2462
96.9972
97.2761
97.4377
97.2347
98.4846
98.2628
98.8186
100.886
99.0867
96.9117
95.5883
96.9066
98.0933
98.767
98.0367
96.575
96.272
94.5395
93.7742
94.4927
96.5789
96.1448
96.1419
93.3231
94.9529
95.6899
93.6669
93.109
93.5919
95.8073
96.4994
97.1838
96.239
94.4094
94.0216
94.1045
92.2596
91.1559
92.8681
91.9053
92.897
91.9846
90.4015
90.0765
91.0106
91.3333
91.7205
92.8636
92.4096
92.4222
91.3402
91.7515
93.4766
93.6936
94.4251
95.1707
94.4145
93.1581
91.8155
90.8975
91.5827
90.9818
91.5997
92.231
92.2197
91.0817
90.0232
90.2639
91.1566
92.0645
93.0262
94.2471
94.2382
93.9879
95.1997
93.5401
93.5164
92.8687
91.9131
91.7483
92.9413
93.5781
93.4873
94.9342
94.4632
93.4552
92.0069
90.2192
90.4456
91.7849
89.7014
88.8566
91.4201
94.1319
92.3402
93.4929
93.6091
92.1452
89.9268
88.9968
90.776
91.7471
92.9161
93.2856
93.5436
92.3621
95.123
94.7236
95.3731
94.0151
92.7689
92.4868
93.0851
93.299
89.4945
89.7435
92.4471
93.0708
92.8793
93.3612
93.4031
93.0154
93.1286
91.1199
90.3716
91.0426
92.2131
93.0314
92.7956
93.2373
91.707
90.7693
90.7731
89.4393
92.1499
94.5506
93.6306
93.097
92.0161
92.4642
91.7772
88.629
90.0058
90.9468
91.5057
92.1712
92.8768
91.0876
92.657
94.1403
91.6051
92.6959
91.6751
91.828
92.1247
91.22
91.2213
93.7397
93.5542
92.18
91.7421
90.0898
90.6336
90.5163
90.4179
90.7139
91.9152
90.8772
92.2451
91.9392
90.8842
89.8817
90.3582
92.4878
91.8203
92.911
92.8353
90.3773
92.5675
92.0182
92.7747
92.0723
90.5876
90.6448
90.672
91.0032
91.3631
91.5403
91.68
91.1339
90.4887
89.9824
90.6652
91.0302
89.469
90.1855
91.1318
91.6766
92.2487
93.0806
91.3999
91.3167
90.3994
89.0459
90.1857
90.3645
89.8351
89.4537
88.5939
90.1231
89.5928
90.5011
90.9051
91.4759
91.3171
91.491
91.4069
92.2667
91.9357
92.631
91.6744
91.0607
90.1554
91.3115
92.2483
91.8667
93.2324
93.302
94.304
94.38
92.8683
89.5538
88.2837
88.6278
90.9174
94.7464
95.6056
92.9132
93.271
94.324
93.1366
93.5995
93.1732
91.7947
92.311
90.1227
88.7167
90.1095
90.0051
90.8945
91.5019
90.1577
91.7632
91.5801
92.8344
93.1522
91.6767
89.552
90.2415
91.2533
92.295
91.6458
93.8236
93.3171
92.9217
92.1332
90.3251
90.8997
92.4979
92.6898
94.3092
93.7797
92.9278
92.6796
92.6058
90.9256
89.9542
88.8411
89.3272
87.9248
88.3423
87.5368
88.168
88.7221
89.8819
89.8915
92.3872
91.9535
90.8241
90.4388
89.0974
89.3151
89.6543
90.2278
91.2944
91.6482
90.4127
87.9171
88.3427
87.3332
87.3871
89.3144
89.7687
91.0987
91.3669
90.5913
90.1642
89.595
90.3616
90.6294
88.1717
88.1762
87.4733
87.3766
88.5534
88.8858
89.381
90.0621
91.8171
91.085
89.4569
90.9156
89.4134
85.43
86.3572
88.3884
88.2825
89.0406
88.1455
88.9801
87.9743
88.6756
88.4153
89.4063
90.5088
90.8187
90.2358
90.0489
90.8065
89.5298
88.5052
87.4266
87.3454
87.3919
88.3202
88.7756
88.85
90.0641
90.7122
92.2629
92.1459
93.6327
92.6342
91.9162
90.5246
90.0816
90.1155
88.9661
88.6717
88.368
89.081
89.6089
88.3754
88.6144
90.0168
89.5418
89.75
88.661
88.8967
89.8699
91.5332
90.2974
89.7167
90.6724
89.36
90.4512
89.9784
89.9701
88.482
91.8065
92.5404
89.7896
88.1333
90.1713
90.2958
89.9349
89.5473
89.4482
89.2757
88.1484
89.2653
91.3364
91.8215
93.0757
93.3259
93.7048
94.313
93.2576
94.8319
93.7792
93.8131
92.2761
90.4682
91.1779
90.1926
89.6786
92.3388
92.1443
89.9944
90.9581
90.8927
90.4157
91.0855
90.5646
90.1669
92.1233
91.9072
89.8976
89.2256
91.9339
92.8162
89.1528
88.1492
89.488
90.1178
88.192
88.7785
89.783
91.1948
91.7023
91.0862
91.9582
92.0272
91.0357
89.7249
90.4596
92.7854
94.2067
92.3349
90.332
89.9069
90.2233
91.8482
90.9308
89.0461
90.5371
90.5622
90.8205
90.7294
89.2861
89.0543
90.3233
88.4863
87.5528
88.4584
88.2395
88.4395
89.0124
88.05
89.3797
90.4589
91.484
91.3019
89.4929
87.9679
89.2247
88.6289
89.0434
90.2944
90.572
89.6568
90.2212
89.9285
90.3037
90.8352
90.6713
89.5315
87.9797
87.6332
90.6796
88.0088
88.1927
90.0199
89.9854
90.7599
89.6021
88.4864
87.8161
89.6356
90.204
91.1428
90.4706
90.4502
89.8064
88.871
88.8073
88.5367
88.9478
88.1913
87.3351
89.0609
91.0877
91.757
90.2894
90.2964
88.1306
87.652
89.1437
89.3077
90.7387
89.9962
91.3072
92.0469
90.8551
91.6231
89.3943
89.17
90.034
89.6893
88.5291
88.9027
88.9449
88.0896
87.4495
88.7697
89.591
88.1977
87.4779
91.3426
91.4253
90.071
88.5129
88.4724
87.3714
85.9351
88.301
89.4056
90.1366
90.6397
87.1353
87.5366
86.7329
88.7728
89.3261
88.016
87.1837
88.3039
88.5452
89.7081
89.7102
90.0764
91.8414
90.6252
91.9555
92.8654
90.5031
90.4289
89.7654
91.7486
93.134
90.1452
90.5878
88.3595
88.0629
88.0346
89.5656
89.3903
88.0604
88.0474
88.7218
89.9319
91.3147
91.9421
90.5961
91.7878
91.1755
91.475
90.3142
90.915
92.1763
89.9757
88.5319
86.0233
86.1777
87.6771
87.3933
88.5504
89.0769
89.0605
89.6337
89.5109
89.2153
90.2625
89.2001
87.6802
87.3398
88.8957
89.305
90.9268
93.2274
93.4556
92.7437
91.3948
93.1044
90.7134
87.0957
85.4068
87.7587
88.0872
89.1112
88.9176
92.2585
91.8255
92.3268
91.1169
90.6743
89.0796
90.8244
91.5103
91.771
90.3991
91.9735
90.6725
89.8781
89.5718
90.1245
89.5562
88.985
88.6418
87.5918
87.6051
89.1739
88.1917
87.8083
88.1476
88.094
88.2232
90.4642
91.4166
91.409
91.1381
92.4833
90.1244
90.1692
89.9249
90.343
91.056
91.3502
91.0056
88.1369
89.9062
89.4265
89.0113
91.1283
88.0189
89.0139
90.5815
90.3653
90.3401
91.0146
91.7856
89.0184
89.1314
91.3221
89.7791
89.6459
88.0616
88.054
89.163
90.9679
90.0278
90.8349
90.3114
90.0158
91.0873
91.155
91.967
89.5931
87.6059
86.0363
86.9098
89.3971
90.9426
90.9837
93.0466
92.5972
91.9748
90.2685
89.9569
89.6776
90.4193
90.4252
91.4283
89.9262
89.567
89.8333
90.2472
91.0376
87.9742
87.4419
89.0241
87.1532
87.6488
87.5041
90.3205
90.7902
91.3083
92.6354
92.6946
92.7017
91.2672
90.2157
90.9893
91.6845
89.991
89.0226
86.5256
87.5271
87.9025
89.2527
90.8719
90.7192
90.1345
91.6212
92.5157
92.8295
92.4621
91.0175
88.576
90.4838
92.1072
92.1515
91.457
91.5035
91.3362
88.9457
88.5019
89.419
88.8554
89.2909
88.9197
88.4364
87.1978
88.7058
89.6634
90.951
89.3249
90.1553
91.0283
92.3801
91.815
89.9993
90.418
88.4428
88.8224
89.81
89.1514
89.1538
89.7252
90.8831
90.1318
91.2317
88.2254
87.3611
88.7314
88.8013
89.0118
91.8493
93.069
93.987
92.1758
91.0739
88.6267
89.9909
89.7467
90.619
88.5144
88.1935
88.9391
87.6702
90.6908
90.7307
90.7122
91.5034
89.642
89.184
86.3747
87.2197
86.9601
86.3287
86.7018
88.7404
90.2328
90.214
88.4603
88.2789
88.9882
89.2053
90.8066
92.7043
92.4557
90.9811
90.3945
89.1322
90.007
89.7037
89.0994
89.6769
90.4941
92.4151
91.1375
90.789
90.9597
91.1062
89.7637
91.1184
90.8077
90.6093
89.6961
88.9045
89.003
89.526
90.7979
90.8826
88.6445
88.0711
88.6501
89.3343
87.5045
85.8453
86.2179
87.1113
87.0412
87.44
89.6893
88.9824
89.4855
88.6378
89.1055
89.5645
90.6098
88.007
89.7048
90.3169
89.3658
89.0025
87.7145
88.4944
89.4657
89.2009
90.1329
92.1226
92.0174
91.9655
92.3957
89.716
88.888
89.5095
89.7711
88.5154
89.7619
91.7686
93.7581
93.5661
91.9203
91.4489
89.7239
88.5187
90.2144
90.0331
89.5114
88.7289
89.7517
90.5801
91.8213
92.157
89.9288
90.9041
91.6648
88.9756
89.4931
91.8458
90.208
89.524
91.1566
90.55
90.7792
88.9886
89.1478
87.9983
87.7836
88.697
90.6168
91.1911
91.733
90.9373
91.3264
90.6661
90.5444
87.7917
89.5352
90.9489
89.9129
89.3621
89.0771
89.4597
89.7104
90.3261
92.9665
93.5568
93.3197
91.9154
91.8915
92.4027
90.7954
87.65
86.6517
88.3573
89.382
88.6297
87.9012
89.0522
88.024
89.0994
89.8671
89.9308
90.2125
89.1065
89.6409
91.0222
90.9219
88.1051
87.9853
88.4381
87.0043
87.1734
88.3368
90.4151
89.8438
89.7875
90.3714
89.0792
90.1379
91.5435
90.366
89.2199
89.3188
89.4236
90.8235
90.4328
89.8538
89.6857
87.4378
88.5047
88.855
90.1579
91.3762
90.5915
90.3428
89.0682
89.81
88.6234
88.1809
89.4935
89.2935
87.416
88.625
89.081
90.2023
90.9765
92.2851
90.2578
88.6517
89.2083
87.5511
88.347
89.7719
90.0124
87.3521
89.4917
89.9966
90.9636
88.7982
88.6819
88.1085
87.3335
87.8079
90.2024
89.5745
89.8531
89.9501
89.8549
90.585
91.9355
89.9194
89.0216
89.1475
89.6253
89.3674
88.388
87.7784
87.765
87.8797
90.1003
91.9309
91.9893
91.607
90.4181
88.5365
88.2695
90.7217
91.2512
91.6742
92.0495
90.4984
89.8195
88.525
88.5868
87.5479
89.3983
88.2102
88.8497
89.7769
89.8432
88.5577
88.531
88.1571
88.2467
86.4163
85.001
85.3392
88.1334
88.3431
88.4544
89.2645
90.358
91.0886
93.2727
92.4945
92.4062
92.5516
90.3127
89.5024
90.098
90.1758
91.9319
92.215
90.7485
89.5539
87.0674
88.3622
89.5288
89.6955
87.9522
89.0642
89.942
89.6869
87.8279
88.2386
89.9569
87.933
86.5605
87.9557
87.3523
84.7823
85.1522
86.1642
87.3011
87.5173
87.2616
85.9294
84.544
85.3087
86.409
86.5779
86.6492
86.2829
88.0408
85.9523
86.5802
85.9406
85.7725
84.6025
85.7028
85.6602
87.7561
85.942
84.8296
85.0881
85.8943
86.4515
86.2884
84.9953
83.1563
84.4371
86.0793
86.4981
87.3291
86.1142
84.4929
87.0439
87.3185
87.5296
87.7186
87.5876
88.2167
87.6516
87.2606
86.5498
89.2986
87.97
86.685
86.279
87.9477
86.0572
86.0169
88.6838
87.2399
85.1267
84.8627
87.79
86.747
86.5023
86.8341
87.3208
86.3179
85.943
84.1349
83.5637
82.9979
83.1641
82.8701
85.8785
86.8751
86.5467
85.224
86.2114
85.3954
85.7538
85.3498
85.1188
86.2113
87.1039
86.6709
86.3447
84.097
83.9645
85.5352
85.6466
87.4339
88.9727
87.7042
87.5252
88.7583
89.1022
89.373
89.2762
88.8274
85.5213
87.4508
87.5565
86.555
85.3715
84.486
86.5107
87.2656
86.7755
87.9959
87.4899
86.5054
84.5014
86.7968
88.9712
87.0637
87.3001
84.5641
83.4662
83.7213
86.6995
88.5472
86.3296
86.4218
88.0608
88.2548
86.1829
83.5387
84.0325
84.908
83.4566
83.6213
86.4084
88.8123
89.9918
89.1221
90.1615
88.7775
86.6923
88.5364
86.7846
87.9191
87.3421
87.3703
86.6205
87.0107
87.6327
88.1277
88.807
89.184
89.9238
89.8299
86.8971
86.838
85.6302
84.0447
84.7208
84.8182
86.5657
86.1979
85.4716
83.736
85.9454
85.3774
86.6027
86.7314
86.2287
86.2745
85.2081
86.222
86.0289
86.8216
85.599
85.8379
86.264
84.8396
86.2819
87.7813
87.7403
87.1179
86.8087
89.0087
89.1714
90.3317
88.691
87.4461
87.0187
86.1828
86.6244
86.4148
85.0567
85.514
85.5997
86.5302
85.9576
88.2151
88.438
85.759
87.4798
88.5654
87.2178
86.362
86.4344
86.0985
85.3052
86.5444
86.5417
87.9754
86.8963
85.1704
87.638
89.4731
88.8959
90.107
87.8442
88.4625
87.0778
85.2007
85.4182
87.6136
85.143
83.3919
84.0257
86.6147
86.6073
86.7094
88.5866
85.8568
84.5564
84.8367
84.522
81.1246
84.5352
84.7026
85.8021
85.9158
84.3292
86.4582
88.2473
89.9851
88.8419
86.6173
85.3234
86.251
85.4115
85.9376
85.7333
86.6514
86.714
87.8715
88.3046
86.9321
87.6638
86.3856
85.6523
83.924
84.8019
86.7936
87.1776
86.9867
87.1263
87.8572
86.7851
86.8224
86.9015
86.7417
86.3213
86.5913
85.4103
84.8998
82.9086
85.1157
85.0394
85.31
83.1985
83.7186
83.2271
82.0933
83.5804
84.2356
84.308
84.5187
86.2487
86.6907
84.8955
82.8177
85.6475
84.8893
84.6252
84.3578
84.8448
85.0437
87.8778
87.4631
86.3783
87.0512
87.343
86.8701
87.0377
86.7999
86.0858
86.564
85.5948
86.2538
84.7981
83.0287
83.7868
84.791
86.5521
84.1013
85.3853
86.8139
85.6302
84.9293
85.3843
86.1247
85.8925
85.099
86.1695
86.2742
86.5332
86.1063
85.193
84.6184
85.342
86.229
83.7726
84.9722
84.5137
84.6545
85.1994
84.2818
84.6145
85.6676
84.3059
84.1174
86.0055
87.6267
86.4475
84.9932
84.8222
84.7584
84.8562
86.2963
87.5166
85.9581
87.9703
86.8122
86.0964
87.1934
86.0001
83.8825
84.3712
85.7616
85.313
87.2314
87.6628
87.2348
87.7369
86.8117
87.28
89.6343
87.6046
87.1478
87.366
87.6519
85.8334
85.7698
85.9048
86.2491
87.9006
86.3494
84.4653
83.7044
83.9983
85.2509
86.1142
88.1847
85.326
84.6158
85.36
83.697
83.2341
84.1791
85.8946
85.8335
85.7997
86.5572
86.9836
85.9051
87.4206
88.259
88.5268
85.0928
85.4058
85.2875
84.9248
86.2003
84.0175
85.2189
84.7129
85.6823
86.6739
88.6019
86.2327
85.3585
85.5037
85.2322
86.0948
87.6739
88.2648
87.9409
86.8323
86.9593
87.7928
85.7196
84.8373
85.5832
85.0122
85.5565
84.8495
85.9207
86.5841
88.6039
84.1815
86.4477
86.4703
84.3931
84.5506
85.1034
85.4763
83.9215
83.1671
83.2581
85.7618
84.0176
85.3049
84.4437
85.0917
82.5939
81.3413
83.5689
85.0164
84.9959
85.4059
85.41
84.9522
85.1695
85.4528
84.2772
84.6847
83.3413
83.0565
85.1501
85.7092
85.5757
84.8288
85.5398
84.1199
84.1367
84.479
84.9397
85.01
86.7945
85.6469
87.9976
87.0085
85.8853
86.9292
87.2129
87.7577
87.5839
86.5161
87.5605
89.0151
88.2995
88.4139
86.5423
84.9371
85.3726
85.9675
86.4099
86.8045
87.4438
89.5194
87.8685
87.4587
88.2256
87.4842
86.5413
86.0628
85.1725
83.7543
81.1081
79.352
80.659
83.4798
84.4508
85.3469
84.0357
85.9564
85.7499
85.738
86.1298
84.2738
83.6111
85.4673
84.5906
86.9136
89.0214
90.3326
87.0025
85.6599
86.0028
87.7679
87.5498
86.4297
86.2387
84.4708
85.61
86.0545
86.2678
87.1123
87.7391
85.8717
83.4833
83.8497
86.8939
84.1403
84.1
84.5678
83.9882
84.3889
85.3654
85.9593
85.2148
85.097
87.6081
86.9779
85.494
84.5938
84.1238
84.6711
85.251
82.9732
82.9455
82.8686
84.4625
85.9641
86.8495
87.5747
89.2303
88.2763
87.5499
86.5447
85.9869
86.821
87.4647
86.9794
86.2904
88.6887
86.4506
84.7021
87.1813
87.8939
89.0448
89.2513
86.3816
84.767
85.782
84.6413
86.1232
86.498
85.9299
84.8383
83.3299
84.406
84.0077
84.9342
85.6201
84.881
84.9151
85.606
85.6317
84.5497
85.5018
87.7413
85.681
84.6533
83.9688
85.7353
86.2497
85.6491
86.4838
88.0606
86.3533
84.4087
84.0987
85.7201
87.7516
89.2086
88.1765
87.5693
85.3782
84.4853
83.6603
82.4343
83.5481
84.3457
85.8855
86.0916
86.6032
85.263
85.4528
85.9101
86.1392
87.9187
87.9362
88.6317
88.1236
86.0112
86.0435
85.8272
85.3167
84.4771
86.3395
83.3473
85.4737
82.4485
83.9169
85.9828
88.1946
87.3431
86.1449
84.3721
82.706
83.5634
85.4503
84.0602
85.4975
84.405
84.9302
85.9067
86.3205
85.5673
85.6135
85.648
83.8188
84.3797
84.4294
84.4267
83.9239
85.1285
84.486
85.7987
87.5685
87.4197
86.9461
85.1814
85.0365
85.2829
86.5648
85.9015
87.1252
86.1941
86.134
84.1937
84.6632
84.3182
86.2547
87.123
87.6883
88.138
88.1392
86.7236
86.3115
84.3628
84.8722
85.3884
85.273
85.167
84.2374
83.0805
85.1972
87.0302
88.3715
86.7172
87.8186
87.7961
87.4707
87.8756
88.1132
86.4644
86.1856
84.3168
86.9267
83.8015
83.925
83.6447
83.3127
83.4374
82.7335
85.2997
88.3036
87.987
86.7129
86.0366
87.4206
86.3026
84.9985
86.4098
86.5374
86.0965
87.08
88.035
87.3955
87.2689
87.0063
85.6412
84.9877
85.4033
85.0922
84.4642
86.4832
85.3216
85.7698
85.6666
87.0828
87.4915
88.2315
88.289
89.3681
88.5223
85.3563
83.9152
83.7678
84.6552
84.1103
84.7437
86.9302
86.2421
86.9955
87.2123
86.9013
86.5415
87.3714
87.8926
86.0673
83.7314
81.5781
85.1727
85.4423
88.5067
89.6877
89.3651
87.4294
86.1362
84.8964
82.421
82.1411
81.3777
82.1189
83.6061
84.7553
86.3214
84.4889
86.2642
86.7264
85.2508
85.5775
84.8571
85.3624
83.356
81.3308
82.8654
81.4971
83.176
85.4267
84.1207
83.6397
84.9063
85.6194
85.6092
84.408
83.5815
85.1682
86.5389
88.6802
88.2186
86.521
85.4781
86.6806
85.236
85.9675
88.1277
89.1024
89.35
88.4848
87.6687
84.2331
84.1448
83.207
82.59
83.238
84.4152
84.0767
84.7017
86.137
84.5149
85.6862
86.1885
86.6809
86.4001
84.8808
86.8074
84.4407
85.2803
85.3754
83.319
81.1311
81.3861
83.3243
82.089
82.8323
81.3704
81.4247
83.9554
84.9673
85.5293
85.3076
84.418
84.597
83.1873
84.4958
84.1277
84.0567
85.8793
83.7499
84.468
84.8149
85.5969
84.2314
83.5822
83.8945
85.7251
85.6885
86.3485
85.9735
85.5148
85.0198
84.2611
84.3189
84.3372
85.8219
86.5264
85.9715
85.6564
86.3239
85.5217
83.5765
82.6105
83.1709
85.071
84.6978
82.6448
83.0276
83.6239
85.1056
86.1746
89.0596
86.6422
86.9907
86.1532
86.1803
87.1727
83.7579
83.4876
82.7116
83.2738
83.2517
86.175
87.163
87.0279
86.2549
86.2081
87.3663
87.2904
87.7454
86.374
85.6095
85.7224
84.9437
84.7848
84.8462
83.1463
82.7414
81.7224
83.6197
86.6446
85.675
85.6789
86.3327
88.5808
84.0006
84.8704
86.5646
87.122
87.9351
86.0049
84.0341
84.6585
87.7407
87.683
87.7829
87.3326
85.764
85.7568
85.6299
85.8339
85.2328
86.9012
87.0894
86.6587
87.3951
87.2772
86.7875
86.8409
86.6137
84.2822
82.9323
81.4701
83.7094
85.0449
85.1811
84.8021
86.0339
86.4233
85.7333
84.3081
83.3483
85.3795
84.9328
84.8571
86.3931
85.0804
84.5617
85.3591
86.7548
86.5589
88.4376
85.8592
85.0434
86.0195
85.4709
84.3357
86.88
87.1012
86.7752
85.6009
83.317
83.1428
82.8015
84.6819
84.5393
83.4676
84.8415
87.5864
88.0063
87.6295
88.3444
86.8774
86.4942
86.6698
87.5968
88.7461
88.2524
85.7968
83.9776
85.4315
85.0431
84.4689
86.0664
85.1144
84.516
85.9414
84.4421
84.0352
83.7717
83.0719
84.7855
84.9705
83.8473
84.2921
86.2188
85.8828
85.4107
84.7658
85.2503
83.422
85.2192
85.7405
85.9525
84.7856
83.8461
84.9507
84.797
84.1757
86.2525
84.7901
83.9718
85.6727
88.132
87.9022
87.2595
86.7371
86.1984
83.7072
83.4994
82.5133
82.7256
84.045
83.4347
83.4116
85.1603
86.7916
84.9547
85.5995
85.1822
85.3024
85.1841
86.2113
85.4529
85.8809
86.251
88.0411
88.3118
86.3588
84.6339
84.3996
84.9947
84.1204
85.257
85.2019
84.713
84.4824
85.4186
86.375
85.305
87.2065
87.6594
87.6517
86.9844
86.5842
85.2287
85.3758
85.5758
86.2544
85.6985
85.7869
84.4637
85.3361
84.8857
84.0686
82.6464
82.2174
80.3326
81.6691
84.9028
85.7604
83.0082
82.3222
84.2
83.9482
84.676
84.83
85.1385
84.5017
83.2809
83.1225
83.5585
83.8093
82.8099
83.5309
84.6012
83.9893
82.7258
83.9384
82.28
81.7148
82.0124
84.5921
84.4762
85.5981
86.3256
87.3315
85.8749
86.5326
85.3957
81.3396
82.905
82.3378
83.636
84.7614
85.1621
84.4312
85.2593
85.5941
86.4954
85.6468
86.8431
86.7976
86.4952
87.1927
86.1073
84.2208
83.7416
82.8504
83.9289
86.1819
86.276
87.5326
87.0944
87.3162
85.1533
86.042
86.36
85.8366
85.2883
86.6005
85.9449
83.7888
83.4986
86.6246
87.9012
88.8365
87.6025
86.3965
87.3564
84.7144
84.2984
83.7309
85.2001
84.3163
81.7628
82.8862
83.0819
83.3145
84.0754
83.7779
84.0411
83.9581
84.8379
84.8964
85.0472
83.7694
85.1316
85.5919
85.5284
85.2113
87.6488
85.8503
85.1774
84.8615
85.0204
84.2456
82.9945
83.35
84.9575
85.7714
86.1077
86.423
86.5815
85.8044
86.1893
87.1638
86.3789
85.862
86
86.4814
86.4038
85.2222
84.6776
85.7069
86.2418
87.9875
87.6588
85.0042
86.0076
86.6881
85.0382
86.6563
86.7913
86.143
83.8932
83.4385
82.4434
83.4818
86.3497
84.6548
83.6813
83.8027
84.1964
85.2733
84.4616
84.2988
85.9286
85.9631
84.1697
82.1407
82.2212
82.6047
83.9134
86.6035
88.0383
86.883
85.9782
86.287
87.5217
85.7655
87.064
86.9068
86.1112
84.4285
86.6174
84.0736
83.9257
83.2787
83.9983
84.6858
85.1443
84.8903
84.0126
83.9698
85.2338
86.2413
84.5976
86.5343
85.5323
86.7361
86.9276
86.9531
88.5322
88.077
87.6243
85.8705
84.1372
84.502
84.9893
84.9484
85.9882
86.7674
86.3538
85.2506
86.9849
86.8145
87.2794
87.5535
85.4786
84.8739
85.1341
84.0608
85.4451
86.4749
85.0152
84.4046
85.5368
87.4117
83.8325
84.9599
84.3192
83.2657
84.1471
85.2159
84.3404
85.9323
85.1424
83.3424
85.3857
86.6437
87.017
84.7811
83.5323
82.4639
84.4829
85.1651
85.4856
85.1639
86.845
84.9448
83.9814
85.1347
83.8436
83.5183
84.0204
84.8721
84.0394
84.2068
85.7674
84.6251
86.5266
86.5611
87.0252
87.0173
85.9236
84.2795
85.1439
84.4423
86.4882
87.4884
86.4789
86.7484
86.9332
86.2679
84.4906
84.7079
84.8841
86.1721
86.5977
85.2464
85.4609
86.7002
85.6514
87.3944
86.1991
86.4254
83.1978
83.0106
85.2515
83.8526
83.6359
83.4283
83.0024
83.5978
82.9595
83.3809
85.9017
88.0862
86.6176
83.1015
82.7811
84.7894
86.8321
86.9362
86.159
84.7532
85.4884
84.3316
83.2437
85.2889
85.1827
84.9102
83.5099
85.49
85.5242
86.4103
84.9397
83.7694
84.4313
84.7746
85.5382
83.2795
84.105
84.5042
83.6661
84.038
85.0983
86.9959
85.0789
85.8995
83.0555
82.8626
83.9869
83.9004
83.0957
85.4193
85.0417
85.0774
86.1115
84.5203
83.6756
84.2952
83.1664
81.9582
82.4237
85.663
84.3382
83.4878
84.0737
85.9726
84.7446
82.8646
84.1303
86.6833
84.7542
84.9765
86.419
86.3731
83.1837
83.5988
81.9122
81.7814
81.9681
83.9572
83.2207
83.9987
84.3822
85.8999
86.0212
85.4579
85.4665
87.4413
86.0026
86.2747
84.6998
85.2901
85.0968
83.2157
83.0286
84.3727
84.8294
85.2613
85.5227
83.8339
83.1272
84.1575
84.38
84.4192
83.9352
85.7101
87.083
84.7344
86.028
84.75
83.5337
82.7257
84.3214
84.8354
85.9893
85.9395
86.1906
85.1934
85.2606
85.4003
84.9438
86.0161
85.182
84.4983
83.3178
85.7211
85.6484
85.177
85.2868
84.8589
83.8376
83.6183
84.6651
87.663
87.6823
87.2202
86.5163
86.3409
86.6221
86.7822
86.8241
85.8133
85.4426
84.7151
83.7867
81.9879
82.1204
82.9007
84.1977
87.3183
88.0505
86.8143
85.7401
87.6689
88.401
86.3161
85.2782
84.3192
85.4523
87.0893
88.0136
88.1732
85.7525
84.5757
83.8849
84.4076
85.026
83.7737
85.0783
84.7798
84.7755
85.0497
83.9216
83.4735
83.5845
82.4717
81.9742
80.9339
81.4237
82.0338
81.518
83.5177
86.5211
85.4037
81.7422
82.8528
82.9628
85.2543
86.1258
84.4312
84.6982
84.7657
85.9862
86.1445
87.1665
88.2991
86.4101
85.5552
85.3742
85.3234
86.9231
85.5242
85.5892
86.778
87.0317
87.1914
86.3319
87.0848
85.1747
86.5174
86.2873
86.5683
84.0553
84.1998
84.4317
82.1511
82.4177
84.2325
84.1698
84.8866
85.1389
85.4124
86.6104
85.7742
84.5887
83.435
84.5258
84.0745
85.7045
85.2296
84.5652
84.5946
84.472
84.6483
85.0092
86.0419
85.4814
84.9606
83.8799
84.182
83.9113
83.987
83.8571
82.5777
83.1159
84.5241
85.462
87.432
86.7517
85.2106
85.0803
84.2367
83.5534
85.2511
85.8908
88.1826
88.1423
86.2649
86.7381
84.6408
85.1896
84.6074
85.3962
85.0339
84.4434
88.8677
89.7755
87.7705
84.9314
84.0178
85.1642
85.3436
88.1834
86.4604
85.1816
86.332
87.3757
86.1381
86.7739
83.6574
83.6236
83.2464
82.8697
82.0442
84.1078
86.2635
86.2875
85.8035
86.1771
85.1043
84.861
84.9993
85.8045
87.1796
84.4813
86.2687
85.6231
84.498
83.6772
81.4518
84.1843
85.8625
83.9022
84.3753
87.2512
88.4263
88.7913
85.5384
84.646
83.2272
83.8802
85.4763
85.2055
84.3796
82.3095
83.8682
85.7948
85.4987
85.4031
86.1755
86.4003
85.3723
85.8418
85.4749
86.06
87.1657
85.8657
86.4793
85.2316
85.2634
84.7888
83.9812
85.6009
85.3746
85.3669
84.975
84.8742
84.026
85.0315
84.0205
83.8564
83.522
81.3058
81.5574
81.7442
82.8642
83.7593
84.3065
83.4446
84.0397
83.0999
84.0436
85.979
87.076
87.5914
87.1232
86.3392
86.9479
87.0278
87.8287
87.606
88.0404
88.603
86.4182
87.0594
88.0715
86.4183
85.5926
84.8035
82.9939
85.3298
86.1366
87.6376
86.1398
87.0484
87.3479
88.0847
89.2609
88.6611
87.3629
86.5315
87.3478
86.3608
84.3039
85.5478
83.967
82.9402
84.2493
85.9083
87.3121
87.5371
87.7107
87.3891
86.1809
85.9688
85.3106
84.0397
85.3516
82.3916
82.0635
82.3735
82.6959
84.975
84.385
84.9134
84.2262
81.3231
82.3189
82.3301
81.7748
84.5669
85.3541
85.1189
85.2643
84.8381
86.7353
88.4701
87.6981
85.963
85.1834
87.0524
85.7205
85.9666
87.5904
86.0668
86.8486
84.2515
85.4661
84.4837
84.8305
85.237
85.0186
86.4276
87.3137
86.8606
85.5069
86.2826
86.2721
86.9775
87.6823
85.2193
85.0691
84.3031
83.886
83.9353
83.5932
84.7402
84.3182
85.0867
85.2299
86.3784
86.2636
85.6816
85.9641
83.9999
82.8996
83.1317
83.6458
86.882
86.6887
84.6886
86.6695
86.5762
88.321
87.6406
85.2897
83.153
82.7374
84.3365
84.2604
84.1356
84.2345
85.8313
83.5511
82.7326
86.3777
86.0197
83.3728
84.2682
83.9821
84.2329
83.3984
83.6351
84.7532
84.4014
84.9346
86.7567
87.5409
85.6548
86.1917
85.7187
84.9322
85.0138
84.8292
84.3744
85.6761
86.5095
83.3461
82.9085
84.4522
84.0319
84.5885
85.3236
84.3765
84.0751
86.3616
86.3126
86.3572
86.1142
86.1612
86.799
86.1362
85.7671
85.9689
83.7683
85.4516
84.5585
85.5242
85.8518
87.4758
86.5356
85.987
87.7427
87.2076
87.5749
88.6072
86.0802
85.4254
85.2026
87.6583
86.4977
86.283
84.3242
84.7244
83.7181
84.0884
84.4851
86.9579
86.2216
85.4907
85.9779
85.4664
85.2127
85.0523
84.8558
86.1826
87.5407
85.111
85.548
86.5306
86.4678
85.1366
83.9433
84.1633
84.5249
87.3185
86.741
88.4396
88.3573
85.999
86.8742
87.0383
86.8636
84.688
85.3444
84.9932
85.0232
85.4994
83.7726
84.2376
83.3554
83.0296
84.2646
85.1627
83.6812
85.3292
84.452
86.0076
88.2341
87.1291
88.5615
86.6285
85.9096
85.852
84.6279
85.6261
86.3646
86.1156
86.8058
85.1797
86.0389
86.6639
86.9993
87.1976
85.1155
85.1223
83.4721
84.4221
85.1605
86.2572
86.5508
86.5687
86.2087
86.2569
83.4579
82.626
82.4184
84.648
85.909
87.7407
87.2076
85.7162
86.1571
89.1163
87.1632
86.5273
85.5322
87.4743
85.9161
83.2736
84.2972
84.4796
83.0859
85.2246
85.2769
86.8033
86.1508
85.9472
84.4936
85.5237
85.9951
86.6066
86.1759
85.218
82.9787
83.8234
85.7608
86.0374
86.0264
85.0638
83.541
82.7329
82.8622
85.1722
86.2131
84.4797
87.407
86.6901
87.4946
83.7771
84.8862
85.4487
83.7777
85.7564
85.7494
86.2415
85.4599
84.4823
84.5524
85.9889
87.4979
87.8781
87.2417
85.1914
86.7568
85.3075
85.9416
87.8811
86.6572
84.815
84.4715
87.0191
86.6163
88.7046
87.4664
87.9971
85.9711
84.0063
82.3557
83.0025
83.1551
85.9392
86.4242
84.6382
85.1421
86.3922
90.3716
89.6083
86.2465
85.6713
86.1377
85.1537
83.6081
84.0732
83.884
83.7487
85.7743
84.6925
85.9806
84.3873
84.5852
83.0661
84.51
85.8785
85.737
85.0195
84.4469
84.5453
84.8803
84.9856
86.339
88.3759
86.9777
87.7719
85.9672
86.2058
85.294
85.4377
86.1838
85.1873
86.0479
86.9654
86.4813
87.0643
85.4306
87.2163
88.0638
85.9387
84.5113
82.2213
84.5187
85.2681
86.4567
85.3568
86.7916
87.7838
86.6155
84.5297
85.6827
86.6526
84.4822
85.148
83.7027
83.0458
81.8867
83.1257
82.2251
83.2302
85.3035
83.2776
84.1592
85.8567
88.2339
86.1739
84.6545
83.4053
83.4188
82.4622
82.9562
83.5155
83.3348
83.0079
82.7755
82.5512
84.5969
84.2252
83.6318
83.5221
84.8476
84.2432
84.3003
84.5776
85.9083
84.0351
83.3057
82.0149
82.1108
83.7336
86.0375
86.8406
86.8328
87.5352
86.2143
85.8714
86.4203
85.6425
83.9232
83.7097
86.4333
85.166
87.5901
87.874
85.2318
85.2215
87.2062
86.8594
84.9512
83.6414
84.4205
83.9992
86.1532
86.5807
86.8901
86.2233
86.1731
85.5992
86.1144
85.3419
86.78
85.3486
84.8561
84.262
84.8845
85.8241
85.1288
87.1243
87.8644
86.8092
84.3473
84.5656
86.0354
85.2095
84.9917
84.1307
84.345
85.4109
85.2523
84.0771
84.8358
84.9833
83.0268
84.4445
84.345
83.1994
83.736
86.4101
86.4041
85.1358
84.3152
83.5463
84.4485
85.4049
85.2631
84.8471
84.6952
82.6672
83.6015
84.1827
83.5673
81.811
83.9389
84.6782
85.8174
84.371
84.6565
84.3352
85.4375
84.5314
84.3546
85.3974
84.4841
84.1524
84.1732
84.7536
84.8466
83.8972
85.4549
86.8373
86.9468
86.6374
85.5692
87.0616
88.5057
88.031
86.4209
85.2098
87.2861
86.5608
86.5408
88.314
87.8185
87.4367
86.1842
85.3463
87.296
86.3265
85.346
84.865
84.4942
83.85
83.4019
84.8594
83.2246
84.8091
82.3457
81.3822
82.4744
83.4645
85.5438
83.6752
84.3809
85.5594
86.4183
86.3657
86.5214
86.4038
85.9352
83.3997
84.0538
83.8452
84.1502
85.7565
83.9159
83.3293
83.7247
83.8689
85.9147
85.2599
87.9669
87.2801
86.211
87.4258
86.4788
87.6981
87.0796
85.5876
86.0335
86.7169
83.0983
83.6386
85.5976
84.0508
82.1089
82.0192
83.5241
85.7632
84.9865
87.6291
86.9347
85.3288
85.0361
84.977
84.3608
83.8212
84.5632
84.2254
85.7088
85.1978
85.6949
88.0515
87.3527
85.6031
85.3131
84.9862
83.8211
85.565
86.5035
86.2032
86.8317
85.3495
83.6383
84.1762
84.1076
84.5146
85.5994
87.1074
86.4102
86.2476
85.2166
85.5481
85.3545
84.0628
84.4999
85.3826
84.3568
84.793
84.4994
84.751
86.1197
86.8121
85.0433
83.6793
84.7233
84.9915
88.0268
85.5184
86.2312
83.8837
82.6161
83.786
82.9208
82.2446
84.2342
85.2313
84.4126
83.9416
82.4459
83.2297
85.9646
85.1142
83.5199
85.5508
86.308
87.4271
84.1466
82.5676
84.3955
82.5288
82.6913
81.1668
82.2261
81.801
82.6776
83.4807
86.0173
86.5096
86.4572
84.2692
87.7932
87.7182
86.6188
87.3996
86.7643
87.1788
85.1183
86.8038
86.4369
85.4744
86.9264
86.9312
87.0099
85.4641
87.9895
86.9057
87.7788
85.9684
86.0527
85.2114
84.91
83.7104
83.692
83.2078
83.6325
83.9885
84.4742
82.4953
84.079
84.6022
84.8228
84.9068
84.2727
84.0616
85.7772
85.484
87.8179
88.3375
87.4073
86.2394
83.2236
83.902
85.1266
85.159
83.8829
84.6376
83.8803
86.123
86.3051
86.3391
84.3669
85.071
87.0082
88.8494
86.1617
86.6355
87.8335
86.1239
86.9786
87.8518
84.7182
82.9986
84.6906
84.2767
84.9223
85.7192
85.7778
85.3868
85.9182
85.21
85.3706
85.5658
82.4282
82.613
83.0137
83.7605
84.7754
86.1723
85.2046
83.4265
83.7087
85.4935
86.3116
85.8006
87.4811
89.8094
87.9643
87.0012
85.5821
85.9314
86.3212
87.5097
87.1787
88.3499
86.4429
86.6985
83.8385
85.6027
84.708
84.6005
86.5749
84.6462
84.4956
84.7494
85.0998
85.2777
85.5675
86.1717
86.8967
85.9692
86.4144
88.2762
87.7588
88.1086
85.2917
85.9165
87.4876
85.6421
85.2689
85.6944
86.9039
85.5527
82.7585
84.1389
87.6956
87.0041
85.4257
85.0493
84.8382
83.2824
84.1716
84.0455
84.1022
86.4056
85.8238
86.0904
85.0539
85.4003
84.1918
83.451
84.6874
84.6592
84.5534
84.7353
85.5579
87.5165
87.0323
85.8254
85.7702
84.8651
83.7721
83.5785
86.6631
85.4275
85.5639
84.689
85.2244
87.3663
88.0947
85.2376
87.1653
84.8366
82.6968
81.5965
82.4461
83.7158
84.2556
86.4277
85.7376
85.7872
85.3058
85.461
85.5889
86.8787
87.0321
85.5163
85.0218
83.7972
84.5543
85.721
86.781
85.7489
85.2823
83.4601
83.4954
85.517
84.6676
83.504
83.7516
83.152
83.1038
82.8921
82.7566
85.3385
85.6279
84.075
84.1347
84.8367
87.3409
85.6067
83.5307
85.0834
84.6556
84.5961
86.0759
86.1206
84.9011
86.1073
85.3513
84.8614
86.658
86.637
88.3373
85.5247
85.8031
86.0609
86.6219
87.9801
88.5095
89.1738
89.9203
90.7011
88.5152
87.8532
86.0756
85.7446
83.8096
85.8415
84.9176
84.1664
83.8359
84.5517
85.2258
86.7942
88.1209
87.5844
84.5569
82.3757
82.4067
84.3256
85.8697
85.3103
86.3213
84.6864
84.7147
86.3318
88.6482
88.0209
89.652
88.1686
87.6832
85.0911
85.1385
83.7875
85.1037
85.6517
84.3538
84.065
84.0926
85.5329
86.204
85.5118
85.6628
86.283
87.4947
85.5173
87.1996
88.7403
87.3429
86.8401
87.5547
85.6355
86.1121
85.0164
85.2649
86.713
85.5605
85.7197
86.2107
83.9195
82.7352
83.6357
83.455
85.6216
85.769
86.832
88.0284
84.2561
83.4344
82.5767
83.541
82.7749
83.0664
83.1621
82.2166
84.486
85.4802
86.3391
85.4395
86.3756
87.417
87.4656
84.1788
83.0566
84.1567
83.5664
84.8279
86.2181
87.6493
83.033
82.702
83.5542
83.109
81.7701
84.0596
84.9874
85.5443
83.079
83.577
86.0105
87.5484
86.6314
83.5619
85.256
85.5365
85.9958
85.9106
85.4058
85.7391
84.7325
85.1586
84.7335
84.4644
84.0436
85.5151
85.7011
85.8841
85.4988
83.9868
84.8763
87.4085
86.768
86.3435
85.8191
85.2987
86.8159
87.1589
86.4932
83.6958
83.9675
84.6957
86.1035
86.5425
86.7595
86.0629
85.1683
85.9465
85.4368
84.6615
83.8651
84.7092
87.4883
84.4423
84.8287
86.3315
85.008
85.7992
87.1678
87.8762
88.0815
85.7022
87.1435
86.4755
85.5086
86.3182
86.1297
85.071
85.1907
83.9425
84.1434
85.038
84.4842
83.4491
83.686
86.1228
83.1214
84.9726
85.0936
84.679
85.5848
85.157
87.0957
87.2544
85.573
84.8528
84.5131
84.3292
83.5666
83.0602
84.5838
84.112
88.2416
86.6564
86.4742
87.7718
89.685
87.9824
86.4215
84.1559
85.082
84.7374
83.4963
84.5447
83.3787
81.7549
82.5058
83.0792
82.8469
82.4228
84.2107
84.4246
86.44
85.1474
85.7095
85.9657
85.4765
86.5076
87.4041
84.4244
82.387
83.7537
83.6534
82.8194
85.9563
87.0428
84.3514
84.4047
83.9264
82.7358
83.0119
83.0142
83.9535
82.695
83.7762
85.0319
86.8076
87.9996
86.8694
85.2112
84.7685
84.5996
83.4888
84.928
85.15
87.0885
88.4799
86.4385
84.2435
84.7023
84.2232
86.9851
88.2795
87.1844
85.9484
84.9327
85.2648
84.1421
84.5666
86.1589
85.7132
84.7678
82.6729
84.5115
86.6494
86.4796
87.8068
89.1366
86.4381
87.0268
86.9771
87.728
85.291
85.4317
85.5559
84.6036
86.1972
84.7593
84.9502
86.0628
85.8892
84.8056
84.5777
88.0006
87.1992
86.1678
85.1902
85.394
84.6566
85.5233
86.0678
86.6768
85.8434
87.7823
87.5675
88.7272
87.5618
87.1762
88.9399
87.1855
85.3943
84.1357
83.9978
84.9483
84.6559
83.272
85.4262
85.1681
84.2512
83.872
84.7454
84.739
85.2908
85.619
87.7681
85.1612
85.6722
83.8396
83.7181
84.2681
86.0418
84.087
86.1763
85.0949
87.3871
87.6643
84.533
84.9958
86.8414
88.195
86.2814
86.8234
85.9396
84.9486
85.6615
84.5311
84.5121
83.8368
84.0574
81.6646
83.2949
82.8821
82.7093
83.3506
83.7026
85.3
85.6842
84.6274
83.3336
84.8761
83.4701
84.7008
84.9015
85.1325
84.8642
87.66
86.4539
85.5102
85.6514
85.0679
85.0191
83.152
85.4223
85.0357
84.8096
83.0389
85.7849
85.82
84.7051
85.1548
84.3027
85.1435
85.5258
83.9753
84.1846
85.2753
85.0097
86.6715
86.875
89.9956
90.2362
87.6315
88.3678
87.0565
85.3647
84.7042
85.8899
84.6777
84.7353
85.0477
84.3112
83.2783
86.2368
84.7381
84.6683
86.1989
85.5107
85.0089
85.1085
86.4815
86.4194
86.779
86.1004
87.0896
87.7269
84.7432
83.8748
85.0898
85.956
85.8838
85.5635
84.443
83.1695
84.9766
87.8149
89.1461
88.7715
89.0484
87.0846
88.2998
90.1101
88.8837
88.839
86.5406
85.196
84.8115
86.1646
87.102
86.3899
84.4988
84.3965
83.2362
86.2947
86.6617
87.051
85.2074
82.4586
82.8787
83.6461
84.6971
83.7605
85.9158
85.6376
84.364
84.7372
84.6865
85.963
85.3935
85.1011
84.1494
84.6789
82.8772
84.2099
82.6624
84.0383
82.557
82.2272
84.5811
84.9488
82.6845
83.73
84.3097
84.484
83.682
82.8267
83.4922
85.4714
84.4354
84.8748
83.3626
83.5881
84.497
83.7507
84.8544
87.4111
87.2571
86.7448
86.3831
85.6462
86.6686
86.3825
84.2604
85.1002
85.7129
83.7563
85.4295
87.5109
85.2154
84.1676
85.9281
85.7772
86.2909
85.5446
83.2142
82.4775
82.791
83.5113
83.9301
84.4797
82.8629
84.3543
87.5055
86.3163
85.1126
85.773
84.389
83.9035
83.8532
84.6397
85.3028
85.6144
87.6603
85.277
83.8325
82.2499
82.8276
81.2558
82.185
84.9164
85.0806
84.5948
85.3842
86.674
85.6913
85.3034
86.0858
85.4564
86.4425
84.8556
84.8787
84.396
84.2984
83.5062
87.2965
87.6651
85.5088
86.3257
85.8205
85.6314
86.5864
85.9649
85.9313
88.1148
87.271
86.4745
87.8352
86.792
85.0013
85.0116
85.2831
83.6915
82.4189
84.4798
86.2749
86.9573
85.9115
83.1596
83.6055
82.3456
83.7611
83.7939
86.1615
83.9009
83.5742
84.6781
84.9511
83.8439
84.4362
85.4825
86.7612
85.6519
85.0531
85.3011
83.9571
83.9099
84.2474
84.9013
84.7281
84.7702
86.1267
86.1567
84.1614
84.4517
85.9117
85.6298
85.7508
85.5292
85.8654
84.8416
84.5902
82.8474
82.7438
82.7317
84.7936
83.3087
83.7258
84.429
85.3408
86.3899
86.0413
86.1873
84.6024
83.3683
85.2983
85.2015
85.4835
85.3252
86.2018
86.7853
87.4445
86.4914
87.0138
87.1133
86.6183
88.022
86.7676
86.7685
85.5705
85.6591
84.874
86.2301
86.1669
86.8109
87.2554
89.1031
87.2782
86.9155
86.7304
85.8432
85.3316
88.3489
87.7506
86.1735
85.8815
84.8888
83.6182
87.1273
87.8351
86.2191
85.3961
86.4691
86.628
86.1485
88.2871
87.8227
86.3151
87.0345
85.363
84.9353
85.8513
87.7744
86.4289
84.8886
86.9516
84.7635
84.8863
85.9609
85.4365
84.1597
86.5371
85.8133
86.2069
85.5871
86.4664
88.9287
87.1439
85.4936
83.7651
84.1492
84.9133
83.7809
84.6903
85.1383
82.7166
85.0341
83.7292
84.7793
85.1651
85.8396
85.5502
86.9901
85.5531
86.0446
82.6023
83.4511
84.3502
83.2026
84.5034
86.1854
84.8254
83.6994
83.2245
84.4679
85.1321
83.8709
84.3197
83.6436
85.4268
83.9529
84.6472
83.841
83.9716
83.3051
81.2617
81.7303
82.8355
84.5398
86.0441
85.3095
85.1077
85.492
83.8173
83.2473
84.6244
83.8265
82.8402
81.2605
83.3483
84.3068
87.5966
88.1807
86.9572
86.7133
86.4482
86.1139
86.0791
84.9604
86.3537
86.1684
86.2891
85.8542
86.1624
85.0314
83.5778
84.3527
84.3768
85.9314
86.5479
86.5368
85.4522
86.0117
85.9071
85.5123
86.3439
85.4202
82.7243
83.0049
83.3192
83.3743
86.2004
84.0457
85.2363
85.9287
85.2199
86.1861
84.3204
85.3358
84.7465
83.5609
83.6538
85.5818
86.2083
85.6495
85.9059
82.1635
82.266
82.3087
81.8532
82.3722
83.0195
83.1373
84.8851
83.5661
82.8359
83.1746
83.3655
84.0279
84.3602
84.2331
82.2867
82.6361
84.4141
82.9708
82.7326
84.511
82.597
83.8055
85.041
85.6147
85.8375
84.6322
84.7065
85.951
84.4217
82.3347
82.8164
81.9804
83.8173
84.7624
85.015
87.8444
86.0368
85.8965
86.9897
85.7048
84.9773
85.2852
86.1986
84.7392
84.4875
84.8731
85.0615
85.7704
87.3291
88.1884
89.2921
88.2913
86.1695
86.4412
86.5023
88.4038
85.5852
85.0858
85.3995
85.324
84.9507
86.7928
86.4505
85.5388
85.4816
86.9096
87.7256
86.0974
84.6888
85.2009
86.225
87.3225
86.1616
85.1479
84.8696
85.4397
83.8864
86.8528
85.1995
86.1655
87.0308
84.8825
83.3305
86.0411
85.9048
85.4645
85.7024
84.8579
86.4468
86.193
85.3066
87.1864
84.8114
83.8757
84.9868
85.0913
84.3768
84.0913
85.024
84.2987
83.0172
86.3277
87.7171
86.013
87.044
84.6687
83.926
82.6138
86.7454
84.8857
84.5019
83.7185
85.8263
85.2935
83.9311
83.1658
84.1809
86.0177
84.3866
84.3271
84.4333
85.4072
85.4426
85.4351
86.4474
86.8055
86.5485
83.1325
82.3124
83.4234
83.92
83.8014
82.9625
83.9391
84.6609
84.7032
85.0042
84.4139
82.868
82.4988
83.2301
85.0711
84.4049
84.7848
84.8562
85.5895
83.9698
85.4154
85.8932
86.3571
86.5719
85.4697
85.1385
84.3691
83.2385
83.7177
84.6792
82.4279
83.4713
84.8197
83.1503
81.7182
83.8022
85.2013
85.9252
86.2439
85.3551
85.1367
83.483
83.5443
84.0116
85.0607
84.5807
84.312
85.5801
85.3083
86.4535
86.959
88.0059
88.4889
86.1873
85.1723
85.7784
88.2402
88.1537
86.2276
86.3897
87.1545
87.6652
86.6629
85.9617
86.6695
86.9615
86.6681
87.5994
89.1703
87.3753
84.9956
83.7281
85.2864
86.3291
84.0342
84.1009
84.0413
83.7826
83.6359
84.5509
85.4352
87.2523
84.7093
85.1501
83.0005
82.92
85.3896
86.6687
85.6431
85.9134
85.5536
88.0217
85.7199
83.1914
85.5457
85.6861
83.0519
83.7198
84.0397
84.8458
86.2802
86.0894
85.9356
85.0568
83.2133
83.153
83.8013
84.8528
86.3571
86.6448
86.8673
85.1603
85.5689
86.5269
85.3513
81.8127
82.6145
83.4508
85.4948
84.2749
83.9886
83.9894
83.7033
86.2087
87.8671
86.9859
86.3226
85.9501
84.9314
85.2435
85.4949
82.7182
83.3254
82.7873
83.5727
85.4969
86.74
85.8024
83.5038
84.1513
84.8429
87.4832
87.9622
87.025
85.9837
84.0958
85.3503
86.7242
88.7362
87.6886
84.016
83.0966
83.0579
84.5883
84.8352
85.901
85.813
87.3787
86.117
82.4662
84.8219
84.0345
83.9423
84.2982
84.5375
84.4809
86.4691
87.0272
86.3712
86.6097
86.058
85.8816
84.98
84.5263
85.9233
87.0494
86.2708
86.6274
87.9632
86.6375
86.7967
84.6954
83.9127
85.3861
83.6652
82.0817
81.728
81.2199
82.5073
82.8872
83.3215
83.8943
83.7039
84.1986
84.1726
85.7372
84.2128
84.9361
84.6217
83.7964
82.3456
83.5098
83.9639
83.7854
83.0386
83.8777
84.3914
84.6209
82.6279
83.156
84.5577
83.3905
81.4201
82.5983
83.5616
84.9084
84.4582
84.6507
87.5726
88.2356
88.0148
87.1355
85.5522
84.3675
84.8084
84.4088
84.0163
83.9299
86.5906
85.3296
83.9254
85.7377
85.5425
85.9536
86.9392
86.7703
86.7075
85.6531
85.4449
85.8407
85.9422
84.8828
83.1177
83.8629
83.8858
83.3536
83.6481
84.4356
84.6326
85.2387
86.0332
85.5811
88.2092
86.465
86.79
85.7831
86.4954
87.8288
87.6128
86.3374
85.7199
84.9347
82.2824
83.1069
83.0796
85.3396
84.6233
86.1808
86.6232
86.267
86.204
85.0803
84.703
82.6409
80.8239
83.3464
85.2118
84.2856
84.4339
84.7796
85.3772
85.1941
86.2606
85.0595
82.6441
83.0718
86.7743
86.0554
86.2079
83.5865
83.1363
83.3489
83.4869
83.1993
85.6105
84.5642
83.5009
85.468
83.6732
84.9951
83.9327
86.2849
85.0748
84.2244
86.5055
85.8424
85.1228
85.1142
84.495
84.9171
84.7225
86.2902
86.5905
86.1565
86.7434
85.6683
86.8949
83.5939
81.9624
83.4483
85.2271
84.4537
85.205
84.4146
85.243
83.6501
84.3938
87.239
85.5549
83.5168
85.1508
84.7246
85.6577
85.9843
85.9843
85.3408
85.4635
85.385
84.55
83.2866
83.4078
85.164
83.7544
84.4656
83.1304
85.9911
86.9964
86.9103
86.5178
85.5974
86.1081
88.8008
86.0817
85.8931
83.822
83.7727
86.8038
84.1145
85.5399
84.6906
85.174
85.7028
87.3096
88.2454
85.6963
84.607
85.0947
85.6167
85.5234
84.5049
86.5236
86.9879
85.8304
86.539
86.2869
85.8971
84.5087
83.5085
83.7837
85.1073
85.1468
84.134
86.3687
85.7099
85.6806
84.8457
84.0224
85.2229
84.7772
84.6944
85.5784
86.6826
84.8478
83.5379
83.5398
83.5109
86.8759
88.8328
87.2048
85.1184
85.1463
85.4476
85.4167
86.1616
86.9131
84.397
86.0027
85.7423
84.9707
87.3039
85.8037
85.0797
85.522
87.4763
87.4106
86.3544
85.5809
85.4924
84.0358
85.2506
86.5093
86.6738
87.1307
88.1032
88.4121
87.1888
84.1674
85.4749
84.845
86.0018
87.7954
86.7113
86.8464
85.9299
84.6218
85.2463
87.0918
87.1814
86.9665
87.1541
86.2126
87.2519
86.531
85.635
85.772
85.2452
85.1288
86.2144
86.7475
85.257
87.0078
85.1353
85.0813
85.8385
84.1738
83.3141
83.2531
85.5611
84.4819
84.6926
85.5903
85.6896
84.5301
86.0834
86.4515
84.7189
85.6745
88.1051
88.2471
86.3668
84.4715
83.8319
83.6515
84.2704
83.4597
84.5094
83.5731
82.4799
81.9332
81.7008
85.4826
84.9601
84.545
84.8888
83.8857
85.591
86.4806
86.9603
86.0702
86.1564
87.0042
87.4392
86.7961
85.6139
86.0445
84.4172
83.0454
80.7002
80.8818
82.1942
84.0768
84.0498
83.2808
84.1068
84.4703
83.0038
85.1352
83.624
82.7333
83.2269
83.576
83.3911
82.082
81.8001
83.0482
83.7285
85.3215
82.7578
85.1754
83.0517
83.5413
84.9206
85.0732
88.1193
86.6553
83.9982
82.6794
82.2698
84.1014
83.9616
84.7252
84.8538
85.1196
83.8043
85.9778
86.7429
84.0372
84.6659
84.5637
85.0415
84.3451
84.2606
84.2098
87.5241
88.1183
90.0152
88.3458
86.7106
86.4261
86.1249
88.1865
88.2354
88.012
85.7375
85.2586
83.4241
83.8151
82.0001
83.1886
85.6501
83.6207
85.6881
86.9306
87.8328
86.2245
85.6147
84.2146
84.1585
81.7673
81.8251
84.1077
83.9221
85.3806
85.0925
83.3076
82.713
84.2374
82.7292
86.2984
87.6229
87.8973
87.8696
87.0985
86.1709
87.5052
85.4685
86.5393
86.0959
88.7274
87.8985
87.0031
88.0156
86.5532
87.2982
87.8173
86.3043
85.7008
83.8923
84.1725
85.5319
84.3234
86.2514
86.8689
87.4829
87.9042
87.7924
88.7333
86.784
82.9872
84.5298
84.1787
84.0751
82.6692
83.4325
81.7591
84.2543
83.0188
80.8454
81.9551
84.6817
84.2515
84.7888
85.7975
87.4829
85.8972
86.8034
84.1676
83.0451
84.2086
84.1375
83.4018
84.3921
86.1879
85.5032
84.5359
85.4484
87.6224
86.6201
86.3704
82.9706
84.0559
84.7768
84.9304
84.4
85.1181
83.478
83.2872
84.0239
83.5119
83.1703
83.3427
83.2189
84.3926
84.9976
83.2965
83.3757
83.0969
83.874
85.4287
84.9314
84.6347
85.0772
85.6792
85.6362
84.857
84.8516
84.1227
84.9214
83.785
84.7292
84.0121
85.0557
85.3745
83.5468
84.207
83.2039
85.146
84.9927
84.482
85.8084
86.6825
86.4604
87.4928
85.4055
84.6027
84.0349
85.1109
86.1839
85.732
88.1591
88.0382
86.9684
85.7828
84.8525
86.9405
86.0905
86.7405
85.4065
86.4864
84.3235
84.4707
85.2215
86.8767
86.4487
84.7396
86.5017
84.7454
83.4901
84.477
85.7081
85.0943
84.3835
84.9815
83.9684
85.0867
83.0265
83.2013
85.6296
88.2537
85.2241
85.8711
85.8565
85.4435
86.0086
85.4556
84.6278
85.4235
86.335
84.178
85.2801
88.1403
85.9624
84.8806
84.6632
86.831
86.3291
87.2347
87.2044
87.7425
89.0077
89.6891
87.8858
86.7742
87.0831
87.4663
84.8243
84.1978
84.3254
83.0946
84.9877
84.1347
86.0217
85.9996
83.4225
84.8284
85.8726
86.7235
86.8945
87.3145
87.4053
87.4674
86.9955
85.4535
83.9366
85.0847
85.0235
85.0203
84.0905
83.1669
83.3926
84.0977
85.8737
86.3836
84.5208
84.8111
86.253
83.9162
83.5255
83.017
83.8577
84.0749
84.2224
83.4847
84.0831
85.2498
84.9984
86.7404
85.578
84.5296
86.308
85.4905
86.8094
86.0446
86.7937
86.2905
86.3108
85.4839
85.6307
85.2962
85.2721
83.5396
84.2328
86.2566
84.5646
86.177
85.2739
84.1112
85.136
84.9346
84.7147
86.6944
84.2684
84.7418
84.9856
83.681
83.8556
82.7395
84.0685
83.2851
82.3877
84.7565
84.3609
82.3101
82.6783
83.2788
83.8155
83.9018
84.0784
83.5545
85.3986
84.9974
85.5656
83.433
82.4131
82.6024
83.5477
85.9989
86.1245
85.5601
85.1033
86.9771
87.4481
85.2135
84.2807
83.7741
83.4299
84.7818
84.0069
85.4264
85.165
85.1159
84.546
84.1786
84.8024
84.9453
85.5208
86.0388
86.6916
87.2065
85.9614
82.9332
85.1503
82.4269
85.9742
84.6881
86.5323
86.307
85.1772
86.4505
86.6702
86.2404
87.4367
86.2761
86.35
86.0855
87.0772
85.543
85.6016
87.7098
88.3187
89.6976
87.4128
86.8795
88.0158
84.1565
83.9982
86.2976
84.0251
84.3625
86.3199
85.9773
84.1387
84.5321
85.3273
85.2345
84.769
85.5676
85.3695
85.9731
84.7869
83.9814
86.7726
84.9002
84.8245
85.8982
85.7744
84.2166
83.7564
84.5747
84.8927
85.7168
84.2618
83.5474
85.004
83.6421
85.004
82.9273
82.3448
83.2534
84.3643
84.743
83.6497
83.821
85.1783
85.515
87.2953
86.1154
86.1573
87.4477
87.0913
84.6415
83.8262
83.7374
85.3703
87.9091
86.6691
86.0075
86.5773
86.387
85.8443
85.7807
88.1465
86.5956
84.7712
83.7972
83.9349
84.6346
85.5191
84.9406
84.2182
85.7993
84.6821
82.5589
83.9804
83.5785
83.6008
82.5233
84.301
86.3211
84.6977
84.8963
82.5777
82.9162
84.0595
86.78
85.0603
85.1635
83.8565
84.6401
86.1086
86.8563
84.4784
82.2894
81.5082
82.1328
82.5017
84.2148
83.9097
82.4012
82.1765
82.1673
82.8857
84.5855
86.9552
84.2146
85.484
84.8299
84.382
83.1375
84.1833
86.6579
86.8398
87.2457
85.6618
86.4227
85.7946
87.1338
86.7752
87.9692
88.6075
86.9774
86.2745
84.5184
84.7259
84.5183
85.0336
85.2995
84.2216
84.4018
83.0764
83.9366
82.5337
81.6979
83.6711
84.0044
85.4646
86.5492
84.5656
85.4714
85.1539
85.6771
86.2229
86.6962
86.2334
85.0452
85.6838
87.6769
89.0644
88.6655
88.7401
86.7235
84.1937
85.99
84.2435
87.8006
84.8869
84.2834
85.9438
85.9036
84.8447
83.7479
84.0822
84.6075
86.6439
87.2393
86.8396
88.0283
85.9106
85.0157
84.5913
84.1479
82.9097
82.7526
82.5698
82.2124
82.8933
83.0322
83.9244
84.7527
84.0222
84.5573
85.6098
84.5999
85.0365
85.1124
84.6826
86.2237
86.813
84.2549
85.9418
86.0253
87.3456
86.6469
85.5813
86.8883
86.5836
85.4926
84.7468
86.0547
85.8435
86.4908
85.5704
86.2812
85.5275
86.441
88.4622
85.349
86.9138
85.27
86.1534
85.6035
88.0581
86.2852
83.251
85.8299
84.8104
85.371
85.683
86.3479
85.7817
83.749
81.2494
81.8741
82.8496
82.2523
83.8503
85.3881
83.5403
82.638
83.0995
84.9454
86.9655
88.0339
87.1069
85.9617
86.6779
85.0078
85.4869
84.2951
83.5291
83.8878
84.972
86.5197
87.9608
86.5983
85.8016
86.0997
85.7654
85.0039
85.2963
85.6352
83.6208
83.2248
83.1914
84.7618
86.6004
88.8712
88.6146
85.6821
85.4858
84.7325
87.1938
85.0195
87.128
86.1405
88.0451
87.097
85.8295
83.876
84.0581
83.5449
86.6144
86.3297
85.397
85.9057
86.5241
86.4865
87.8407
86.9346
87.5895
88.5355
88.1217
85.9831
83.7005
83.3906
84.0493
84.4685
84.2755
86.774
86.7337
86.0478
84.5516
86.6073
85.5425
84.6197
85.9887
85.0824
84.9559
86.5682
87.3722
85.5361
84.2877
81.9931
83.3133
84.0554
85.2772
86.4112
84.8987
84.4114
82.0446
83.4427
82.2374
83.1744
81.8408
85.7049
85.9758
86.3204
84.8314
83.0525
82.664
82.9544
84.9709
83.8264
83.9272
85.8215
85.1161
84.888
85.2024
86.2874
85.0858
85.6847
86.1389
86.2496
87.6525
88.0123
88.1148
87.7421
86.1717
84.9562
85.069
84.2794
86.3301
86.1181
87.1294
86.6576
86.114
86.8355
86.7894
85.6332
84.9322
83.6794
82.1113
84.1121
83.8688
84.5328
84.8755
86.2907
86.8127
85.9414
86.081
85.6828
85.1285
86.1652
87.2385
86.9207
85.1246
85.5832
85.6786
85.9862
85.5491
85.913
86.589
86.2689
85.5949
83.759
84.5292
83.5254
83.8433
84.5126
83.2681
84.3462
84.297
84.6504
84.7451
86.683
87.4581
86.572
86.7309
84.4941
83.356
85.2832
85.9198
86.4017
84.4799
82.5166
85.719
85.8576
85.6501
85.4003
85.7674
84.9275
84.6002
86.0342
86.2852
86.4449
84.4064
84.3488
86.0304
85.6357
84.9783
84.1797
84.0137
83.6492
82.349
83.9859
83.5909
84.2261
84.1411
82.4728
84.7024
83.2891
83.7877
85.0123
86.9956
89.59
90.0554
90.2547
90.2941
88.6638
85.0789
83.4257
84.6553
83.6151
83.4952
83.524
84.471
87.031
86.4141
86.6058
86.5002
87.4732
87.3072
86.3043
83.7542
84.5753
83.9843
84.4684
85.5926
84.0743
86.1341
84.9517
85.8258
85.1622
85.2927
86.0445
85.2154
84.9685
85.3443
85.6801
85.5062
85.7976
83.7994
82.7593
84.1393
83.4875
86.295
88.7251
87.4021
88.1807
89.2874
88.2876
89.6411
89.1083
88.2154
86.0582
85.8039
88.6578
86.9888
85.3081
85.49
84.8078
83.1358
84.4557
84.6065
83.6104
85.3839
84.4266
85.609
85.8621
84.5079
86.1796
83.9973
83.6214
84.9753
85.9993
85.7049
83.6506
83.7811
86.1774
84.9467
84.8832
84.222
83.9177
84.579
84.5924
86.7302
86.8827
86.5627
86.6828
85.5796
84.792
87.1245
86.5957
86.53
84.411
84.3683
82.953
82.6201
81.8679
84.5676
83.3215
82.0356
83.1645
84.0845
82.9407
82.9973
83.581
85.0792
82.8531
83.1266
84.9196
83.9054
84.2143
84.2183
84.1623
85.8088
86.5533
84.9275
83.8412
83.4071
83.3771
84.575
82.876
86.0058
85.5864
84.5454
83.9017
85.8017
83.4548
84.6279
87.7868
88.871
87.8151
88.2143
86.6687
85.7396
86.6393
84.7942
85.5029
82.5325
83.3758
86.2558
84.8947
84.7194
86.6711
84.9226
85.0759
86.1604
86.3188
83.8132
83.964
86.1649
87.3206
87.7154
86.4514
86.6344
86.3413
83.6406
81.4198
83.9004
84.4198
83.603
85.1418
87.5846
86.7495
85.3507
84.4617
85.1536
86.0318
86.0375
84.5364
83.795
84.2337
85.5457
86.7093
88.0249
87.6525
86.4289
82.7502
82.1677
81.7983
82.0149
82.4407
84.1039
84.5946
83.6388
82.7166
83.1511
83.8386
83.6587
84.71
83.1597
83.7962
84.4951
84.9442
84.523
84.506
82.5319
81.6151
81.1549
82.2344
82.841
82.9699
84.3289
85.7728
84.7526
84.0442
85.0071
83.9613
81.6345
79.4403
81.0046
83.2016
83.7149
85.111
85.4763
86.2281
85.5557
85.4543
86.2324
85.3789
85.4944
87.0306
85.94
84.151
83.7626
83.4056
85.3576
84.2476
84.3131
84.6217
84.6281
86.5154
83.805
83.8256
83.0986
81.7226
81.6766
82.6336
83.913
84.2225
85.3209
85.3546
85.4898
83.7417
83.0294
85.1961
86.8429
87.6096
85.6124
87.3091
87.2731
87.6306
87.9094
84.9275
86.8695
86.6895
84.9346
85.4591
86.3765
84.7189
85.5535
84.088
84.5264
84.7724
85.2803
83.217
83.5977
83.4749
83.959
82.0316
83.8436
85.6878
85.2665
87.0594
85.8018
85.5847
86.3764
87.3139
88.1752
86.9726
84.9958
85.563
84.228
82.0099
82.5416
84.2105
83.4878
83.411
84.1369
84.379
85.0547
84.6753
84.2385
87.3188
86.8747
88.3448
88.8046
87.4239
86.5359
85.577
85.0569
83.7834
84.5529
86.2698
85.6631
86.4055
86.4108
87.3166
86.3538
85.4509
85.8385
84.9842
83.9821
83.4724
84.3745
84.5266
82.7263
85.1367
85.9125
85.6593
85.3496
83.9794
83.4863
83.718
82.8197
85.6958
87.2702
87.2972
86.5983
85.531
85.5049
84.4699
84.056
82.4945
83.078
84.864
83.3739
83.807
84.4621
83.2312
84.3244
85.8169
85.8693
88.6446
88.9215
86.3681
85.4625
83.3737
84.2899
84.438
84.134
84.6595
84.8325
84.873
85.3967
86.323
85.6289
85.8302
86.0049
86.0192
85.8158
83.7358
83.9246
84.9028
85.4359
85.393
84.887
86.8653
85.8375
86.7317
86.6888
87.9101
87.9186
87.2293
86.6067
85.1831
87.3391
87.4924
86.3428
85.1096
85.3593
86.2637
87.4673
86.0909
85.7925
87.0664
85.3472
85.7625
85.1309
84.5587
85.6729
85.2627
87.2443
87.2631
88.367
89.0564
87.1626
86.7289
83.2775
84.0525
86.0177
84.3487
83.1002
83.3426
83.759
84.291
85.989
86.6059
87.9268
88.6299
87.5699
87.7478
87.213
87.0781
86.7981
84.1773
85.5332
86.4828
84.276
85.0054
84.9575
84.9778
85.6162
84.5496
85.6347
87.5989
87.7887
87.2896
88.4444
87.0131
90.6219
89.5915
88.1268
84.6192
85.0186
84.9656
85.6846
86.0327
85.3061
85.9442
84.8174
82.906
84.188
84.1203
85.8568
87.3337
87.1053
87.0934
84.5222
86.585
86.9292
85.1593
84.2422
83.9013
84.3146
86.082
86.4158
86.4637
85.1399
84.7998
84.4944
83.7667
85.3558
84.7826
85.6078
85.9977
84.782
84.6477
82.7871
83.0362
83.2905
84.9656
83.2926
82.565
83.9454
84.1053
83.846
85.051
85.2233
86.4432
86.3875
85.8967
85.0983
84.9773
84.0711
83.2332
83.3868
83.2525
83.1753
82.4713
85.9788
85.4622
85.8025
84.4105
86.6182
85.9344
85.2749
87.3371
87.2484
86.056
86.6447
87.2467
84.0505
85.2757
85.441
86.2619
86.3174
86.0648
85.1657
85.888
82.7975
80.4891
81.5046
82.9349
85.224
84.6652
83.2609
83.8299
84.7489
83.1714
82.357
83.9873
84.0208
83.2456
83.4326
84.6252
86.34
87.4267
84.4451
83.3081
85.3272
83.3093
83.8127
85.1101
85.9937
84.1234
84.5848
85.0007
84.5719
84.9048
85.5164
84.8754
84.6961
84.4759
85.0745
83.3706
82.8834
83.3801
83.1206
84.3516
85.0787
83.9575
84.1446
84.7093
83.8926
84.0174
84.9659
84.7063
85.5759
84.537
84.949
86.6014
84.7847
85.9856
85.5415
85.0384
84.964
84.5648
84.9331
82.7674
84.3845
82.4686
84.4129
85.6178
84.7496
84.5088
85.5967
83.071
84.3454
85.8937
82.3672
84.1086
83.0765
84.1363
84.4102
83.6666
84.7002
84.7533
84.8228
85.4731
85.1628
86.3026
86.1475
85.3227
84.106
83.9489
83.9518
82.9789
83.8496
84.2174
85.7985
85.7071
87.5432
89.53
87.5255
86.611
85.2292
83.2031
83.5691
84.9273
86.5443
86.7992
83.4361
83.6064
83.838
85.7941
86.8934
86.2464
85.1523
84.5116
83.0671
84.3697
84.89
86.9238
85.9603
85.7956
85.0461
83.5121
82.4713
85.5841
85.5326
86.4143
85.2737
84.6208
85.3918
85.1003
85.4122
85.334
85.0328
86.0779
84.0418
86.1136
86.446
86.6076
88.5439
87.3397
86.4174
84.9208
86.703
88.3422
85.0826
84.8763
84.3292
84.2002
84.1198
82.7865
83.6433
82.7675
84.1864
85.3898
86.8827
85.6399
85.5499
86.1039
87.8375
86.5277
84.5111
83.5895
85.4069
85.2654
84.2032
84.8855
85.5161
86.8068
87.2523
86.652
87.3653
88.1314
87.5162
88.9005
87.0327
85.5002
85.8559
83.7484
83.6913
83.0968
83.9481
84.3719
85.52
83.1597
84.0895
86.5905
84.9548
85.9349
83.7865
83.6866
83.5518
85.1332
85.5954
86.9785
86.2595
85.7184
84.2201
85.7856
84.9358
85.8365
86.442
85.5366
84.5468
84.3562
84.6261
84.4029
84.7623
85.3973
85.7853
85.0433
85.2127
85.2716
87.0461
84.7642
85.187
85.0449
86.232
87.2332
86.2682
84.3272
85.0947
85.4146
88.2144
86.9911
87.463
85.5145
83.8703
83.9389
86.7513
85.5853
84.6868
84.4068
86.7026
87.1684
88.0507
87.9921
87.9527
88.9766
86.995
85.0556
84.0977
84.6756
85.4394
83.0506
82.7531
85.3943
84.6255
85.8464
83.7111
84.1932
83.4053
85.7734
83.9951
84.1938
85.1585
85.8818
87.1685
86.6078
87.9751
86.9999
87.8567
88.4108
85.338
84.2536
86.9853
86.8316
86.006
86.5223
84.4
86.6472
85.0681
84.4969
84.5079
85.1755
84.6704
84.4364
84.8648
85.0424
84.0378
83.5082
84.7148
85.4997
86.0456
86.1839
86.7131
88.8912
89.6299
90.0727
89.0737
87.03
85.619
83.6534
83.5953
85.3337
84.9149
82.9544
83.3584
84.212
84.3622
84.4172
84.7362
84.0835
86.3265
84.5865
83.5712
84.2841
85.5025
86.8694
84.9073
84.7747
85.5755
85.3375
85.7804
84.7772
84.8627
85.6376
84.7001
85.1024
85.4123
85.3306
85.4638
84.2701
84.5388
85.1664
84.0435
84.9834
85.0188
82.518
85.2845
85.5235
84.8642
82.9288
81.8255
82.4261
84.3989
85.0085
84.7154
85.2264
83.8492
85.4664
86.0976
85.1489
85.2284
85.6916
85.8584
86.1526
84.1307
84.2163
83.8559
84.2921
86.0635
85.4477
84.6086
83.8998
83.1298
83.4336
84.3227
84.0575
84.8128
86.6767
86.5234
85.7538
85.4086
86.8287
86.9849
84.3465
83.5598
85.2223
86.7269
88.1196
87.3121
87.0241
86.9063
86.2369
88.3591
89.5324
87.1065
85.6504
85.6374
85.936
83.4931
83.3985
83.0984
84.0548
87.3494
86.8251
86.9388
84.6053
86.8786
86.9932
86.8326
84.6073
82.8906
84.664
86.3948
85.514
85.0794
87.094
86.9716
85.2473
84.7727
85.083
85.4075
84.3314
85.0953
84.2715
83.5806
84.6008
84.1281
83.9755
83.3026
83.9182
85.3115
85.5638
85.6947
84.4145
86.3614
85.2333
85.8393
86.5539
85.919
83.3965
84.26
83.9259
83.5195
82.5807
82.7771
83.2421
85.1884
85.3919
85.3417
85.3272
86.7656
87.6271
86.3428
86.5359
85.8607
84.6719
86.1251
84.3775
83.1303
83.5658
83.6911
84.6249
86.6547
87.8595
85.0099
84.6347
86.0762
85.8511
86.9159
85.3088
85.5928
86.6587
88.0318
85.5708
84.2392
84.009
83.6948
82.116
82.8783
83.1759
83.5196
85.0529
85.7206
86.2809
85.8007
85.4432
83.7725
86.1828
85.6139
84.2623
82.4223
83.2896
83.209
85.8242
86.7847
86.3424
84.7321
85.1636
84.9721
84.4294
84.9691
86.4009
85.6292
83.0078
82.776
85.6947
85.487
85.5545
87.1065
86.4573
84.5293
83.8345
85.1456
85.871
86.0988
87.4466
87.1999
87.0321
86.8349
85.4911
84.1792
83.7667
85.9516
83.6577
82.0228
81.7673
83.1298
84.3545
83.6775
84.7316
84.0642
83.7746
83.3021
83.6095
82.6115
83.5522
83.5359
85.205
87.982
88.6888
87.252
83.5741
83.1042
84.3022
84.3755
84.9087
83.3476
82.7631
82.2831
82.0054
82.3829
82.4727
82.706
84.5321
84.4467
84.9867
83.2627
83.5463
82.7582
82.2929
84.0883
82.4165
83.4967
84.2557
84.5623
85.8658
85.9137
84.6089
83.3652
84.0999
85.8762
87.6299
85.8924
85.9128
85.7663
86.8109
86.1749
84.0298
85.2712
86.0036
87.453
87.3439
86.4814
86.9591
87.3114
86.0172
86.458
86.6853
86.1792
84.1899
85.3631
83.8328
83.412
83.8111
84.7559
84.8712
85.636
85.6283
86.8752
85.2095
86.4483
87.4426
87.961
86.928
86.3197
84.41
84.4059
84.2986
82.1899
82.267
81.4905
82.2305
84.9202
86.2073
84.0557
83.4223
84.8823
83.903
84.2575
85.2337
84.0147
84.7723
86.8359
86.3203
86.7202
84.3573
83.7975
82.9765
85.318
85.5213
85.0905
86.0822
87.3604
85.8155
87.6454
87.2498
85.631
85.4751
86.0614
85.0317
84.4919
85.8526
87.22
88.4542
87.2417
86.0561
86.5299
86.7803
86.1845
84.5085
87.5025
88.1787
86.9007
87.8239
85.689
84.3863
85.7809
85.1375
86.192
86.0592
86.2948
86.1709
87.4366
86.0121
84.9193
85.6524
84.4772
83.716
84.5827
83.6268
82.3164
83.9033
85.0223
86.2565
85.964
87.0953
86.9769
86.1827
84.6414
83.4633
84.2752
85.8381
88.0845
88.8885
88.854
89.0698
86.4454
86.253
86.2131
84.7666
86.6548
85.3612
86.2411
84.8824
82.7705
84.1338
84.9848
85.9953
85.7977
86.3334
86.4623
84.7273
86.6494
87.8137
87.8589
87.6109
86.512
85.1533
82.603
81.6717
80.8944
82.2162
84.6632
84.1694
84.2395
85.9681
86.4363
86.5628
86.8294
87.1235
87.6635
85.7002
85.2785
84.8423
84.261
82.9327
83.7199
83.9778
83.9226
83.2879
84.4449
85.2337
85.4632
86.0468
86.2933
83.9133
82.7216
82.0238
84.7682
88.3705
87.5398
86.6391
87.4546
86.0478
85.205
84.9298
85.8884
84.7554
82.9549
83.9606
83.8463
82.6308
84.6887
86.3298
85.2085
85.6405
83.9669
86.5436
87.4234
85.9447
85.2785
87.0393
85.2788
85.1274
82.4776
83.6916
84.403
85.9559
86.6442
86.8723
85.8154
86.5234
84.5932
84.9369
83.6236
83.7713
82.9661
84.3166
84.9838
86.0045
86.1708
86.167
84.7682
84.1361
86.0023
86.9167
85.5701
84.5374
84.04
83.5677
84.6787
85.7228
86.4575
84.8766
82.3653
82.5583
84.684
84.7058
84.1895
83.8965
84.4107
84.312
87.0509
86.5301
86.2155
84.7685
83.1174
85.0878
85.3128
85.024
83.6168
85.654
87.4169
86.8551
85.7294
83.9645
83.3119
83.4152
81.746
83.4689
85.9191
84.84
87.4961
87.1555
87.4678
88.8231
88.0092
87.3025
84.41
84.3156
85.8763
87.4481
86.849
85.0791
84.7195
84.7756
83.0459
84.4176
83.3224
84.5126
83.9273
83.9192
85.2666
84.8948
84.7039
84.4783
84.6716
85.5828
84.4408
84.4629
84.8068
86.296
84.2887
84.7213
84.0912
86.3589
87.2268
88.0128
87.3463
84.9575
84.8591
85.4844
86.6775
84.619
85.0971
84.9234
84.6922
83.7808
84.2982
84.2068
83.3787
81.4572
82.3938
82.4384
85.0317
86.2113
86.1773
86.1388
85.4783
85.3071
85.7963
83.9717
84.76
85.1659
86.7759
86.147
83.5623
83.0526
85.3202
84.3957
84.7154
86.7001
86.1863
86.0603
85.5525
85.8108
85.5131
84.4952
81.8854
83.8956
84.1491
82.8267
81.0323
81.4773
82.6104
82.3662
83.7388
82.9039
81.652
81.2324
83.1595
84.9401
84.8319
84.4587
84.8296
84.4103
85.8406
86.4322
86.2013
86.0186
86.4605
86.2406
87.0602
86.9171
85.9771
83.6023
82.9891
83.8923
83.8202
85.4928
84.7187
86.3715
86.1288
86.8909
85.9119
88.0797
86.6857
86.9597
86.6553
87.4483
84.6371
85.2214
85.0772
86.5308
85.9972
84.0804
84.6199
83.919
84.0808
84.4581
86.9141
88.7076
88.4923
87.9256
85.1254
83.8507
84.3073
85.2573
84.0809
84.9063
82.8447
83.1614
84.0257
85.3595
85.7761
85.5105
85.5694
84.8276
84.5391
85.0211
84.6598
84.2423
85.8349
86.4939
86.4128
85.0555
85.7163
86.6454
86.3133
86.0572
84.8047
83.9378
83.7013
83.7861
85.2646
84.9677
83.3744
83.1244
85.8239
85.4166
84.5841
84.4987
85.3543
85.1826
85.6655
85.2025
86.7915
87.3891
86.769
85.0707
86.8838
84.287
83.379
82.3042
83.0018
83.038
83.3563
87.0109
87.5413
89.8343
85.7547
85.4523
84.7333
86.4068
86.3633
86.2347
88.4308
86.0182
88.6354
85.099
84.1461
85.3713
83.771
83.6791
83.9653
83.5813
82.9756
82.526
83.0694
83.4407
83.1332
84.7587
85.3383
85.6127
85.3051
87.2303
87.4772
87.2556
85.6796
86.5341
87.7653
86.1339
83.8462
84.2898
84.8225
85.471
83.6167
84.1889
83.5424
84.8487
86.0358
86.808
87.7762
86.205
87.6038
85.9599
85.2316
84.7496
84.8956
85.1017
84.8413
86.3627
87.2448
86.3734
85.8052
86.2234
85.9867
86.5115
85.8893
86.6101
85.602
86.9995
85.1232
81.6957
81.9391
82.8632
83.7546
86.9073
85.8266
86.1992
84.5335
87.9182
87.1133
87.2662
87.9153
84.9215
83.8678
83.4295
84.3397
85.3674
87.4128
86.5666
85.7682
85.3754
86.7692
86.213
83.9807
83.7334
83.4688
83.0415
82.657
83.7165
84.6023
83.4734
83.9917
84.4063
83.6349
83.4623
83.255
81.6856
81.0884
81.3293
82.8014
82.798
83.7353
84.1623
82.6316
82.9664
83.7619
85.439
84.0043
83.794
84.9199
85.5019
86.6514
87.2673
86.4515
85.5136
85.3582
85.2921
86.0138
85.5967
84.703
84.0002
84.1744
84.4655
84.6683
87.6224
88.4302
88.1688
87.643
87.1898
87.9501
88.012
84.2338
86.09
86.0357
86.2513
85.6846
83.6706
84.3791
83.4988
84.4309
84.1635
84.3007
83.592
83.4153
84.0518
85.0694
84.8952
82.8095
84.0003
83.8516
84.796
85.1212
85.516
85.2482
86.8586
87.0869
86.6232
87.7855
87.3941
87.3584
87.082
85.2929
83.7746
82.4323
85.1726
86.3845
85.138
85.5421
85.4397
84.5066
86.1027
86.5084
86.1128
87.407
85.7446
85.2827
85.1115
83.7227
85.0207
85.7338
84.1043
84.4412
85.2984
82.8569
84.8977
85.5612
86.7632
88.2509
89.5051
87.168
87.2636
87.5528
85.3346
83.9813
82.9801
84.4338
84.8483
86.1412
88.0005
86.5973
83.9906
82.7393
83.1856
85.2327
87.1363
86.0642
84.689
85.5483
85.7912
86.4164
86.35
86.0107
85.3575
83.9193
82.9692
83.2198
83.2043
83.2897
84.6963
86.7742
86.8571
87.177
85.1131
85.0977
85.3985
85.1902
87.0669
86.5125
83.6599
85.7021
85.983
85.8434
86.5597
87.6312
86.801
84.9299
86.8665
86.1877
84.6293
83.9917
83.1905
82.1997
84.2689
83.2242
85.1828
84.9333
85.274
84.6465
84.1376
82.5832
83.3654
84.472
84.2001
84.8284
86.4147
84.3169
83.2685
84.2691
85.0474
83.4119
83.4308
86.053
84.0544
83.0039
83.1148
83.3844
83.3855
84.7946
84.7655
84.5921
85.1072
85.1603
84.2594
84.1783
84.9998
85.8641
84.05
85.7877
83.5277
83.3065
83.5831
84.8104
86.3923
85.2999
85.3786
86.3722
85.0675
83.7745
82.3428
82.7032
84.1598
84.5099
84.9763
85.7354
84.1192
85.0209
85.4314
85.5495
86.4909
84.2578
84.0095
84.6039
83.7923
83.2657
83.5131
85.0159
85.9996
87.6259
85.839
84.2494
83.9967
84.4944
84.9692
85.5349
85.8702
85.1028
83.677
86.595
85.2717
87.2216
85.0644
83.9173
83.9886
83.1363
83.8729
84.2324
84.2224
83.3115
84.0928
81.9789
82.7647
83.2443
85.6728
86.4678
83.5625
82.983
84.7992
83.9204
85.2638
86.3685
86.0568
86.2473
83.7652
85.2066
84.4
85.6906
84.648
84.6202
85.2173
85.1613
86.6124
86.0108
85.3853
82.0439
82.8201
83.6356
85.202
84.58
84.3505
84.7246
86.0164
84.4662
85.0689
84.5281
83.8345
84.3231
84.6657
83.7222
84.3479
84.5027
84.0379
85.4203
82.7391
84.9787
84.4475
83.7236
85.1003
85.1895
86.3597
85.0282
84.7262
85.6133
84.5741
85.7578
85.1675
84.6936
86.1651
85.8638
87.8214
87.2773
86.6915
87.0665
86.6466
84.3832
83.2726
83.3685
84.4754
85.5088
85.6372
85.2091
87.1881
86.2787
88.7607
87.6944
85.4159
84.6613
85.4798
84.4382
85.5043
85.0879
83.3878
83.7109
83.8831
84.1093
83.399
81.2332
84.7346
87.7918
89.1731
86.6616
85.662
85.6975
85.1978
85.0121
85.0074
85.0528
83.9048
83.9584
85.5583
86.1482
87.5339
87.2808
85.4935
83.1551
84.1772
84.2191
84.04
85.502
84.6585
84.9393
85.9191
85.932
85.4885
85.2812
84.0718
84.5896
85.8084
86.3904
84.3415
83.8158
82.1522
83.8341
85.9814
84.6848
85.8748
87.396
87.7489
86.1059
85.754
85.022
83.0811
83.6548
83.5872
83.1657
84.427
82.6873
81.0814
80.303
80.6886
81.0674
83.3765
82.7222
83.2256
83.3313
83.0511
86.2115
86.4863
85.4073
86.9547
86.6854
85.8413
84.6348
83.777
84.7559
84.7651
86.0656
82.9592
84.4429
83.4494
84.2074
85.5388
86.1331
85.4797
86.2009
86.4984
85.7537
85.4787
84.4158
85.0718
85.2652
84.9545
86.399
86.8824
85.9905
86.6489
86.8909
87.4167
88.6548
86.6279
85.8856
85.9083
86.8759
87.6253
88.545
87.7876
85.3689
83.8044
84.0628
84.2011
83.9371
84.1652
85.3212
85.8199
85.4416
84.6802
87.1623
86.8037
84.9593
83.4595
83.2939
85.5328
86.1108
84.7615
82.8372
80.898
83.8906
84.6255
84.4424
83.4703
83.3195
84.5042
87.2195
85.4979
81.8751
83.9603
83.8043
84.5726
85.0473
84.3577
84.008
84.402
84.7986
86.0186
88.3247
86.7821
85.022
85.4756
86.0889
84.5926
84.7107
84.5313
83.5588
83.4705
82.9805
84.494
84.9995
84.5202
84.0522
84.9899
84.7163
84.564
84.0507
83.4749
83.9286
83.6271
84.4789
85.8693
84.7605
83.97
84.5996
83.4463
82.1008
82.8628
84.1942
85.5178
82.4588
82.7807
83.3241
83.7891
82.7971
82.8764
82.9657
82.7837
84.6018
81.8737
84.0536
84.8403
86.732
89.1416
87.3851
87.6838
85.4216
84.8562
86.2144
85.8828
85.2079
83.2928
83.5624
81.7325
83.2207
85.2957
86.0443
85.0678
85.7835
85.0035
85.5671
86.2138
87.5335
89.31
89.4682
89.7995
86.5882
86.1349
84.5935
86.0607
85.0726
84.6136
85.2266
85.4963
86.7834
86.3536
83.9109
83.7279
83.5323
84.4787
84.9543
86.2139
86.1112
85.6956
87.5901
88.2951
85.9068
83.174
83.2456
83.4153
83.6844
82.6123
84.0075
84.5666
84.4877
84.676
86.9086
88.9882
86.8693
86.861
85.3917
85.0639
85.8143
85.3147
83.5951
84.786
86.1031
85.9778
86.8526
85.2289
84.2525
84.6942
84.2441
86.329
86.4563
85.2547
85.1475
83.563
84.938
85.2917
85.6622
85.7322
87.6922
88.148
85.682
86.3555
86.2767
86.1548
84.9771
84.7245
84.8619
83.7359
88.4173
86.4508
88.7297
88.5541
86.5774
86.9178
85.9129
86.609
85.6373
84.9376
83.4466
84.8744
85.3266
86.2173
87.9193
86.0744
84.8866
84.2156
85.7571
86.3124
85.9494
87.4092
84.9899
85.6898
84.5807
85.8934
85.5301
86.5535
85.0713
86.3367
86.1686
85.7327
84.0694
84.4558
85.3852
83.765
84.1582
85.4521
85.8753
82.7338
83.4486
82.2914
83.686
82.203
83.5107
85.0449
84.2311
84.3148
82.6217
83.131
83.3079
84.9355
84.7524
83.0571
82.8565
84.9179
83.0705
82.8542
84.6939
83.8003
83.8093
83.8126
84.0184
84.9602
83.5709
83.1354
85.8247
86.0255
87.046
86.6478
86.8941
84.1382
85.3393
83.462
84.4979
84.1347
83.6614
84.5629
84.9273
84.8253
84.8478
83.3762
83.3259
83.7672
86.3723
85.8047
85.8367
86.4507
86.1276
86.4217
84.9286
86.5312
85.6482
84.9844
84.864
83.4619
84.946
85.3931
84.1877
84.068
86.0282
85.6848
86.307
85.1048
84.1067
83.9946
84.0183
84.9816
84.1735
83.9029
85.0937
87.1223
88.1055
87.5811
84.7311
84.7666
86.151
89.144
88.0224
82.4533
82.8566
83.9276
85.3281
86.8932
86.7952
86.6829
83.246
84.7675
84.2861
84.5763
82.1027
82.0368
82.785
82.0776
82.3077
85.3216
83.6234
85.1248
84.797
84.249
82.502
82.131
81.5063
84.7026
84.5553
82.3893
81.5852
82.593
83.7107
84.9666
84.9613
85.8203
86.1996
87.3061
86.5504
87.194
85.0358
85.9566
86.2436
86.3629
85.9245
84.9763
83.2872
83.0067
83.4037
84.5726
82.2689
84.0761
84.4015
85.6041
85.7237
85.4524
86.656
85.3929
86.3537
87.2842
85.4719
86.3019
85.8701
86.0847
85.7084
85.6043
85.5379
83.9337
83.8735
84.1007
84.1067
85.7888
84.758
83.4797
82.9198
82.7806
81.2923
82.4819
81.7638
82.5717
83.7557
84.0852
83.2625
83.673
84.5997
84.6871
83.5827
82.9755
85.1911
85.1245
86.5977
86.3303
85.163
85.1516
85.7595
87.9651
86.7562
84.155
83.8891
85.068
85.2636
84.553
85.5284
83.4319
82.407
83.7869
85.2318
84.7098
84.6626
84.3634
84.3073
85.2263
83.5308
83.768
84.0597
81.8099
83.1226
82.6063
83.4023
84.2078
87.045
85.346
85.6353
85.3226
85.2245
84.0496
83.0795
83.9559
81.8554
81.9716
83.8223
82.6817
81.3138
82.0999
83.1361
82.8463
83.9476
84.2699
84.4474
85.4385
82.091
82.3693
84.084
82.7403
84.3283
84.599
84.539
85.1069
84.8097
84.785
86.0301
85.72
84.3733
83.9547
84.7518
84.042
82.9011
84.5888
84.3495
84.2848
84.4989
84.6477
84.3936
82.8774
81.9758
83.9604
84.2051
84.9015
87.1115
85.9446
83.916
83.6584
84.1857
83.6435
84.3411
85.4294
86.2856
86.7609
85.2173
83.4883
83.2875
86.2289
86.5133
86.5117
86.9668
85.7009
85.7331
85.8053
85.7762
87.9673
90.2723
88.3086
88.0007
86.9935
87.1511
87.0348
86.479
85.0131
83.8832
84.1529
84.7328
85.3465
86.6221
86.1755
85.7481
84.8895
87.2791
86.7042
85.6488
84.6139
83.8396
82.8225
82.2878
83.6031
84.2394
88.1546
88.6618
88.1637
88.7798
85.4195
86.0226
86.1496
84.7229
83.5981
83.3015
83.7689
84.7609
84.7115
85.3374
84.3374
82.7744
84.477
86.4087
86.795
86.0537
85.2691
84.701
83.7079
84.147
82.8325
84.8165
85.2539
86.9116
85.0295
84.5737
85.6051
84.0912
86.4341
87.0805
84.9837
84.0487
83.1633
84.4207
85.4596
82.9129
82.9213
82.8714
85.7431
86.4414
85.7009
84.6653
84.804
84.5546
84.4628
83.7072
82.7807
83.0503
84.9546
82.9774
82.745
83.0377
82.584
82.0822
80.9258
81.2505
83.687
84.5153
84.233
84.4003
85.7817
85.337
83.5158
80.7946
81.5821
83.7009
85.5814
85.5764
86.4581
87.7497
87.0892
86.5266
87.8532
87.9385
88.2316
88.5521
88.0874
86.4733
85.7337
85.5999
86.6064
85.9216
85.3861
86.037
85.0017
86.8526
84.8762
86.1007
86.8667
88.5163
87.5418
88.5592
88.2072
85.9335
87.2089
85.4625
84.8213
83.7364
83.2039
83.5327
85.3985
84.9963
85.2451
84.6043
83.9335
85.1083
85.076
86.6297
87.3869
86.7255
86.6217
84.2971
83.6851
84.3487
83.6486
85.1414
86.6371
87.8242
87.6334
83.456
85.4307
85.7307
86.8162
87.5221
87.0567
85.4335
84.0166
84.1181
85.1934
84.038
85.4393
85.4553
83.9372
83.6247
84.4192
83.2337
84.5531
85.1937
87.8271
86.5912
85.9678
86.3683
85.1754
84.3176
84.1523
84.8446
84.3671
83.3702
81.6051
81.9286
82.5089
82.6837
85.4187
85.7273
85.6683
85.5286
86.7643
87.8605
87.0112
86.9589
86.2896
84.5233
84.5729
85.8958
85.7424
84.3896
85.0665
83.543
85.0622
86.1576
85.1195
82.4178
82.323
83.1667
83.3284
85.7394
84.1653
85.6509
86.7389
87.8913
88.5838
88.9626
86.3259
82.9768
81.1247
82.2972
84.1936
85.3987
85.4654
87.4662
89.2781
86.651
85.0017
84.4307
82.9608
84.1853
84.1008
85.2803
84.6948
84.3052
86.7807
86.1277
85.1399
84.4231
85.0722
85.0414
85.4563
85.0584
84.67
86.1092
85.765
87.5446
86.7682
86.2173
86.0571
85.3642
85.8609
87.1889
85.7385
84.8037
85.4183
84.1083
84.6947
85.2943
86.0755
85.6761
85.6196
83.361
84.5077
85.3252
85.3257
86.7554
86.2578
84.3916
82.8328
86.9504
86.8138
87.7386
86.6382
85.5439
85.6791
85.8978
84.6526
86.022
86.2131
85.469
85.697
82.5643
83.7794
84.5311
83.1792
84.6452
85.192
86.583
87.833
86.3967
85.2225
85.8578
86.6675
87.8929
86.2131
84.5334
85.2033
86.6929
86.4659
87.8424
87.0945
88.4567
86.4965
85.914
85.4401
87.2658
87.5944
89.3553
89.3465
87.802
87.5129
87.2806
85.2559
85.0502
86.004
85.6414
85.0266
86.9565
86.8411
87.1363
86.7309
86.8785
86.3764
86.5805
87.8486
86.4641
85.0898
84.9023
87.4521
85.8382
86.9792
86.0131
84.8092
88.3499
87.1378
85.4501
85.9798
87.7287
86.618
83.3411
83.5465
84.0342
84.4919
82.8999
82.8454
82.7588
83.4259
82.6759
82.4213
83.1911
84.938
86.2334
87.408
86.7358
86.7993
87.8135
86.222
85.0365
84.8228
86.7395
89.4042
86.718
86.0495
84.7427
85.9704
84.341
85.7124
84.0082
85.5049
84.7437
85.9786
84.6189
85.9746
84.1613
85.0408
82.3406
81.6101
81.3645
80.073
80.7501
84.1599
85.7458
86.0899
84.2491
84.8622
84.0668
84.1699
84.9328
85.7015
85.6168
85.8633
86.0838
86.798
83.4842
82.8989
81.7023
84.0039
83.997
83.6037
85.5142
86.8002
83.5153
84.7331
84.1573
84.8619
84.9428
84.5015
85.1508
84.3003
82.2952
80.0323
80.387
85.0733
84.5253
84.0711
83.24
83.1467
84.0678
83.4936
84.9676
85.5695
84.7134
83.694
87.1093
86.8916
87.6919
86.6554
85.4984
84.2738
86.0731
87.183
84.7839
84.6279
85.675
85.3958
82.6814
84.0604
83.2646
83.0248
83.7783
84.2316
84.4854
84.5929
86.0139
87.3015
85.649
85.0222
87.3087
86.228
85.8437
86.0774
84.8368
83.4897
82.1962
83.8016
85.2067
85.506
85.6212
87.3457
85.5809
83.6584
85.3464
84.5831
84.3889
84.4156
86.4239
84.2073
85.0309
83.2544
84.2913
85.3171
84.1298
84.3684
84.0868
83.8291
83.2665
84.635
85.2506
86.0897
85.2482
83.555
82.6799
84.922
84.0047
84.3286
86.5281
86.7533
86.385
82.455
85.0905
85.4692
85.4547
86.4171
87.8632
87.0885
85.7068
88.149
87.3445
84.2258
83.5145
85.6527
85.2385
84.1566
84.4691
84.9231
86.1454
86.675
87.2194
83.9386
84.4773
85.5846
83.8954
84.7053
84.9134
83.7229
83.3637
85.4708
85.2189
83.7257
83.441
86.5123
86.8568
85.0008
85.6848
85.2498
86.0428
85.9927
84.6348
84.6256
85.8801
85.7674
86.4658
86.1229
84.0963
82.6195
82.1292
82.6719
83.5907
84.3601
86.3342
85.8284
81.5176
80.8026
81.6046
83.8472
83.2115
84.2695
83.6739
85.2526
85.5508
84.394
83.7286
85.7439
86.6503
86.115
86.2606
86.9042
86.5238
85.1079
84.7609
85.4403
85.7281
86.6223
84.7925
83.4534
84.1264
84.9062
85.9043
86.7544
87.2736
85.1252
85.2882
84.5302
85.6103
86.6686
84.5217
86.3962
85.2991
85.3574
84.5291
86.7468
88.5703
87.6871
87.9723
84.5736
85.0444
83.2849
84.0628
84.3024
86.2114
85.2368
85.1254
84.9756
85.6556
84.1269
83.7689
84.9094
85.8013
87.1332
85.5562
85.78
87.6574
85.8951
87.3151
86.8482
88.394
87.9341
88.4534
87.7565
87.0604
86.8971
85.8845
87.0874
87.4752
86.6525
85.1353
83.3379
82.439
85.242
87.009
86.9401
84.9908
84.114
82.7848
83.6023
83.4991
83.8216
84.3246
85.2411
85.3755
84.2127
84.8178
85.0792
86.2766
86.1342
85.826
85.628
83.349
84.0368
83.6912
85.3205
86.5352
86.6732
83.2747
84.4411
85.5133
86.3083
84.4472
84.7685
86.3438
84.4159
84.0379
85.8807
85.8239
85.6367
85.2379
84.0361
81.4982
83.0737
83.8357
84.4737
85.508
83.212
85.6664
84.8651
85.3911
84.6529
83.8125
83.8176
83.9275
83.5966
83.4517
84.559
83.9727
84.3188
85.9422
86.3896
85.5681
84.8634
83.7961
84.5911
85.687
86.2296
87.4156
87.5103
86.2726
84.7211
85.8581
84.6264
85.4245
85.6426
84.8126
84.2641
85.4268
85.7335
86.5242
85.0319
84.5612
84.8077
85.3659
85.2449
84.5726
84.5626
84.5915
84.9135
85.2716
84.2129
83.5004
82.6773
82.8784
82.5981
83.1328
81.0302
82.5813
83.7784
82.443
84.5334
83.1831
81.3007
81.6346
85.223
85.773
85.3632
86.2978
87.3018
87.6695
85.2909
81.6019
82.7437
83.0911
84.505
84.9526
83.0386
84.3239
85.3609
85.1965
84.5431
85.8463
86.2767
86.9977
85.6966
82.9337
83.986
82.9357
84.3187
83.4585
84.2507
84.2996
84.7561
85.4123
85.4341
86.2074
85.8311
82.6064
83.115
82.8739
83.5284
85.1577
82.8806
83.6407
83.4007
83.5467
83.3824
85.2419
84.7934
83.5913
84.9201
87.2182
86.5062
86.4814
84.817
84.2796
84.9035
87.1403
86.3431
85.6128
85.2466
85.4338
84.4351
83.7969
84.4561
86.1752
85.6298
84.7382
86.6773
86.8836
87.4478
87.5445
89.3867
88.4137
87.0385
86.9217
86.3662
85.1457
84.6056
86.2393
86.236
84.3081
84.4304
86.7145
85.969
85.6681
83.6396
83.0117
83.4536
86.0184
84.5473
83.3689
83.7512
84.2112
86.1298
86.9568
84.327
86.5255
84.7908
82.3726
83.1011
82.9451
83.7552
84.2201
83.4003
85.0041
83.3543
85.4512
84.7246
83.6492
82.6738
83.801
84.0373
84.6708
86.1155
84.724
84.525
84.8157
84.0004
84.5337
85.2968
84.819
84.6083
83.5289
86.3974
85.0247
84.7651
85.4557
87.9526
88.53
88.2849
84.9322
83.2684
82.6969
83.3347
83.0605
83.8557
83.9747
84.1183
83.8017
83.7099
84.0782
84.7226
86.0629
86.4484
86.8203
85.7516
85.5689
86.3438
84.6897
84.417
82.9101
84.1097
83.9425
83.994
85.9198
84.4035
85.4519
84.3402
84.9544
87.0386
84.9097
85.1638
83.7412
84.8972
83.3763
84.5665
84.2252
85.5231
84.0545
83.5482
85.0773
85.9931
86.0166
84.7655
85.0505
86.0384
85.5545
85.5947
84.1259
85.0474
85.8344
84.1561
85.3008
84.9542
84.3166
83.3672
83.7637
83.5944
84.4871
85.1375
83.7625
84.745
84.0892
85.5746
84.393
84.3626
85.8143
84.531
85.9225
86.4223
84.8468
83.3952
83.4152
83.9046
84.6468
83.38
83.0833
85.0526
87.4967
88.3175
87.0692
84.2026
84.1156
85.5395
87.5061
89.2807
87.1418
84.9315
80.5471
81.6709
83.3814
83.4164
82.5184
84.8499
85.3225
86.1418
86.3113
84.3125
83.0267
84.0008
82.3492
84.33
85.2681
84.2913
84.2334
83.8084
84.329
84.9045
85.3216
82.7325
82.0953
83.6565
84.7394
86.2906
87.4116
85.7813
87.4589
88.9058
88.6942
87.849
87.6109
87.0458
84.5849
85.4972
86.0499
84.091
87.8495
86.726
85.6749
86.7574
86.3891
86.652
86.8205
84.435
85.0518
85.1689
86.3301
86.1664
86.4153
84.6617
82.2774
82.2035
83.0756
83.9004
85.892
85.2145
84.4164
83.4981
81.6927
80.8587
80.0473
82.543
83.4913
82.4418
82.8122
83.1891
84.0227
84.855
87.7008
86.7843
85.6488
85.2904
85.3325
84.9243
85.6515
85.0684
86.4912
86.3554
84.3629
85.2725
82.6143
84.2438
83.0383
85.1454
83.9271
82.4565
85.1092
86.6612
85.6883
83.6777
86.5501
86.936
85.7114
85.4506
83.9412
83.5049
82.2674
82.621
84.3096
86.5056
84.6694
83.8752
85.7053
85.5143
83.84
85.6955
86.0236
87.4292
85.4321
86.4749
87.112
87.0122
88.0469
87.0349
82.7679
81.5738
83.2627
83.6659
81.1565
82.1213
83.8553
84.7035
84.1362
83.9698
84.2454
87.2489
86.2058
87.0326
86.9772
85.3139
83.5498
83.7475
85.3651
85.1029
86.8878
84.5657
84.9676
85.4176
85.85
86.1056
85.5321
84.362
85.208
87.5007
87.8677
88.7768
88.5031
85.242
84.8855
85.3329
84.5493
85.3248
87.531
87.2933
87.7137
88.2789
87.0431
84.922
83.7868
84.2813
85.9343
87.0358
87.1509
85.2829
85.9019
84.3484
86.4298
87.3614
87.094
87.3673
85.9529
84.8604
84.0973
83.8787
83.1287
83.6602
83.4803
84.8059
83.7763
85.0547
86.9008
88.3976
88.1393
86.4733
87.4931
87.5009
86.2558
85.5303
81.9944
82.2304
83.0732
84.3482
84.1487
84.7707
82.6442
84.4029
85.6955
87.1187
86.065
84.7337
82.8851
82.4938
82.5311
83.8105
84.1119
82.1855
83.2872
83.1831
84.3745
86.1409
84.2688
85.1577
86.1142
86.8101
87.7745
86.6544
87.3122
88.3207
86.4266
85.8235
84.1302
85.6718
88.1093
85.0105
84.6783
84.84
83.9669
84.8244
84.2995
84.2985
84.9477
84.9062
82.8153
83.9427
83.7798
84.1203
83.8452
83.0669
84.4141
85.1473
82.2204
83.4771
84.9253
83.4537
83.7509
84.0342
83.9478
82.5671
82.9514
83.6883
86.5963
85.6247
86.1076
85.5324
86.3189
86.5106
82.2279
83.2561
83.5272
84.9118
86.7216
85.381
84.6472
83.0523
82.2289
83.2158
82.7934
85.7212
84.6876
84.5436
85.7734
86.274
86.2833
87.1477
88.9747
88.2125
89.3628
86.7083
83.9339
83.8669
83.6361
83.0222
83.6921
83.0876
84.5823
85.1256
87.7048
87.8729
89.4272
87.8111
85.2182
86.4375
86.107
84.2028
84.7475
86.3893
86.2213
84.3215
84.394
82.7668
84.8015
83.4984
83.5967
82.8816
84.2327
85.65
86.098
84.9133
85.9762
86.5375
88.6425
86.9766
86.281
85.5411
86.207
87.116
89.4547
89.0601
87.5641
86.7429
85.5481
84.8083
87.0806
85.7855
84.3019
84.2492
83.6615
84.3063
85.4352
85.4958
85.5591
86.5922
87.0336
85.8758
85.6417
84.9031
86.172
84.3228
85.5745
84.1025
83.1947
84.6321
85.3444
86.8887
86.0378
85.3244
86.9965
85.8571
84.4786
84.3069
84.2006
84.7467
85.6319
85.5922
86.2004
85.1333
85.0493
84.8708
84.079
83.6026
84.5027
84.3419
83.405
82.9631
82.9904
82.9484
81.9936
82.6706
83.6905
85.0814
85.0284
86.4689
85.7952
84.1401
82.9478
83.5992
83.3533
85.2461
87.7644
86.5151
86.8959
87.1947
85.6211
83.5463
84.9846
84.9877
86.7249
86.3595
84.946
84.6723
84.7202
83.0016
84.7648
82.9095
84.7629
87.3816
85.9893
85.009
84.3123
83.7423
85.6466
83.3337
83.5442
84.0895
84.1535
85.9272
84.0089
84.734
83.973
83.8236
82.5629
82.9478
83.1841
82.0103
82.0354
84.5677
83.8201
83.1156
85.0271
85.1651
85.615
84.5049
84.6274
85.8804
87.0448
86.3331
85.1934
86.6185
85.7141
86.2463
86.7452
87.7679
87.9059
88.5724
87.6927
88.4348
86.8233
86.6753
86.5315
85.2317
85.1326
85.3261
84.8086
83.3808
84.3264
84.0467
84.9572
84.8792
84.699
85.2821
85.2907
87.3871
87.1117
86.7503
86.6433
85.3945
85.6748
84.9093
83.7766
83.3911
84.6837
85.2501
87.249
86.8436
85.5235
84.9584
84.3751
83.0215
83.7914
83.7774
84.544
86.348
85.1605
84.0137
84.2294
84.9838
85.7455
84.5657
84.9745
84.3682
83.6642
83.019
84.7733
85.6738
85.0974
86.1792
85.1501
85.2754
83.9938
84.7159
82.5322
81.6657
83.285
84.7277
85.0133
86.0011
84.9442
85.46
84.576
85.8542
84.3784
85.8505
84.624
84.0568
84.1589
86.8416
87.4592
87.4068
85.9986
85.1612
87.6421
87.4452
85.3909
84.1424
83.3538
83.2499
81.8144
83.6231
85.4093
86.1085
85.0093
86.1696
87.1987
87.5588
87.8405
87.237
87.5319
83.3565
84.1716
85.1013
85.7343
85.312
85.0921
85.1717
87.0702
85.5321
87.0713
86.0094
85.8874
86.104
85.7108
85.8796
86.6066
86.0128
86.3923
85.211
85.5046
87.1209
87.655
86.6833
84.833
85.2965
84.0361
85.5356
84.3526
84.1815
84.0931
86.0269
85.1459
85.3996
86.9341
87.75
86.0314
84.7851
86.0813
84.2777
84.3299
83.0605
82.7245
82.6678
84.3931
83.6255
83.5587
83.274
82.0267
82.1683
83.0516
84.3547
84.5882
86.5515
86.7805
84.3927
85.2019
84.6229
82.8822
83.3169
83.1048
84.122
83.286
85.1146
84.6685
84.4482
83.9882
84.0408
84.7973
86.3444
84.8515
84.3617
84.349
83.3605
84.7425
83.5942
83.9165
82.729
83.3083
83.9948
85.6489
85.7952
85.6686
85.6414
85.248
85.0294
87.086
87.2144
87.3154
88.8005
87.1958
85.0515
83.8779
84.159
86.1739
86.9674
86.9135
86.8396
87.4424
87.8564
85.9858
85.362
87.7893
87.7405
87.7194
86.0554
86.5504
85.7191
85.4474
85.2791
84.1377
84.5704
85.9729
86.7722
88.8163
90.9846
87.1485
86.1218
85.531
83.5187
85.2298
84.5104
84.6289
84.0107
85.5089
84.2486
84.2991
85.2816
85.0356
84.9673
84.3431
83.5458
85.2701
84.4534
85.7098
83.9613
83.7789
84.5753
82.5135
82.6653
82.2082
83.1777
83.2841
86.1816
88.02
86.6029
85.2109
84.0031
84.7232
85.2675
86.5966
85.6308
85.9232
86.8285
87.5325
88.7406
86.6745
85.646
83.7048
79.6321
79.7356
82.1902
83.1661
85.3717
84.8855
82.7275
83.4984
84.7289
83.7036
83.5679
83.149
82.5909
83.9808
84.2358
81.8087
81.591
83.858
84.0798
82.232
81.7155
82.5202
83.4457
85.3864
85.9481
86.79
86.3493
86.7964
88.2854
88.5259
88.1936
87.8274
85.6164
84.6146
